030924 062443|28.515
030924 062608|28.515
030924 070425|29.01
030924 070639|29.09
030924 070752|29.035
030924 071055|29.09
030924 071257|29.085
030924 071523|29.2
030924 071547|29.215
030924 071636|29.275
030924 071725|29.23
030924 072443|29.115
030924 072633|29.12
030924 072722|29.11
030924 072911|29.105
030924 072923|29.1
030924 073137|29.05
030924 073226|29
030924 073250|28.96
030924 073731|28.92
030924 074147|28.97
030924 074351|28.98
030924 074415|28.9
030924 074427|28.85
030924 074730|28.75
030924 074754|28.74
030924 074932|28.75
030924 075626|28.76
030924 080522|28.6
030924 080800|28.65
030924 081140|28.565
030924 081152|28.49
030924 081216|28.47
030924 081241|28.3
030924 081253|28.295
030924 081305|28.17
030924 081317|28.125
030924 081329|28.18
030924 081354|28.185
030924 081543|28.37
030924 082106|28.35
030924 082344|28.43
030924 082800|28.59
030924 082836|28.65
030924 082925|28.725
030924 083038|28.57
030924 083619|28.435
030924 083834|28.475
030924 084604|28.445
030924 085145|28.8
030924 085157|28.795
030924 085234|28.845
030924 085258|28.95
030924 085436|28.94
030924 085613|28.78
030924 090005|28.65
030924 090207|28.68
030924 090243|28.69
030924 090408|28.63
030924 090421|28.58
030924 090534|28.6
030924 091316|28.57
030924 091442|28.52
030924 091454|28.5
030924 091518|28.33
030924 091543|28.29
030924 091619|28.2
030924 091632|28.15
030924 091644|28.1
030924 091656|28.19
030924 091732|28.1
030924 091757|28.05
030924 091910|28.055
030924 091922|28.02
030924 091934|28.015
030924 091947|27.95
030924 092011|28.02
030924 092100|27.91
030924 092124|27.81
030924 092237|27.8
030924 092314|27.86
030924 092350|27.77
030924 092402|27.8
030924 092439|27.86
030924 092552|27.865
030924 092604|27.83
030924 092616|27.8
030924 092653|27.77
030924 092742|27.76
030924 092806|27.7
030924 093008|27.85
030924 093045|27.93
030924 093057|27.86
030924 093121|27.875
030924 093601|27.95
030924 093613|27.94
030924 093626|27.9
030924 093638|27.87
030924 093827|27.84
030924 093940|27.935
030924 094041|27.9
030924 094130|27.84
030924 094154|27.8
030924 094207|27.79
030924 094457|27.865
030924 095103|27.83
030924 095127|27.8
030924 095531|27.83
030924 095543|27.75
030924 095555|27.7
030924 095644|27.745
030924 095822|27.76
030924 095923|27.665
030924 095947|27.6
030924 100011|27.56
030924 100036|27.555
030924 100100|27.48
030924 100112|27.49
030924 100124|27.47
030924 100137|27.4
030924 100201|27.35
030924 100213|27.37
030924 100250|27.395
030924 100314|27.39
030924 100351|27.4
030924 100403|27.405
030924 100528|27.4
030924 100730|27.43
030924 100754|27.36
030924 100806|27.35
030924 100944|27.4
030924 100956|27.37
030924 101057|27.35
030924 101109|27.32
030924 101134|27.3
030924 101146|27.26
030924 101158|27.255
030924 101222|27.285
030924 101235|27.25
030924 101348|27.39
030924 101400|27.4
030924 101501|27.3
030924 101550|27.305
030924 101751|27.3
030924 101816|27.265
030924 101917|27.25
030924 101941|27.27
030924 101953|27.22
030924 102017|27.2
030924 102155|27.25
030924 102231|27.245
030924 102256|27.215
030924 102308|27.23
030924 102522|27.3
030924 102623|27.33
030924 102700|27.345
030924 102825|27.39
030924 102837|27.395
030924 102926|27.32
030924 103014|27.3
030924 103027|27.25
030924 103103|27.265
030924 103128|27.29
030924 103354|27.25
030924 103406|27.2
030924 103644|27.275
030924 104024|27.2
030924 104048|27.245
030924 104149|27.305
030924 104225|27.25
030924 104338|27.305
030924 104415|27.25
030924 104516|27.22
030924 104604|27.245
030924 104629|27.2
030924 104717|27.16
030924 104730|27.15
030924 104742|27.11
030924 104831|27.12
030924 104855|27.15
030924 105045|27.155
030924 105109|27.17
030924 105121|27.16
030924 105246|27.12
030924 105323|27.14
030924 105347|27.135
030924 105513|27.13
030924 105537|27.1
030924 105601|27.11
030924 105613|27.075
030924 105626|27.13
030924 105650|27.025
030924 105702|27.06
030924 105714|27.055
030924 105904|27.02
030924 105941|26.96
030924 110005|27.01
030924 110054|27.07
030924 110219|27.075
030924 110243|26.99
030924 110256|26.95
030924 110308|27.015
030924 110409|27.065
030924 110510|27.13
030924 110611|27.15
030924 110623|27.12
030924 110825|27.085
030924 110926|27.14
030924 111039|27
030924 111051|26.99
030924 111152|27.035
030924 111216|27.02
030924 111342|27.085
030924 111406|27.06
030924 111507|27
030924 111632|27.12
030924 111657|27.095
030924 111709|27.055
030924 111745|27.085
030924 112024|27.165
030924 112100|27.195
030924 112137|27.17
030924 112250|27.24
030924 112440|27.2
030924 112654|27.26
030924 112718|27.3
030924 112920|27.4
030924 113057|27.39
030924 113247|27.38
030924 113437|27.34
030924 113804|27.31
030924 113917|27.35
030924 113941|27.34
030924 114635|27.435
030924 114748|27.42
030924 114813|27.39
030924 114849|27.4
030924 114926|27.425
030924 115015|27.35
030924 115027|27.28
030924 115608|27.34
030924 115709|27.36
030924 120404|27.58
030924 120553|27.555
030924 120654|27.61
030924 120706|27.63
030924 120718|27.6
030924 121046|27.66
030924 121122|27.7
030924 121146|27.725
030924 121211|27.71
030924 121312|27.65
030924 121348|27.73
030924 121615|27.77
030924 121716|27.82
030924 121841|27.75
030924 121930|27.765
030924 122220|27.85
030924 122257|27.9
030924 122600|27.87
030924 122701|27.83
030924 122951|27.87
030924 123040|27.9
030924 123052|27.94
030924 123104|27.935
030924 123646|27.665
030924 124251|27.71
030924 124404|27.65
030924 124655|27.6
030924 124719|27.58
030924 124808|27.57
030924 124909|27.51
030924 125135|27.515
030924 125147|27.2
030924 125159|27.39
030924 125224|27.2
030924 125236|27.05
030924 125248|27
030924 125300|26.93
030924 125312|26.9
030924 125324|26.83
030924 125337|26.8
030924 125349|26.84
030924 125401|26.885
030924 125413|26.75
030924 125450|26.7
030924 125551|26.65
030924 125639|26.6
030924 125817|26.76
030924 125829|26.71
030924 125841|26.89
030924 125930|26.94
030924 130019|26.75
030924 130031|26.82
030924 130043|26.7
030924 130120|26.59
030924 130132|26.7
030924 130144|26.715
030924 130156|26.66
030924 130208|26.645
030924 130220|26.59
030924 130245|26.52
030924 130257|26.59
030924 130333|26.56
030924 130346|26.515
030924 130422|26.575
030924 130434|26.495
030924 130447|26.545
030924 130511|26.52
030924 130612|26.5
030924 130636|26.46
030924 130648|26.51
030924 130701|26.525
030924 130713|26.35
030924 130725|26.34
030924 130737|26.345
030924 130826|26.36
030924 130838|26.52
030924 130850|26.26
030924 130902|26.24
030924 130915|26.215
030924 130927|26.12
030924 130951|26.38
030924 131028|26.025
030924 131052|26.165
030924 131153|26.13
030924 131205|26.12
030924 131217|26.095
030924 131230|26.075
030924 131306|26.01
030924 131318|25.945
030924 131331|25.965
030924 131355|26.105
030924 131508|26
030924 131621|25.935
030924 131633|26
030924 131710|25.9
030924 131759|26.02
030924 131811|25.895
030924 131823|25.93
030924 131835|25.845
030924 131847|25.83
030924 131900|25.845
030924 131924|25.8
030924 131948|25.835
030924 132013|25.75
030924 132025|25.755
030924 132049|25.7
030924 132113|25.945
030924 132126|26.12
030924 132150|26.1
030924 132214|26
