030924 062444|49.56
030924 062609|49.56
030924 070443|48.985
030924 070507|48.93
030924 070645|48.885
030924 070657|48.95
030924 072324|48.7
030924 073309|49
030924 074700|49.3
030924 074724|49.36
030924 074801|49.38
030924 075127|49.39
030924 080452|49.5
030924 080504|49.53
030924 080653|49.5
030924 081020|49.675
030924 081033|49.645
030924 081222|50.03
030924 081234|50.1
030924 081311|50.53
030924 081424|50.42
030924 081436|50.39
030924 082059|50.1
030924 082451|49.9
030924 082640|50.01
030924 082806|49.67
030924 083020|49.65
030924 083109|49.72
030924 083500|49.93
030924 083512|49.965
030924 083613|49.98
030924 083638|50.12
030924 084041|49.885
030924 085102|49.62
030924 085203|49.3
030924 085215|49.225
030924 085644|49.405
030924 091423|50
030924 091524|50.38
030924 091549|50.44
030924 091613|50.5
030924 091625|50.65
030924 091638|50.66
030924 091916|50.89
030924 091953|50.97
030924 092017|51
030924 092029|51.03
030924 092054|50.95
030924 092231|51.3
030924 092356|51.33
030924 092558|51.22
030924 092610|51.13
030924 092800|51.4
030924 093430|50.8
030924 094011|51
030924 095008|51.11
030924 095121|51.2
030924 095537|51.27
030924 095601|51.32
030924 095702|51.39
030924 095852|51.4
030924 095941|51.53
030924 100143|51.9
030924 100207|52.03
030924 100611|51.87
030924 100748|51.95
030924 100801|52
030924 101014|51.92
030924 101115|52
030924 101204|52.1
030924 101317|52
030924 101657|52.01
030924 101947|52.1
030924 103348|52.2
030924 103840|52.18
030924 104724|52.4
030924 105607|52.53
030924 110213|52.47
030924 110730|52.5
030924 111033|52.6
030924 111109|52.56
030924 111146|52.69
030924 111247|52.56
030924 113128|51.87
030924 113253|51.95
030924 115021|52.03
030924 115033|52.1
030924 115602|52.12
030924 115639|52
030924 120208|52.02
030924 120422|51.61
030924 120700|51.6
030924 121052|51.5
030924 121306|51.51
030924 121734|51.21
030924 122618|51.2
030924 123046|51.04
030924 123147|51.01
030924 123526|51.38
030924 123716|51.47
030924 123753|51.48
030924 124043|51.31
030924 124322|51.3
030924 124410|51.47
030924 125141|51.98
030924 125153|52.1
030924 125242|52.5
030924 125254|52.58
030924 125306|52.6
030924 125318|52.8
030924 125331|52.69
030924 125343|52.95
030924 125419|53
030924 125545|53.14
030924 125557|53.04
030924 125645|53.2
030924 125658|53.3
030924 125811|53
030924 130037|52.99
030924 130049|53
030924 130226|53.19
030924 130239|53.3
030924 130251|53.36
030924 130339|53.4
030924 130404|53.47
030924 130416|53.32
030924 130707|53.63
030924 130731|53.59
030924 130820|53.61
030924 130844|53.8
030924 130909|53.9
030924 130921|53.95
030924 130933|54.09
030924 131123|53.84
030924 131147|54
030924 131312|54.3
030924 131324|54.22
030924 131425|54.24
030924 131502|54.04
030924 131539|54.32
030924 131728|54.34
030924 131829|54.5
030924 131841|54.45
030924 132019|54.59
030924 132144|54.03
030924 132208|54.05
