030924 133138|94.523
030924 141324|91
030924 141415|91
030924 141704|90.65
030924 141732|90.71
030924 141755|90.53
030924 141828|90.84
030924 142241|91
030924 142846|90.92
030924 144133|90.46
030924 144413|90.45
030924 144605|90.17
030924 144743|90.1
030924 144748|90.2
030924 144907|90.23
030924 144950|90.04
030924 145238|90
030924 145243|89.99
030924 145316|90.05
030924 145416|90
030924 145843|90.12
030924 150516|90.55
030924 151309|90.8
030924 151328|90.82
030924 151736|90.5
030924 151809|90.45
030924 152121|90.55
030924 152533|90.57
030924 152740|90.72
030924 152909|90.61
030924 152923|90.65
030924 152927|90.59
030924 152955|90.7
030924 154503|90.63
