Datetime;Open;High;Low;Close;Adj Close;Volume
2024-10-10 08:00:00+01:00;110.30999755859375;110.51000213623047;110.30999755859375;110.51000213623047;110.51000213623047;0
2024-10-10 08:02:00+01:00;110.44999694824219;110.55999755859375;110.44999694824219;110.55999755859375;110.55999755859375;4
2024-10-10 08:04:00+01:00;110.58000183105469;110.58000183105469;110.58000183105469;110.58000183105469;110.58000183105469;0
2024-10-10 08:05:00+01:00;110.55999755859375;110.56999969482422;110.55999755859375;110.56999969482422;110.56999969482422;0
2024-10-10 08:15:00+01:00;110.44000244140625;110.44000244140625;110.44000244140625;110.44000244140625;110.44000244140625;122
2024-10-10 08:22:00+01:00;110.4000015258789;110.4000015258789;110.4000015258789;110.4000015258789;110.4000015258789;0
2024-10-10 08:25:00+01:00;110.19999694824219;110.19999694824219;110.19999694824219;110.19999694824219;110.19999694824219;2
2024-10-10 08:37:00+01:00;110.0999984741211;110.19000244140625;110.0999984741211;110.19000244140625;110.19000244140625;152
2024-10-10 08:45:00+01:00;110.02999877929688;110.05000305175781;110.02999877929688;110.05000305175781;110.05000305175781;11
2024-10-10 08:46:00+01:00;110.05000305175781;110.05000305175781;110.05000305175781;110.05000305175781;110.05000305175781;2
2024-10-10 08:50:00+01:00;110.11000061035156;110.11000061035156;110.11000061035156;110.11000061035156;110.11000061035156;1
2024-10-10 08:52:00+01:00;110.0199966430664;110.0199966430664;110.0199966430664;110.0199966430664;110.0199966430664;0
2024-10-10 08:58:00+01:00;110.12999725341797;110.12999725341797;110.12999725341797;110.12999725341797;110.12999725341797;1
2024-10-10 09:01:00+01:00;110.19000244140625;110.19000244140625;110.19000244140625;110.19000244140625;110.19000244140625;2
2024-10-10 09:09:00+01:00;110.11000061035156;110.11000061035156;110.11000061035156;110.11000061035156;110.11000061035156;779
2024-10-10 09:54:00+01:00;110.0999984741211;110.0999984741211;110.0999984741211;110.0999984741211;110.0999984741211;0
2024-10-10 09:55:00+01:00;110.05999755859375;110.05999755859375;110.05999755859375;110.05999755859375;110.05999755859375;20
2024-10-10 10:11:00+01:00;110.06999969482422;110.06999969482422;110.06999969482422;110.06999969482422;110.06999969482422;612
2024-10-10 10:13:00+01:00;110.1500015258789;110.1500015258789;110.1500015258789;110.1500015258789;110.1500015258789;2
2024-10-10 10:22:00+01:00;110.16999816894531;110.16999816894531;110.16999816894531;110.16999816894531;110.16999816894531;0
2024-10-10 10:38:00+01:00;110.29000091552734;110.29000091552734;110.29000091552734;110.29000091552734;110.29000091552734;3
2024-10-10 10:43:00+01:00;110.2699966430664;110.2699966430664;110.2699966430664;110.2699966430664;110.2699966430664;1
2024-10-10 10:46:00+01:00;110.20999908447266;110.20999908447266;110.20999908447266;110.20999908447266;110.20999908447266;2
2024-10-10 11:20:00+01:00;110.20999908447266;110.20999908447266;110.20999908447266;110.20999908447266;110.20999908447266;24
2024-10-10 11:23:00+01:00;110.19000244140625;110.19000244140625;110.19000244140625;110.19000244140625;110.19000244140625;13
2024-10-10 11:24:00+01:00;110.20999908447266;110.20999908447266;110.20999908447266;110.20999908447266;110.20999908447266;108
2024-10-10 11:26:00+01:00;110.19999694824219;110.19999694824219;110.19999694824219;110.19999694824219;110.19999694824219;1
2024-10-10 11:27:00+01:00;110.20999908447266;110.20999908447266;110.20999908447266;110.20999908447266;110.20999908447266;100
2024-10-10 11:46:00+01:00;110.1500015258789;110.1500015258789;110.1500015258789;110.1500015258789;110.1500015258789;0
2024-10-10 11:58:00+01:00;110.12999725341797;110.12999725341797;110.12999725341797;110.12999725341797;110.12999725341797;3
2024-10-10 12:16:00+01:00;110.13999938964844;110.13999938964844;110.13999938964844;110.13999938964844;110.13999938964844;10
2024-10-10 12:32:00+01:00;110.2699966430664;110.2699966430664;110.2699966430664;110.2699966430664;110.2699966430664;0
2024-10-10 12:40:00+01:00;110.16999816894531;110.16999816894531;110.16999816894531;110.16999816894531;110.16999816894531;25
2024-10-10 12:43:00+01:00;110.30000305175781;110.30000305175781;110.30000305175781;110.30000305175781;110.30000305175781;50
2024-10-10 13:30:00+01:00;109.63999938964844;110.27999877929688;109.63999938964844;110.27999877929688;110.27999877929688;4136
2024-10-10 13:54:00+01:00;109.55000305175781;109.55000305175781;109.55000305175781;109.55000305175781;109.55000305175781;1
2024-10-10 14:00:00+01:00;109.5999984741211;109.5999984741211;109.5999984741211;109.5999984741211;109.5999984741211;12
2024-10-10 14:01:00+01:00;109.55999755859375;109.55999755859375;109.55999755859375;109.55999755859375;109.55999755859375;2
2024-10-10 14:08:00+01:00;109.69999694824219;109.69999694824219;109.69999694824219;109.69999694824219;109.69999694824219;0
2024-10-10 14:11:00+01:00;109.73999786376953;109.73999786376953;109.73999786376953;109.73999786376953;109.73999786376953;7
2024-10-10 14:38:00+01:00;109.33999633789062;109.33999633789062;109.33999633789062;109.33999633789062;109.33999633789062;10
2024-10-10 14:42:00+01:00;109.70999908447266;109.70999908447266;109.70999908447266;109.70999908447266;109.70999908447266;0
2024-10-10 14:46:00+01:00;109.73999786376953;109.73999786376953;109.73999786376953;109.73999786376953;109.73999786376953;5774
2024-10-10 14:55:00+01:00;110.2699966430664;110.2699966430664;110.2699966430664;110.2699966430664;110.2699966430664;0
2024-10-10 15:04:00+01:00;109.98999786376953;109.98999786376953;109.98999786376953;109.98999786376953;109.98999786376953;1
2024-10-10 15:16:00+01:00;110.1500015258789;110.1500015258789;110.1500015258789;110.1500015258789;110.1500015258789;399
2024-10-10 15:25:00+01:00;109.91999816894531;109.91999816894531;109.91999816894531;109.91999816894531;109.91999816894531;0
2024-10-10 15:29:00+01:00;109.81999969482422;109.81999969482422;109.81999969482422;109.81999969482422;109.81999969482422;2
2024-10-10 15:46:00+01:00;109.9000015258789;109.9000015258789;109.9000015258789;109.9000015258789;109.9000015258789;98
2024-10-10 16:13:00+01:00;110.08000183105469;110.08000183105469;110.08000183105469;110.08000183105469;110.08000183105469;2
2024-10-10 16:16:00+01:00;110.25;110.25;110.25;110.25;110.25;40
2024-10-10 16:29:00+01:00;110.20999908447266;110.20999908447266;110.13999938964844;110.13999938964844;110.13999938964844;0
