Datetime;Open;High;Low;Close;Adj Close;Volume
2024-11-25 08:00:00+00:00;120.55000305175781;120.7771987915039;120.55000305175781;120.58000183105469;120.58000183105469;0
2024-11-25 08:01:00+00:00;120.58999633789062;120.58999633789062;120.58999633789062;120.58999633789062;120.58999633789062;15
2024-11-25 08:05:00+00:00;120.62000274658203;120.62000274658203;120.3499984741211;120.3499984741211;120.3499984741211;172
2024-11-25 08:06:00+00:00;120.55999755859375;120.61000061035156;120.55999755859375;120.61000061035156;120.61000061035156;4
2024-11-25 08:07:00+00:00;120.5999984741211;120.62000274658203;120.5999984741211;120.62000274658203;120.62000274658203;0
2024-11-25 08:08:00+00:00;120.58000183105469;120.58000183105469;120.58000183105469;120.58000183105469;120.58000183105469;0
2024-11-25 08:12:00+00:00;120.58999633789062;120.62999725341797;120.58999633789062;120.62999725341797;120.62999725341797;2851
2024-11-25 08:13:00+00:00;120.5999984741211;120.5999984741211;120.5999984741211;120.5999984741211;120.5999984741211;80
2024-11-25 08:24:00+00:00;120.48999786376953;120.48999786376953;120.48999786376953;120.48999786376953;120.48999786376953;0
2024-11-25 08:25:00+00:00;120.4800033569336;120.4800033569336;120.4800033569336;120.4800033569336;120.4800033569336;3
2024-11-25 08:28:00+00:00;120.55000305175781;120.55000305175781;120.55000305175781;120.55000305175781;120.55000305175781;1
2024-11-25 08:32:00+00:00;120.51000213623047;120.51000213623047;120.51000213623047;120.51000213623047;120.51000213623047;27
2024-11-25 08:35:00+00:00;120.5199966430664;120.5199966430664;120.5199966430664;120.5199966430664;120.5199966430664;37
2024-11-25 08:39:00+00:00;120.4800033569336;120.4800033569336;120.33999633789062;120.33999633789062;120.33999633789062;21
2024-11-25 08:40:00+00:00;120.47000122070312;120.5999984741211;120.47000122070312;120.5999984741211;120.5999984741211;3
2024-11-25 09:09:00+00:00;120.41999816894531;120.41999816894531;120.41999816894531;120.41999816894531;120.41999816894531;7
2024-11-25 09:36:00+00:00;120.6500015258789;120.6500015258789;120.6500015258789;120.6500015258789;120.6500015258789;58
2024-11-25 09:45:00+00:00;120.73999786376953;120.73999786376953;120.73999786376953;120.73999786376953;120.73999786376953;2
2024-11-25 10:01:00+00:00;120.7699966430664;120.7699966430664;120.7699966430664;120.7699966430664;120.7699966430664;3
2024-11-25 10:11:00+00:00;120.73999786376953;120.73999786376953;120.73999786376953;120.73999786376953;120.73999786376953;2
2024-11-25 10:12:00+00:00;120.75;120.75;120.75;120.75;120.75;6
2024-11-25 10:15:00+00:00;120.55999755859375;120.55999755859375;120.55999755859375;120.55999755859375;120.55999755859375;2
2024-11-25 10:16:00+00:00;120.58000183105469;120.58000183105469;120.58000183105469;120.58000183105469;120.58000183105469;11
2024-11-25 10:17:00+00:00;120.5999984741211;120.5999984741211;120.5999984741211;120.5999984741211;120.5999984741211;4
2024-11-25 10:27:00+00:00;120.54000091552734;120.54000091552734;120.54000091552734;120.54000091552734;120.54000091552734;41
2024-11-25 10:28:00+00:00;120.55000305175781;120.55000305175781;120.55000305175781;120.55000305175781;120.55000305175781;41
2024-11-25 10:33:00+00:00;120.69999694824219;120.69999694824219;120.69999694824219;120.69999694824219;120.69999694824219;0
2024-11-25 10:39:00+00:00;120.75;120.75;120.75;120.75;120.75;3164
2024-11-25 11:00:00+00:00;120.8499984741211;120.87000274658203;120.8499984741211;120.87000274658203;120.87000274658203;2
2024-11-25 11:24:00+00:00;120.77999877929688;120.77999877929688;120.77999877929688;120.77999877929688;120.77999877929688;1
2024-11-25 11:30:00+00:00;120.77999877929688;120.77999877929688;120.77999877929688;120.77999877929688;120.77999877929688;39
2024-11-25 11:35:00+00:00;120.79000091552734;120.79000091552734;120.79000091552734;120.79000091552734;120.79000091552734;2900
2024-11-25 12:02:00+00:00;120.7300033569336;120.7300033569336;120.7300033569336;120.7300033569336;120.7300033569336;0
2024-11-25 12:10:00+00:00;120.47000122070312;120.47000122070312;120.47000122070312;120.47000122070312;120.47000122070312;3006
2024-11-25 13:20:00+00:00;120.73999786376953;120.73999786376953;120.73999786376953;120.73999786376953;120.73999786376953;0
2024-11-25 13:22:00+00:00;120.69000244140625;120.70999908447266;120.69000244140625;120.70999908447266;120.70999908447266;78
2024-11-25 13:41:00+00:00;120.98999786376953;120.98999786376953;120.98999786376953;120.98999786376953;120.98999786376953;258
2024-11-25 13:50:00+00:00;121.30999755859375;121.30999755859375;121.30999755859375;121.30999755859375;121.30999755859375;0
2024-11-25 13:57:00+00:00;121.61000061035156;121.61000061035156;121.61000061035156;121.61000061035156;121.61000061035156;1
2024-11-25 14:00:00+00:00;121.22000122070312;121.22000122070312;121.22000122070312;121.22000122070312;121.22000122070312;3
2024-11-25 14:03:00+00:00;121.45999908447266;121.45999908447266;121.45999908447266;121.45999908447266;121.45999908447266;4
2024-11-25 14:06:00+00:00;121.33999633789062;121.33999633789062;121.33999633789062;121.33999633789062;121.33999633789062;398
2024-11-25 14:07:00+00:00;121.43000030517578;121.43000030517578;121.43000030517578;121.43000030517578;121.43000030517578;2
2024-11-25 14:20:00+00:00;121.70999908447266;121.70999908447266;121.70999908447266;121.70999908447266;121.70999908447266;5
2024-11-25 14:25:00+00:00;121.66000366210938;121.66000366210938;121.66000366210938;121.66000366210938;121.66000366210938;3
2024-11-25 14:34:00+00:00;121.69000244140625;121.69000244140625;121.69000244140625;121.69000244140625;121.69000244140625;18
2024-11-25 14:35:00+00:00;121.5999984741211;121.5999984741211;121.5999984741211;121.5999984741211;121.5999984741211;40
2024-11-25 14:39:00+00:00;121.76000213623047;121.76000213623047;121.76000213623047;121.76000213623047;121.76000213623047;0
2024-11-25 14:40:00+00:00;121.9800033569336;121.9800033569336;121.9800033569336;121.9800033569336;121.9800033569336;27
2024-11-25 14:45:00+00:00;121.91000366210938;121.91000366210938;121.91000366210938;121.91000366210938;121.91000366210938;1
2024-11-25 14:47:00+00:00;121.66999816894531;121.66999816894531;121.66999816894531;121.66999816894531;121.66999816894531;2
2024-11-25 14:48:00+00:00;121.76000213623047;121.76000213623047;121.76000213623047;121.76000213623047;121.76000213623047;6
2024-11-25 14:56:00+00:00;121.0;121.0;121.0;121.0;121.0;2
2024-11-25 14:59:00+00:00;121.25;121.25;121.25;121.25;121.25;12
2024-11-25 15:07:00+00:00;121.0;121.0;121.0;121.0;121.0;144
2024-11-25 15:08:00+00:00;121.05000305175781;121.1500015258789;121.05000305175781;121.0999984741211;121.0999984741211;2702
2024-11-25 15:09:00+00:00;121.06999969482422;121.06999969482422;121.06999969482422;121.06999969482422;121.06999969482422;27
2024-11-25 15:10:00+00:00;120.62000274658203;120.62000274658203;120.62000274658203;120.62000274658203;120.62000274658203;581
2024-11-25 15:18:00+00:00;120.58000183105469;120.58000183105469;120.56999969482422;120.56999969482422;120.56999969482422;1219
2024-11-25 15:26:00+00:00;120.70999908447266;120.70999908447266;120.70999908447266;120.70999908447266;120.70999908447266;0
2024-11-25 15:31:00+00:00;120.94999694824219;120.94999694824219;120.94999694824219;120.94999694824219;120.94999694824219;40
2024-11-25 15:33:00+00:00;120.5;120.5;120.5;120.5;120.5;112
2024-11-25 15:40:00+00:00;120.6500015258789;120.6500015258789;120.6500015258789;120.6500015258789;120.6500015258789;0
2024-11-25 15:41:00+00:00;120.69999694824219;120.69999694824219;120.69999694824219;120.69999694824219;120.69999694824219;134
2024-11-25 15:55:00+00:00;120.38999938964844;120.38999938964844;120.38999938964844;120.38999938964844;120.38999938964844;0
2024-11-25 15:59:00+00:00;120.30999755859375;120.30999755859375;120.30999755859375;120.30999755859375;120.30999755859375;0
2024-11-25 16:01:00+00:00;120.30999755859375;120.30999755859375;120.30999755859375;120.30999755859375;120.30999755859375;11504
2024-11-25 16:11:00+00:00;120.55000305175781;120.55000305175781;120.55000305175781;120.55000305175781;120.55000305175781;0
2024-11-25 16:25:00+00:00;120.61000061035156;120.61000061035156;120.38999938964844;120.38999938964844;120.38999938964844;1
