Datetime;Open;High;Low;Close;Adj Close;Volume
2024-11-11 08:00:00+00:00;122.04000091552734;122.16999816894531;121.87000274658203;122.11000061035156;122.11000061035156;0
2024-11-11 08:01:00+00:00;122.0999984741211;122.0999984741211;122.0999984741211;122.0999984741211;122.0999984741211;4
2024-11-11 08:04:00+00:00;122.11000061035156;122.11000061035156;122.11000061035156;122.11000061035156;122.11000061035156;120
2024-11-11 08:06:00+00:00;122.11000061035156;122.18000030517578;121.97000122070312;122.1500015258789;122.1500015258789;26
2024-11-11 08:07:00+00:00;122.11000061035156;122.1500015258789;122.05000305175781;122.05000305175781;122.05000305175781;0
2024-11-11 08:08:00+00:00;122.08999633789062;122.08999633789062;122.04000091552734;122.04000091552734;122.04000091552734;0
2024-11-11 08:11:00+00:00;122.11000061035156;122.11000061035156;122.11000061035156;122.11000061035156;122.11000061035156;381
2024-11-11 08:18:00+00:00;122.30999755859375;122.30999755859375;122.30999755859375;122.30999755859375;122.30999755859375;0
2024-11-11 08:19:00+00:00;122.33000183105469;122.33000183105469;122.33000183105469;122.33000183105469;122.33000183105469;382
2024-11-11 08:20:00+00:00;122.3499984741211;122.3499984741211;122.3499984741211;122.3499984741211;122.3499984741211;168
2024-11-11 08:25:00+00:00;122.0999984741211;122.0999984741211;122.0999984741211;122.0999984741211;122.0999984741211;0
2024-11-11 08:28:00+00:00;122.36000061035156;122.36000061035156;122.36000061035156;122.36000061035156;122.36000061035156;3
2024-11-11 08:31:00+00:00;122.41999816894531;122.41999816894531;122.36000061035156;122.36000061035156;122.36000061035156;2
2024-11-11 08:32:00+00:00;122.30999755859375;122.30999755859375;122.30999755859375;122.30999755859375;122.30999755859375;16
2024-11-11 08:33:00+00:00;122.33000183105469;122.33000183105469;122.33000183105469;122.33000183105469;122.33000183105469;1
2024-11-11 08:34:00+00:00;122.33000183105469;122.33000183105469;122.33000183105469;122.33000183105469;122.33000183105469;1
2024-11-11 08:36:00+00:00;122.37000274658203;122.37000274658203;122.20999908447266;122.20999908447266;122.20999908447266;14
2024-11-11 08:41:00+00:00;122.25;122.25;122.25;122.25;122.25;0
2024-11-11 08:49:00+00:00;122.12999725341797;122.12999725341797;122.12999725341797;122.12999725341797;122.12999725341797;0
2024-11-11 08:55:00+00:00;122.19999694824219;122.19999694824219;122.19999694824219;122.19999694824219;122.19999694824219;0
2024-11-11 09:00:00+00:00;122.0999984741211;122.0999984741211;122.0999984741211;122.0999984741211;122.0999984741211;513
2024-11-11 09:01:00+00:00;122.04000091552734;122.04000091552734;122.04000091552734;122.04000091552734;122.04000091552734;2
2024-11-11 09:02:00+00:00;122.20999908447266;122.20999908447266;122.20999908447266;122.20999908447266;122.20999908447266;2
2024-11-11 09:03:00+00:00;122.23999786376953;122.23999786376953;122.23999786376953;122.23999786376953;122.23999786376953;1
2024-11-11 09:05:00+00:00;122.22000122070312;122.2300033569336;122.22000122070312;122.2300033569336;122.2300033569336;445
2024-11-11 09:11:00+00:00;122.2300033569336;122.2300033569336;122.2300033569336;122.2300033569336;122.2300033569336;0
2024-11-11 09:17:00+00:00;122.29000091552734;122.29000091552734;122.29000091552734;122.29000091552734;122.29000091552734;2
2024-11-11 09:23:00+00:00;122.31999969482422;122.31999969482422;122.31999969482422;122.31999969482422;122.31999969482422;9
2024-11-11 09:24:00+00:00;122.31999969482422;122.37000274658203;122.31999969482422;122.37000274658203;122.37000274658203;9
2024-11-11 09:31:00+00:00;122.4000015258789;122.4000015258789;122.4000015258789;122.4000015258789;122.4000015258789;3
2024-11-11 09:33:00+00:00;122.3499984741211;122.3499984741211;122.3499984741211;122.3499984741211;122.3499984741211;0
2024-11-11 09:51:00+00:00;122.30999755859375;122.30999755859375;122.30999755859375;122.30999755859375;122.30999755859375;774
2024-11-11 10:03:00+00:00;122.19999694824219;122.19999694824219;122.19999694824219;122.19999694824219;122.19999694824219;1398
2024-11-11 10:05:00+00:00;122.27999877929688;122.27999877929688;122.27999877929688;122.27999877929688;122.27999877929688;33
2024-11-11 10:06:00+00:00;122.30000305175781;122.30000305175781;122.30000305175781;122.30000305175781;122.30000305175781;6
2024-11-11 10:15:00+00:00;122.19999694824219;122.19999694824219;122.19999694824219;122.19999694824219;122.19999694824219;147
2024-11-11 10:16:00+00:00;122.13999938964844;122.2699966430664;122.13999938964844;122.2699966430664;122.2699966430664;54
2024-11-11 10:17:00+00:00;122.2699966430664;122.2699966430664;122.2699966430664;122.2699966430664;122.2699966430664;20
2024-11-11 10:18:00+00:00;122.26000213623047;122.26000213623047;122.26000213623047;122.26000213623047;122.26000213623047;2
2024-11-11 10:39:00+00:00;122.37000274658203;122.37000274658203;122.37000274658203;122.37000274658203;122.37000274658203;0
2024-11-11 10:43:00+00:00;122.16000366210938;122.16000366210938;122.16000366210938;122.16000366210938;122.16000366210938;2440
2024-11-11 10:56:00+00:00;122.16999816894531;122.16999816894531;122.16999816894531;122.16999816894531;122.16999816894531;0
2024-11-11 11:13:00+00:00;122.22000122070312;122.22000122070312;122.22000122070312;122.22000122070312;122.22000122070312;7
2024-11-11 11:14:00+00:00;122.08000183105469;122.08000183105469;122.08000183105469;122.08000183105469;122.08000183105469;10
2024-11-11 11:25:00+00:00;122.08000183105469;122.22000122070312;122.08000183105469;122.22000122070312;122.22000122070312;0
2024-11-11 11:29:00+00:00;122.20999908447266;122.20999908447266;122.20999908447266;122.20999908447266;122.20999908447266;28
2024-11-11 11:40:00+00:00;122.30000305175781;122.30000305175781;122.30000305175781;122.30000305175781;122.30000305175781;116
2024-11-11 11:41:00+00:00;122.16999816894531;122.16999816894531;122.16999816894531;122.16999816894531;122.16999816894531;0
2024-11-11 11:53:00+00:00;122.25;122.25;122.25;122.25;122.25;0
2024-11-11 11:59:00+00:00;122.25;122.25;122.13999938964844;122.18000030517578;122.18000030517578;2695
2024-11-11 12:05:00+00:00;122.37000274658203;122.37000274658203;122.37000274658203;122.37000274658203;122.37000274658203;1
2024-11-11 12:06:00+00:00;122.38999938964844;122.38999938964844;122.38999938964844;122.38999938964844;122.38999938964844;40
2024-11-11 12:15:00+00:00;122.5199966430664;122.5199966430664;122.5199966430664;122.5199966430664;122.5199966430664;0
2024-11-11 12:27:00+00:00;122.5999984741211;122.5999984741211;122.5999984741211;122.5999984741211;122.5999984741211;0
2024-11-11 12:34:00+00:00;122.66999816894531;122.66999816894531;122.66999816894531;122.66999816894531;122.66999816894531;12
2024-11-11 12:43:00+00:00;122.79000091552734;122.79000091552734;122.79000091552734;122.79000091552734;122.79000091552734;0
2024-11-11 12:46:00+00:00;122.77999877929688;122.77999877929688;122.77999877929688;122.77999877929688;122.77999877929688;13
2024-11-11 12:49:00+00:00;122.93000030517578;122.93000030517578;122.93000030517578;122.93000030517578;122.93000030517578;16
2024-11-11 12:53:00+00:00;122.7300033569336;122.7300033569336;122.7300033569336;122.7300033569336;122.7300033569336;54
2024-11-11 12:57:00+00:00;122.70999908447266;122.70999908447266;122.69000244140625;122.69000244140625;122.69000244140625;2
2024-11-11 12:58:00+00:00;122.77999877929688;122.77999877929688;122.77999877929688;122.77999877929688;122.77999877929688;1
2024-11-11 13:03:00+00:00;122.93000030517578;122.93000030517578;122.93000030517578;122.93000030517578;122.93000030517578;4
2024-11-11 13:15:00+00:00;122.63999938964844;122.63999938964844;122.5999984741211;122.5999984741211;122.5999984741211;264
2024-11-11 13:16:00+00:00;122.55000305175781;122.55000305175781;122.55000305175781;122.55000305175781;122.55000305175781;8
2024-11-11 13:25:00+00:00;122.6500015258789;122.6500015258789;122.6500015258789;122.6500015258789;122.6500015258789;1076
2024-11-11 13:26:00+00:00;122.58999633789062;122.58999633789062;122.58999633789062;122.58999633789062;122.58999633789062;5
2024-11-11 13:28:00+00:00;122.62999725341797;122.62999725341797;122.62999725341797;122.62999725341797;122.62999725341797;23
2024-11-11 13:29:00+00:00;122.63999938964844;122.63999938964844;122.63999938964844;122.63999938964844;122.63999938964844;1
2024-11-11 13:32:00+00:00;122.5;122.5;122.5;122.5;122.5;0
2024-11-11 13:35:00+00:00;122.30000305175781;122.30000305175781;122.30000305175781;122.30000305175781;122.30000305175781;4216
2024-11-11 13:38:00+00:00;122.3499984741211;122.3499984741211;122.3499984741211;122.3499984741211;122.3499984741211;0
2024-11-11 13:48:00+00:00;122.19000244140625;122.19000244140625;122.19000244140625;122.19000244140625;122.19000244140625;34
2024-11-11 14:00:00+00:00;122.0999984741211;122.0999984741211;122.0999984741211;122.0999984741211;122.0999984741211;0
2024-11-11 14:07:00+00:00;122.30000305175781;122.30000305175781;122.30000305175781;122.30000305175781;122.30000305175781;32
2024-11-11 14:14:00+00:00;122.30000305175781;122.30000305175781;122.30000305175781;122.30000305175781;122.30000305175781;0
2024-11-11 14:20:00+00:00;122.27999877929688;122.27999877929688;122.27999877929688;122.27999877929688;122.27999877929688;1
2024-11-11 14:22:00+00:00;122.2699966430664;122.2699966430664;122.2699966430664;122.2699966430664;122.2699966430664;14
2024-11-11 14:29:00+00:00;122.30000305175781;122.30000305175781;122.30000305175781;122.30000305175781;122.30000305175781;0
2024-11-11 14:31:00+00:00;122.30999755859375;122.30999755859375;122.30999755859375;122.30999755859375;122.30999755859375;1
2024-11-11 14:32:00+00:00;122.41000366210938;122.41000366210938;122.41000366210938;122.41000366210938;122.41000366210938;0
2024-11-11 14:34:00+00:00;122.13999938964844;122.13999938964844;122.13999938964844;122.13999938964844;122.13999938964844;4840
2024-11-11 14:35:00+00:00;121.9800033569336;121.9800033569336;121.9800033569336;121.9800033569336;121.9800033569336;3
2024-11-11 14:36:00+00:00;122.26000213623047;122.26000213623047;122.26000213623047;122.26000213623047;122.26000213623047;2
2024-11-11 14:37:00+00:00;122.22000122070312;122.22000122070312;122.22000122070312;122.22000122070312;122.22000122070312;16
2024-11-11 14:45:00+00:00;121.93000030517578;121.93000030517578;121.93000030517578;121.93000030517578;121.93000030517578;573
2024-11-11 14:46:00+00:00;121.69999694824219;121.69999694824219;121.69999694824219;121.69999694824219;121.69999694824219;6
2024-11-11 14:59:00+00:00;121.76000213623047;121.76000213623047;121.76000213623047;121.76000213623047;121.76000213623047;1
2024-11-11 15:12:00+00:00;121.56999969482422;121.56999969482422;121.56999969482422;121.56999969482422;121.56999969482422;0
2024-11-11 15:22:00+00:00;121.6500015258789;121.6500015258789;121.6500015258789;121.6500015258789;121.6500015258789;0
2024-11-11 15:27:00+00:00;121.7300033569336;121.7300033569336;121.7300033569336;121.7300033569336;121.7300033569336;5442
2024-11-11 15:38:00+00:00;122.12000274658203;122.12000274658203;122.12000274658203;122.12000274658203;122.12000274658203;2
2024-11-11 15:49:00+00:00;122.01000213623047;122.04000091552734;122.0;122.0;122.0;15
2024-11-11 15:53:00+00:00;121.98999786376953;121.98999786376953;121.98999786376953;121.98999786376953;121.98999786376953;0
2024-11-11 15:54:00+00:00;122.16999816894531;122.16999816894531;122.16999816894531;122.16999816894531;122.16999816894531;0
2024-11-11 16:02:00+00:00;122.37000274658203;122.37000274658203;122.37000274658203;122.37000274658203;122.37000274658203;0
2024-11-11 16:06:00+00:00;122.0;122.0;122.0;122.0;122.0;0
2024-11-11 16:11:00+00:00;122.13999938964844;122.13999938964844;122.13999938964844;122.13999938964844;122.13999938964844;0
2024-11-11 16:18:00+00:00;122.05000305175781;122.05000305175781;121.80500030517578;121.80500030517578;121.80500030517578;5819
