Datetime;Open;High;Low;Close;Adj Close;Volume
2024-09-24 08:00:00+01:00;107.55000305175781;107.5999984741211;107.55000305175781;107.5999984741211;107.5999984741211;0
2024-09-24 08:03:00+01:00;107.77999877929688;107.77999877929688;107.77999877929688;107.77999877929688;107.77999877929688;0
2024-09-24 08:05:00+01:00;107.58999633789062;107.75;107.58999633789062;107.7300033569336;107.7300033569336;8
2024-09-24 08:09:00+01:00;107.69000244140625;107.73999786376953;107.69000244140625;107.73999786376953;107.73999786376953;47
2024-09-24 08:24:00+01:00;107.52999877929688;107.52999877929688;107.52999877929688;107.52999877929688;107.52999877929688;160
2024-09-24 08:52:00+01:00;107.7300033569336;107.7300033569336;107.7300033569336;107.7300033569336;107.7300033569336;372
2024-09-24 09:18:00+01:00;108.0;108.0;108.0;108.0;108.0;5
2024-09-24 09:19:00+01:00;107.94999694824219;107.94999694824219;107.94999694824219;107.94999694824219;107.94999694824219;33
2024-09-24 09:31:00+01:00;108.11000061035156;108.11000061035156;108.11000061035156;108.11000061035156;108.11000061035156;50
2024-09-24 09:46:00+01:00;107.83000183105469;107.83000183105469;107.83000183105469;107.83000183105469;107.83000183105469;0
2024-09-24 09:52:00+01:00;107.93000030517578;107.93000030517578;107.93000030517578;107.93000030517578;107.93000030517578;0
2024-09-24 10:14:00+01:00;107.94000244140625;107.94000244140625;107.94000244140625;107.94000244140625;107.94000244140625;0
2024-09-24 10:15:00+01:00;107.93000030517578;107.93000030517578;107.93000030517578;107.93000030517578;107.93000030517578;2
2024-09-24 10:20:00+01:00;107.6500015258789;107.6500015258789;107.6500015258789;107.6500015258789;107.6500015258789;2
2024-09-24 10:21:00+01:00;107.69999694824219;107.69999694824219;107.69999694824219;107.69999694824219;107.69999694824219;6
2024-09-24 10:38:00+01:00;107.66999816894531;107.66999816894531;107.66999816894531;107.66999816894531;107.66999816894531;0
2024-09-24 11:32:00+01:00;107.76000213623047;107.76000213623047;107.76000213623047;107.76000213623047;107.76000213623047;3
2024-09-24 11:36:00+01:00;107.93000030517578;107.93000030517578;107.93000030517578;107.93000030517578;107.93000030517578;2
2024-09-24 12:05:00+01:00;107.0;107.0;107.0;107.0;107.0;5
2024-09-24 13:06:00+01:00;107.47000122070312;107.47000122070312;107.47000122070312;107.47000122070312;107.47000122070312;2
2024-09-24 13:51:00+01:00;107.5;107.5;107.5;107.5;107.5;1
2024-09-24 13:55:00+01:00;107.45999908447266;107.45999908447266;107.45999908447266;107.45999908447266;107.45999908447266;4
2024-09-24 14:00:00+01:00;107.5;107.5;107.45999908447266;107.45999908447266;107.45999908447266;48
2024-09-24 14:06:00+01:00;107.5199966430664;107.5199966430664;107.5199966430664;107.5199966430664;107.5199966430664;127
2024-09-24 14:30:00+01:00;107.76000213623047;107.76000213623047;107.76000213623047;107.76000213623047;107.76000213623047;0
2024-09-24 14:36:00+01:00;107.23999786376953;107.26000213623047;107.23999786376953;107.26000213623047;107.26000213623047;56
2024-09-24 14:41:00+01:00;107.2300033569336;107.2300033569336;107.2300033569336;107.2300033569336;107.2300033569336;8
2024-09-24 14:57:00+01:00;107.08999633789062;107.08999633789062;107.08999633789062;107.08999633789062;107.08999633789062;0
2024-09-24 15:17:00+01:00;106.47000122070312;106.47000122070312;106.47000122070312;106.47000122070312;106.47000122070312;2
2024-09-24 15:52:00+01:00;106.94000244140625;106.94000244140625;106.94000244140625;106.94000244140625;106.94000244140625;73
2024-09-24 15:56:00+01:00;107.0;107.0;107.0;107.0;107.0;3000
2024-09-24 16:05:00+01:00;107.0;107.0;107.0;107.0;107.0;0
2024-09-24 16:10:00+01:00;107.0;107.0;107.0;107.0;107.0;5
2024-09-24 16:28:00+01:00;107.25;107.25499725341797;107.25;107.25499725341797;107.25499725341797;0
