Datetime;Open;High;Low;Close;Adj Close;Volume
2024-10-11 08:00:00+01:00;109.9000015258789;110.05999755859375;109.9000015258789;110.04000091552734;110.04000091552734;0
2024-10-11 08:05:00+01:00;110.05000305175781;110.05000305175781;110.05000305175781;110.05000305175781;110.05000305175781;0
2024-10-11 08:13:00+01:00;109.9800033569336;109.9800033569336;109.9800033569336;109.9800033569336;109.9800033569336;2
2024-10-11 08:18:00+01:00;109.79000091552734;109.79000091552734;109.79000091552734;109.79000091552734;109.79000091552734;1
2024-10-11 08:28:00+01:00;109.7300033569336;109.7300033569336;109.7300033569336;109.7300033569336;109.7300033569336;197
2024-10-11 08:39:00+01:00;109.62999725341797;109.75;109.62999725341797;109.75;109.75;0
2024-10-11 08:49:00+01:00;109.75;109.75;109.75;109.75;109.75;0
2024-10-11 09:09:00+01:00;109.73999786376953;109.73999786376953;109.73999786376953;109.73999786376953;109.73999786376953;4
2024-10-11 09:11:00+01:00;109.76000213623047;109.76000213623047;109.76000213623047;109.76000213623047;109.76000213623047;1
2024-10-11 10:12:00+01:00;109.75;109.75;109.75;109.75;109.75;4
2024-10-11 10:20:00+01:00;109.44000244140625;109.44000244140625;109.44000244140625;109.44000244140625;109.44000244140625;0
2024-10-11 10:56:00+01:00;109.48999786376953;109.48999786376953;109.48999786376953;109.48999786376953;109.48999786376953;4
2024-10-11 11:41:00+01:00;109.62999725341797;109.62999725341797;109.62999725341797;109.62999725341797;109.62999725341797;118
2024-10-11 13:45:00+01:00;110.16999816894531;110.16999816894531;110.16999816894531;110.16999816894531;110.16999816894531;1
2024-10-11 13:46:00+01:00;110.12999725341797;110.12999725341797;110.12999725341797;110.12999725341797;110.12999725341797;1
2024-10-11 14:14:00+01:00;109.97000122070312;109.97000122070312;109.97000122070312;109.97000122070312;109.97000122070312;1
2024-10-11 14:18:00+01:00;109.94999694824219;109.94999694824219;109.94999694824219;109.94999694824219;109.94999694824219;78
2024-10-11 14:49:00+01:00;110.29000091552734;110.29000091552734;110.29000091552734;110.29000091552734;110.29000091552734;0
2024-10-11 14:51:00+01:00;110.5;110.56999969482422;110.5;110.56999969482422;110.56999969482422;22
2024-10-11 14:54:00+01:00;110.5;110.5;110.5;110.5;110.5;16
2024-10-11 15:16:00+01:00;111.75;111.75;111.75;111.75;111.75;3
2024-10-11 15:18:00+01:00;111.76000213623047;111.77999877929688;111.75;111.77999877929688;111.77999877929688;671
2024-10-11 15:19:00+01:00;111.75;111.7699966430664;111.75;111.75;111.75;145
2024-10-11 15:40:00+01:00;112.0999984741211;112.0999984741211;112.0999984741211;112.0999984741211;112.0999984741211;0
2024-10-11 15:46:00+01:00;111.80000305175781;111.80000305175781;111.80000305175781;111.80000305175781;111.80000305175781;2
2024-10-11 15:47:00+01:00;111.77999877929688;111.77999877929688;111.77999877929688;111.77999877929688;111.77999877929688;2
2024-10-11 16:07:00+01:00;111.80999755859375;111.80999755859375;111.80999755859375;111.80999755859375;111.80999755859375;1
2024-10-11 16:18:00+01:00;111.7699966430664;111.79000091552734;111.5999984741211;111.79000091552734;111.79000091552734;245
2024-10-11 16:23:00+01:00;111.5999984741211;111.5999984741211;111.5999984741211;111.5999984741211;111.5999984741211;2
2024-10-11 16:25:00+01:00;111.68000030517578;111.68000030517578;111.6500015258789;111.6500015258789;111.6500015258789;3
