Datetime;Open;High;Low;Close;Adj Close;Volume
2024-12-03 08:00:00+00:00;123.56999969482422;123.69000244140625;123.47000122070312;123.69000244140625;123.69000244140625;0
2024-12-03 08:01:00+00:00;123.69000244140625;123.69000244140625;123.69000244140625;123.69000244140625;123.69000244140625;2
2024-12-03 08:19:00+00:00;123.68000030517578;123.68000030517578;123.68000030517578;123.68000030517578;123.68000030517578;0
2024-12-03 08:29:00+00:00;123.7300033569336;123.7300033569336;123.7300033569336;123.7300033569336;123.7300033569336;2
2024-12-03 08:40:00+00:00;123.58000183105469;123.58000183105469;123.58000183105469;123.58000183105469;123.58000183105469;3
2024-12-03 09:33:00+00:00;123.5999984741211;123.5999984741211;123.5999984741211;123.5999984741211;123.5999984741211;958
2024-12-03 09:52:00+00:00;123.66999816894531;123.66999816894531;123.66999816894531;123.66999816894531;123.66999816894531;0
2024-12-03 10:01:00+00:00;123.73999786376953;123.73999786376953;123.73999786376953;123.73999786376953;123.73999786376953;0
2024-12-03 10:06:00+00:00;123.54000091552734;123.54000091552734;123.54000091552734;123.54000091552734;123.54000091552734;4
2024-12-03 10:13:00+00:00;123.70999908447266;123.70999908447266;123.70999908447266;123.70999908447266;123.70999908447266;0
2024-12-03 10:17:00+00:00;123.55000305175781;123.55000305175781;123.55000305175781;123.55000305175781;123.55000305175781;5
2024-12-03 10:18:00+00:00;123.70999908447266;123.70999908447266;123.70999908447266;123.70999908447266;123.70999908447266;3
2024-12-03 10:22:00+00:00;123.52999877929688;123.52999877929688;123.51000213623047;123.51000213623047;123.51000213623047;47
2024-12-03 10:31:00+00:00;123.4800033569336;123.4800033569336;123.4800033569336;123.4800033569336;123.4800033569336;44
2024-12-03 10:46:00+00:00;123.43000030517578;123.43000030517578;123.43000030517578;123.43000030517578;123.43000030517578;160
2024-12-03 11:07:00+00:00;123.43000030517578;123.43000030517578;123.43000030517578;123.43000030517578;123.43000030517578;0
2024-12-03 11:34:00+00:00;123.41000366210938;123.41000366210938;123.41000366210938;123.41000366210938;123.41000366210938;1
2024-12-03 11:39:00+00:00;123.52999877929688;123.52999877929688;123.52999877929688;123.52999877929688;123.52999877929688;4
2024-12-03 12:47:00+00:00;123.54000091552734;123.54000091552734;123.54000091552734;123.54000091552734;123.54000091552734;0
2024-12-03 12:50:00+00:00;123.66999816894531;123.66999816894531;123.66999816894531;123.66999816894531;123.66999816894531;254
2024-12-03 13:02:00+00:00;123.62999725341797;123.62999725341797;123.62999725341797;123.62999725341797;123.62999725341797;0
2024-12-03 13:07:00+00:00;123.69999694824219;123.69999694824219;123.69999694824219;123.69999694824219;123.69999694824219;2
2024-12-03 13:16:00+00:00;123.7300033569336;123.7300033569336;123.7300033569336;123.7300033569336;123.7300033569336;9
2024-12-03 13:48:00+00:00;123.80000305175781;123.80000305175781;123.69999694824219;123.69999694824219;123.69999694824219;51
2024-12-03 13:52:00+00:00;123.77999877929688;123.79000091552734;123.77999877929688;123.79000091552734;123.79000091552734;5
2024-12-03 14:02:00+00:00;123.55999755859375;123.55999755859375;123.55999755859375;123.55999755859375;123.55999755859375;3
2024-12-03 14:06:00+00:00;123.38999938964844;123.38999938964844;123.38999938964844;123.38999938964844;123.38999938964844;10
2024-12-03 14:20:00+00:00;123.30000305175781;123.30000305175781;123.30000305175781;123.30000305175781;123.30000305175781;0
2024-12-03 14:28:00+00:00;123.08000183105469;123.08000183105469;123.08000183105469;123.08000183105469;123.08000183105469;20
2024-12-03 14:37:00+00:00;123.16000366210938;123.16000366210938;123.16000366210938;123.16000366210938;123.16000366210938;4000
2024-12-03 14:40:00+00:00;123.06999969482422;123.12000274658203;123.06999969482422;123.12000274658203;123.12000274658203;0
2024-12-03 14:41:00+00:00;123.12000274658203;123.12000274658203;123.12000274658203;123.12000274658203;123.12000274658203;50
2024-12-03 14:54:00+00:00;123.0;123.0;123.0;123.0;123.0;34
2024-12-03 14:55:00+00:00;123.08999633789062;123.08999633789062;123.08999633789062;123.08999633789062;123.08999633789062;563
2024-12-03 15:12:00+00:00;123.2300033569336;123.2300033569336;123.2300033569336;123.2300033569336;123.2300033569336;0
2024-12-03 15:13:00+00:00;123.16999816894531;123.16999816894531;123.16999816894531;123.16999816894531;123.16999816894531;4
2024-12-03 15:20:00+00:00;123.0;123.0;123.0;123.0;123.0;10
2024-12-03 15:23:00+00:00;123.05999755859375;123.05999755859375;123.05999755859375;123.05999755859375;123.05999755859375;0
2024-12-03 15:24:00+00:00;123.02999877929688;123.02999877929688;123.02999877929688;123.02999877929688;123.02999877929688;3886
2024-12-03 15:26:00+00:00;122.94999694824219;122.94999694824219;122.94999694824219;122.94999694824219;122.94999694824219;0
2024-12-03 16:01:00+00:00;123.12000274658203;123.12000274658203;123.12000274658203;123.12000274658203;123.12000274658203;3891
2024-12-03 16:02:00+00:00;123.18000030517578;123.18000030517578;123.18000030517578;123.18000030517578;123.18000030517578;10
2024-12-03 16:21:00+00:00;123.13999938964844;123.13999938964844;123.13999938964844;123.13999938964844;123.13999938964844;0
2024-12-03 16:27:00+00:00;123.19999694824219;123.29499816894531;123.19999694824219;123.29499816894531;123.29499816894531;200
