Datetime;Open;High;Low;Close;Adj Close;Volume
2024-10-30 08:00:00+00:00;113.06999969482422;113.08000183105469;113.06999969482422;113.08000183105469;113.08000183105469;0
2024-10-30 08:01:00+00:00;113.06999969482422;113.06999969482422;113.06999969482422;113.06999969482422;113.06999969482422;1
2024-10-30 08:02:00+00:00;113.18000030517578;113.18000030517578;113.18000030517578;113.18000030517578;113.18000030517578;0
2024-10-30 08:05:00+00:00;113.08000183105469;113.08000183105469;113.08000183105469;113.08000183105469;113.08000183105469;53
2024-10-30 08:12:00+00:00;113.05999755859375;113.05999755859375;113.05999755859375;113.05999755859375;113.05999755859375;26
2024-10-30 08:15:00+00:00;113.08000183105469;113.08000183105469;113.08000183105469;113.08000183105469;113.08000183105469;1
2024-10-30 08:50:00+00:00;113.02999877929688;113.02999877929688;113.02999877929688;113.02999877929688;113.02999877929688;16
2024-10-30 08:51:00+00:00;113.0199966430664;113.0199966430664;113.0199966430664;113.0199966430664;113.0199966430664;0
2024-10-30 09:03:00+00:00;112.91000366210938;112.91000366210938;112.91000366210938;112.91000366210938;112.91000366210938;80
2024-10-30 09:08:00+00:00;112.9800033569336;112.9800033569336;112.9800033569336;112.9800033569336;112.9800033569336;0
2024-10-30 09:14:00+00:00;113.0;113.0;113.0;113.0;113.0;500
2024-10-30 09:22:00+00:00;113.16000366210938;113.16000366210938;113.16000366210938;113.16000366210938;113.16000366210938;0
2024-10-30 09:31:00+00:00;113.16999816894531;113.16999816894531;113.16999816894531;113.16999816894531;113.16999816894531;8
2024-10-30 09:38:00+00:00;113.08000183105469;113.0999984741211;113.08000183105469;113.0999984741211;113.0999984741211;17
2024-10-30 09:39:00+00:00;113.0999984741211;113.0999984741211;113.05999755859375;113.05999755859375;113.05999755859375;22
2024-10-30 09:47:00+00:00;112.91000366210938;112.91000366210938;112.91000366210938;112.91000366210938;112.91000366210938;30
2024-10-30 10:01:00+00:00;113.0999984741211;113.0999984741211;113.0999984741211;113.0999984741211;113.0999984741211;0
2024-10-30 10:18:00+00:00;113.06999969482422;113.06999969482422;113.06999969482422;113.06999969482422;113.06999969482422;1
2024-10-30 10:40:00+00:00;112.87999725341797;112.87999725341797;112.87999725341797;112.87999725341797;112.87999725341797;0
2024-10-30 10:55:00+00:00;112.55000305175781;112.55000305175781;112.55000305175781;112.55000305175781;112.55000305175781;245
2024-10-30 11:22:00+00:00;112.7699966430664;112.7699966430664;112.7699966430664;112.7699966430664;112.7699966430664;23
2024-10-30 12:03:00+00:00;112.37000274658203;112.37000274658203;112.37000274658203;112.37000274658203;112.37000274658203;50
2024-10-30 12:23:00+00:00;112.30000305175781;112.30000305175781;112.30000305175781;112.30000305175781;112.30000305175781;100
2024-10-30 12:39:00+00:00;112.5;112.5;112.5;112.5;112.5;40
2024-10-30 13:00:00+00:00;112.23999786376953;112.23999786376953;112.23999786376953;112.23999786376953;112.23999786376953;0
2024-10-30 13:17:00+00:00;112.05000305175781;112.05000305175781;111.98999786376953;111.98999786376953;111.98999786376953;58
2024-10-30 13:45:00+00:00;111.22000122070312;111.22000122070312;111.22000122070312;111.22000122070312;111.22000122070312;0
2024-10-30 13:51:00+00:00;111.94999694824219;111.94999694824219;111.94999694824219;111.94999694824219;111.94999694824219;934
2024-10-30 14:23:00+00:00;112.86000061035156;112.86000061035156;112.86000061035156;112.86000061035156;112.86000061035156;4
2024-10-30 14:39:00+00:00;112.87000274658203;112.87000274658203;112.5999984741211;112.86000061035156;112.86000061035156;36
2024-10-30 14:40:00+00:00;113.0;113.0;113.0;113.0;113.0;50
2024-10-30 15:10:00+00:00;112.58000183105469;112.58000183105469;112.58000183105469;112.58000183105469;112.58000183105469;100
2024-10-30 15:11:00+00:00;112.29000091552734;112.30999755859375;112.1500015258789;112.18000030517578;112.18000030517578;32
2024-10-30 15:20:00+00:00;112.56999969482422;112.56999969482422;112.56999969482422;112.56999969482422;112.56999969482422;2
2024-10-30 15:27:00+00:00;112.88999938964844;112.88999938964844;112.88999938964844;112.88999938964844;112.88999938964844;0
2024-10-30 15:40:00+00:00;113.08000183105469;113.08000183105469;113.08000183105469;113.08000183105469;113.08000183105469;11
2024-10-30 15:48:00+00:00;113.18000030517578;113.18000030517578;113.18000030517578;113.18000030517578;113.18000030517578;0
2024-10-30 15:59:00+00:00;113.16999816894531;113.16999816894531;113.16999816894531;113.16999816894531;113.16999816894531;1171
2024-10-30 16:07:00+00:00;113.08999633789062;113.08999633789062;113.08999633789062;113.08999633789062;113.08999633789062;1
2024-10-30 16:22:00+00:00;112.83999633789062;112.83999633789062;112.7750015258789;112.7750015258789;112.7750015258789;1
