Datetime;Open;High;Low;Close;Adj Close;Volume
2024-11-04 08:00:00+00:00;106.31999969482422;106.31999969482422;106.18000030517578;106.30000305175781;106.30000305175781;0
2024-11-04 08:01:00+00:00;106.38999938964844;106.38999938964844;106.38999938964844;106.38999938964844;106.38999938964844;10
2024-11-04 08:02:00+00:00;106.51000213623047;106.51000213623047;106.51000213623047;106.51000213623047;106.51000213623047;2
2024-11-04 08:05:00+00:00;106.51000213623047;106.5199966430664;106.51000213623047;106.5199966430664;106.5199966430664;0
2024-11-04 08:06:00+00:00;106.45999908447266;106.5;106.44000244140625;106.44000244140625;106.44000244140625;35
2024-11-04 08:07:00+00:00;106.44000244140625;106.47000122070312;106.44000244140625;106.47000122070312;106.47000122070312;0
2024-11-04 08:08:00+00:00;106.45999908447266;106.45999908447266;106.45999908447266;106.45999908447266;106.45999908447266;0
2024-11-04 08:10:00+00:00;106.44000244140625;106.5;106.44000244140625;106.5;106.5;39
2024-11-04 08:17:00+00:00;106.70999908447266;106.70999908447266;106.70999908447266;106.70999908447266;106.70999908447266;0
2024-11-04 08:23:00+00:00;106.69999694824219;106.69999694824219;106.69999694824219;106.69999694824219;106.69999694824219;41
2024-11-04 08:38:00+00:00;106.2699966430664;106.2699966430664;106.19000244140625;106.19000244140625;106.19000244140625;19
2024-11-04 08:48:00+00:00;106.2300033569336;106.2300033569336;106.2300033569336;106.2300033569336;106.2300033569336;1
2024-11-04 09:07:00+00:00;106.36000061035156;106.36000061035156;106.36000061035156;106.36000061035156;106.36000061035156;400
2024-11-04 09:27:00+00:00;106.3499984741211;106.3499984741211;106.3499984741211;106.3499984741211;106.3499984741211;0
2024-11-04 09:28:00+00:00;106.37999725341797;106.37999725341797;106.37999725341797;106.37999725341797;106.37999725341797;21
2024-11-04 09:33:00+00:00;106.18000030517578;106.18000030517578;106.18000030517578;106.18000030517578;106.18000030517578;2
2024-11-04 09:36:00+00:00;106.19999694824219;106.19999694824219;106.19999694824219;106.19999694824219;106.19999694824219;0
2024-11-04 10:07:00+00:00;106.69000244140625;106.69000244140625;106.69000244140625;106.69000244140625;106.69000244140625;498
2024-11-04 10:09:00+00:00;106.56999969482422;106.56999969482422;106.56999969482422;106.56999969482422;106.56999969482422;30
2024-11-04 10:10:00+00:00;106.66000366210938;106.66000366210938;106.66000366210938;106.66000366210938;106.66000366210938;7
2024-11-04 10:11:00+00:00;106.6500015258789;106.6500015258789;106.6500015258789;106.6500015258789;106.6500015258789;1
2024-11-04 10:19:00+00:00;106.5;106.5;106.5;106.5;106.5;2
2024-11-04 10:36:00+00:00;106.8499984741211;106.8499984741211;106.8499984741211;106.8499984741211;106.8499984741211;0
2024-11-04 11:47:00+00:00;106.80000305175781;106.80000305175781;106.80000305175781;106.80000305175781;106.80000305175781;35
2024-11-04 11:52:00+00:00;106.66999816894531;106.66999816894531;106.66999816894531;106.66999816894531;106.66999816894531;9
2024-11-04 11:55:00+00:00;106.6500015258789;106.6500015258789;106.6500015258789;106.6500015258789;106.6500015258789;20
2024-11-04 12:47:00+00:00;106.16999816894531;106.16999816894531;106.16999816894531;106.16999816894531;106.16999816894531;2
2024-11-04 12:48:00+00:00;106.12999725341797;106.12999725341797;106.12999725341797;106.12999725341797;106.12999725341797;0
2024-11-04 12:49:00+00:00;106.26000213623047;106.26000213623047;106.26000213623047;106.26000213623047;106.26000213623047;605
2024-11-04 12:51:00+00:00;106.36000061035156;106.36000061035156;106.36000061035156;106.36000061035156;106.36000061035156;8
2024-11-04 13:24:00+00:00;106.38999938964844;106.38999938964844;106.38999938964844;106.38999938964844;106.38999938964844;0
2024-11-04 13:48:00+00:00;106.38999938964844;106.38999938964844;106.38999938964844;106.38999938964844;106.38999938964844;204
2024-11-04 14:21:00+00:00;105.9000015258789;105.9000015258789;105.9000015258789;105.9000015258789;105.9000015258789;2
2024-11-04 14:22:00+00:00;105.83999633789062;105.83999633789062;105.83999633789062;105.83999633789062;105.83999633789062;1
2024-11-04 14:32:00+00:00;105.97000122070312;105.97000122070312;105.97000122070312;105.97000122070312;105.97000122070312;9
2024-11-04 14:34:00+00:00;105.48999786376953;105.48999786376953;105.48999786376953;105.48999786376953;105.48999786376953;10
2024-11-04 14:36:00+00:00;105.01000213623047;105.01000213623047;105.0;105.0;105.0;118
2024-11-04 14:40:00+00:00;105.27999877929688;105.44000244140625;105.27999877929688;105.41000366210938;105.41000366210938;17
2024-11-04 14:44:00+00:00;105.80000305175781;105.80000305175781;105.80000305175781;105.80000305175781;105.80000305175781;5
2024-11-04 14:46:00+00:00;106.13999938964844;106.13999938964844;106.13999938964844;106.13999938964844;106.13999938964844;1
2024-11-04 14:51:00+00:00;105.94000244140625;105.94000244140625;105.94000244140625;105.94000244140625;105.94000244140625;6
2024-11-04 15:01:00+00:00;106.31999969482422;106.31999969482422;106.31999969482422;106.31999969482422;106.31999969482422;67
2024-11-04 15:02:00+00:00;106.38999938964844;106.38999938964844;106.38999938964844;106.38999938964844;106.38999938964844;38
2024-11-04 15:13:00+00:00;106.05000305175781;106.05000305175781;106.05000305175781;106.05000305175781;106.05000305175781;0
2024-11-04 15:14:00+00:00;106.16000366210938;106.16000366210938;106.16000366210938;106.16000366210938;106.16000366210938;31
2024-11-04 15:17:00+00:00;106.25;106.25;106.25;106.25;106.25;0
2024-11-04 15:44:00+00:00;106.5;106.5;106.5;106.5;106.5;1107
2024-11-04 15:45:00+00:00;106.5;106.5;106.5;106.5;106.5;2
2024-11-04 16:08:00+00:00;106.38999938964844;106.38999938964844;106.38999938964844;106.38999938964844;106.38999938964844;1
2024-11-04 16:16:00+00:00;106.4000015258789;106.4000015258789;106.4000015258789;106.4000015258789;106.4000015258789;120
2024-11-04 16:28:00+00:00;106.05000305175781;106.05000305175781;105.9749984741211;105.9749984741211;105.9749984741211;0
