Datetime;Open;High;Low;Close;Adj Close;Volume
2024-12-20 08:00:00+00:00;111.13999938964844;111.33999633789062;111.13999938964844;111.30999755859375;111.30999755859375;0
2024-12-20 08:01:00+00:00;111.25;111.33000183105469;111.25;111.33000183105469;111.33000183105469;941
2024-12-20 08:02:00+00:00;111.37000274658203;111.37999725341797;111.37000274658203;111.37999725341797;111.37999725341797;900
2024-12-20 08:03:00+00:00;111.37999725341797;111.37999725341797;111.11000061035156;111.33000183105469;111.33000183105469;38
2024-12-20 08:05:00+00:00;111.30000305175781;111.30000305175781;111.30000305175781;111.30000305175781;111.30000305175781;5
2024-12-20 08:07:00+00:00;111.01000213623047;111.01000213623047;111.01000213623047;111.01000213623047;111.01000213623047;2
2024-12-20 08:14:00+00:00;110.97000122070312;110.97000122070312;110.97000122070312;110.97000122070312;110.97000122070312;1
2024-12-20 08:17:00+00:00;110.62000274658203;110.62000274658203;110.62000274658203;110.62000274658203;110.62000274658203;35
2024-12-20 08:25:00+00:00;110.72000122070312;110.72000122070312;110.72000122070312;110.72000122070312;110.72000122070312;20
2024-12-20 08:30:00+00:00;110.55999755859375;110.55999755859375;110.55999755859375;110.55999755859375;110.55999755859375;0
2024-12-20 08:33:00+00:00;110.01000213623047;110.01000213623047;110.01000213623047;110.01000213623047;110.01000213623047;13
2024-12-20 08:36:00+00:00;110.3499984741211;110.3499984741211;110.3499984741211;110.3499984741211;110.3499984741211;1
2024-12-20 08:38:00+00:00;110.0;110.0;109.66999816894531;109.66999816894531;109.66999816894531;300
2024-12-20 08:40:00+00:00;109.83000183105469;109.83000183105469;109.83000183105469;109.83000183105469;109.83000183105469;14
2024-12-20 08:44:00+00:00;109.75;109.75;109.75;109.75;109.75;0
2024-12-20 08:50:00+00:00;110.16000366210938;110.16000366210938;110.16000366210938;110.16000366210938;110.16000366210938;2
2024-12-20 09:05:00+00:00;109.86000061035156;109.86000061035156;109.83999633789062;109.83999633789062;109.83999633789062;10
2024-12-20 09:06:00+00:00;109.76000213623047;109.76000213623047;109.76000213623047;109.76000213623047;109.76000213623047;10
2024-12-20 09:07:00+00:00;109.44999694824219;109.44999694824219;109.4000015258789;109.4000015258789;109.4000015258789;15
2024-12-20 09:09:00+00:00;109.41999816894531;109.5999984741211;109.41999816894531;109.5999984741211;109.5999984741211;892
2024-12-20 09:12:00+00:00;109.54000091552734;109.54000091552734;109.54000091552734;109.54000091552734;109.54000091552734;4
2024-12-20 09:25:00+00:00;109.54000091552734;109.54000091552734;109.54000091552734;109.54000091552734;109.54000091552734;36
2024-12-20 09:29:00+00:00;109.48999786376953;109.48999786376953;109.48999786376953;109.48999786376953;109.48999786376953;0
2024-12-20 09:30:00+00:00;109.54000091552734;109.54000091552734;109.54000091552734;109.54000091552734;109.54000091552734;60
2024-12-20 09:32:00+00:00;109.58000183105469;109.58000183105469;109.58000183105469;109.58000183105469;109.58000183105469;4
2024-12-20 09:43:00+00:00;109.33999633789062;109.33999633789062;109.33999633789062;109.33999633789062;109.33999633789062;0
2024-12-20 09:44:00+00:00;109.30000305175781;109.30000305175781;109.30000305175781;109.30000305175781;109.30000305175781;188
2024-12-20 09:51:00+00:00;109.2699966430664;109.2699966430664;109.2699966430664;109.2699966430664;109.2699966430664;0
2024-12-20 09:53:00+00:00;109.33000183105469;109.33000183105469;109.33000183105469;109.33000183105469;109.33000183105469;4046
2024-12-20 10:03:00+00:00;109.2699966430664;109.2699966430664;109.2699966430664;109.2699966430664;109.2699966430664;16
2024-12-20 10:04:00+00:00;109.27999877929688;109.30000305175781;109.25;109.25;109.25;882
2024-12-20 10:14:00+00:00;109.0;109.0;109.0;109.0;109.0;205
2024-12-20 10:21:00+00:00;108.83000183105469;108.83000183105469;108.83000183105469;108.83000183105469;108.83000183105469;2
2024-12-20 10:22:00+00:00;109.06999969482422;109.06999969482422;109.06999969482422;109.06999969482422;109.06999969482422;34
2024-12-20 10:24:00+00:00;109.16000366210938;109.16000366210938;109.16000366210938;109.16000366210938;109.16000366210938;0
2024-12-20 10:28:00+00:00;109.33000183105469;109.37999725341797;109.33000183105469;109.33000183105469;109.33000183105469;5192
2024-12-20 10:29:00+00:00;109.25;109.25;109.25;109.25;109.25;40
2024-12-20 10:35:00+00:00;109.37000274658203;109.37000274658203;109.37000274658203;109.37000274658203;109.37000274658203;1
2024-12-20 10:38:00+00:00;109.12999725341797;109.12999725341797;109.12999725341797;109.12999725341797;109.12999725341797;484
2024-12-20 10:41:00+00:00;109.2300033569336;109.2300033569336;109.2300033569336;109.2300033569336;109.2300033569336;0
2024-12-20 10:54:00+00:00;109.3499984741211;109.3499984741211;109.3499984741211;109.3499984741211;109.3499984741211;5773
2024-12-20 11:05:00+00:00;109.33999633789062;109.33999633789062;109.33999633789062;109.33999633789062;109.33999633789062;0
2024-12-20 11:06:00+00:00;109.23999786376953;109.23999786376953;109.23999786376953;109.23999786376953;109.23999786376953;2
2024-12-20 11:07:00+00:00;109.4000015258789;109.4000015258789;109.4000015258789;109.4000015258789;109.4000015258789;3
2024-12-20 11:10:00+00:00;109.44000244140625;109.44000244140625;109.44000244140625;109.44000244140625;109.44000244140625;4
2024-12-20 11:14:00+00:00;109.77999877929688;109.77999877929688;109.77999877929688;109.77999877929688;109.77999877929688;8
2024-12-20 11:18:00+00:00;109.5999984741211;109.5999984741211;109.5999984741211;109.5999984741211;109.5999984741211;1
2024-12-20 11:19:00+00:00;109.56999969482422;109.56999969482422;109.56999969482422;109.56999969482422;109.56999969482422;30
2024-12-20 11:21:00+00:00;109.55000305175781;109.55000305175781;109.52999877929688;109.52999877929688;109.52999877929688;5
2024-12-20 11:33:00+00:00;109.48999786376953;109.48999786376953;109.48999786376953;109.48999786376953;109.48999786376953;0
2024-12-20 11:43:00+00:00;109.19000244140625;109.19000244140625;109.16999816894531;109.16999816894531;109.16999816894531;52
2024-12-20 11:45:00+00:00;109.29000091552734;109.29000091552734;109.29000091552734;109.29000091552734;109.29000091552734;1
2024-12-20 11:56:00+00:00;109.19999694824219;109.19999694824219;109.19999694824219;109.19999694824219;109.19999694824219;2
2024-12-20 12:02:00+00:00;109.0;109.0;109.0;109.0;109.0;1
2024-12-20 12:09:00+00:00;108.8499984741211;108.8499984741211;108.8499984741211;108.8499984741211;108.8499984741211;49
2024-12-20 12:18:00+00:00;108.5;108.5;108.5;108.5;108.5;0
2024-12-20 12:24:00+00:00;108.12999725341797;108.12999725341797;108.12999725341797;108.12999725341797;108.12999725341797;2
2024-12-20 12:31:00+00:00;108.0999984741211;108.0999984741211;108.0999984741211;108.0999984741211;108.0999984741211;13
2024-12-20 12:46:00+00:00;109.25;109.25;109.25;109.25;109.25;0
2024-12-20 12:48:00+00:00;108.9000015258789;108.9000015258789;108.9000015258789;108.9000015258789;108.9000015258789;484
2024-12-20 12:51:00+00:00;109.05999755859375;109.05999755859375;109.05999755859375;109.05999755859375;109.05999755859375;6
2024-12-20 12:58:00+00:00;109.37000274658203;109.37000274658203;109.37000274658203;109.37000274658203;109.37000274658203;0
2024-12-20 13:03:00+00:00;109.37000274658203;109.37000274658203;109.37000274658203;109.37000274658203;109.37000274658203;1
2024-12-20 13:10:00+00:00;109.3499984741211;109.3499984741211;109.3499984741211;109.3499984741211;109.3499984741211;1
2024-12-20 13:11:00+00:00;109.33999633789062;109.37999725341797;109.1500015258789;109.1500015258789;109.1500015258789;45
2024-12-20 13:12:00+00:00;109.02999877929688;109.02999877929688;109.02999877929688;109.02999877929688;109.02999877929688;27
2024-12-20 13:14:00+00:00;108.93000030517578;108.93000030517578;108.93000030517578;108.93000030517578;108.93000030517578;51
2024-12-20 13:15:00+00:00;108.9000015258789;108.9000015258789;108.9000015258789;108.9000015258789;108.9000015258789;42
2024-12-20 13:29:00+00:00;109.3499984741211;109.3499984741211;109.3499984741211;109.3499984741211;109.3499984741211;0
2024-12-20 13:31:00+00:00;110.41000366210938;110.41000366210938;110.41000366210938;110.41000366210938;110.41000366210938;1
2024-12-20 13:36:00+00:00;110.66000366210938;110.66000366210938;110.66000366210938;110.66000366210938;110.66000366210938;1
2024-12-20 13:37:00+00:00;110.38999938964844;110.38999938964844;110.38999938964844;110.38999938964844;110.38999938964844;2
2024-12-20 13:43:00+00:00;110.33000183105469;110.33000183105469;110.33000183105469;110.33000183105469;110.33000183105469;1
2024-12-20 13:45:00+00:00;110.55999755859375;110.55999755859375;110.55999755859375;110.55999755859375;110.55999755859375;63
2024-12-20 13:48:00+00:00;110.55000305175781;110.55000305175781;110.55000305175781;110.55000305175781;110.55000305175781;2
2024-12-20 14:00:00+00:00;110.36000061035156;110.36000061035156;110.36000061035156;110.36000061035156;110.36000061035156;1
2024-12-20 14:01:00+00:00;109.83000183105469;109.83000183105469;109.83000183105469;109.83000183105469;109.83000183105469;7
2024-12-20 14:03:00+00:00;110.06999969482422;110.06999969482422;110.06999969482422;110.06999969482422;110.06999969482422;5
2024-12-20 14:05:00+00:00;110.12999725341797;110.12999725341797;110.12999725341797;110.12999725341797;110.12999725341797;194
2024-12-20 14:16:00+00:00;110.11000061035156;110.11000061035156;110.11000061035156;110.11000061035156;110.11000061035156;0
2024-12-20 14:22:00+00:00;110.44000244140625;110.44000244140625;110.44000244140625;110.44000244140625;110.44000244140625;3
2024-12-20 14:23:00+00:00;110.31999969482422;110.31999969482422;110.31999969482422;110.31999969482422;110.31999969482422;2
2024-12-20 14:32:00+00:00;110.62000274658203;110.62000274658203;110.62000274658203;110.62000274658203;110.62000274658203;9
2024-12-20 14:33:00+00:00;110.80999755859375;110.80999755859375;110.80999755859375;110.80999755859375;110.80999755859375;0
2024-12-20 14:37:00+00:00;110.66999816894531;110.66999816894531;110.66999816894531;110.66999816894531;110.66999816894531;6737
2024-12-20 14:38:00+00:00;111.19999694824219;111.19999694824219;111.19999694824219;111.19999694824219;111.19999694824219;10
2024-12-20 14:39:00+00:00;111.27999877929688;111.52999877929688;111.27999877929688;111.52999877929688;111.52999877929688;23
2024-12-20 14:40:00+00:00;111.55999755859375;111.55999755859375;111.55999755859375;111.55999755859375;111.55999755859375;10
2024-12-20 14:47:00+00:00;110.62000274658203;110.62000274658203;110.62000274658203;110.62000274658203;110.62000274658203;0
2024-12-20 14:48:00+00:00;110.69000244140625;110.69000244140625;110.69000244140625;110.69000244140625;110.69000244140625;32
2024-12-20 14:49:00+00:00;110.62999725341797;110.62999725341797;110.62999725341797;110.62999725341797;110.62999725341797;45
2024-12-20 14:50:00+00:00;109.94000244140625;109.94000244140625;109.94000244140625;109.94000244140625;109.94000244140625;16
2024-12-20 14:51:00+00:00;110.44000244140625;110.44000244140625;110.44000244140625;110.44000244140625;110.44000244140625;10
2024-12-20 14:58:00+00:00;110.88999938964844;110.88999938964844;110.88999938964844;110.88999938964844;110.88999938964844;17
2024-12-20 14:59:00+00:00;110.88999938964844;110.88999938964844;110.87999725341797;110.87999725341797;110.87999725341797;12
2024-12-20 15:03:00+00:00;110.9000015258789;110.9000015258789;110.9000015258789;110.9000015258789;110.9000015258789;32
2024-12-20 15:05:00+00:00;111.69000244140625;111.69000244140625;111.69000244140625;111.69000244140625;111.69000244140625;12
2024-12-20 15:08:00+00:00;111.30000305175781;111.30000305175781;111.30000305175781;111.30000305175781;111.30000305175781;6
2024-12-20 15:14:00+00:00;112.0999984741211;112.0999984741211;112.05999755859375;112.0999984741211;112.0999984741211;4
2024-12-20 15:20:00+00:00;112.2699966430664;112.2699966430664;112.2699966430664;112.2699966430664;112.2699966430664;1
2024-12-20 15:25:00+00:00;112.61000061035156;112.61000061035156;112.61000061035156;112.61000061035156;112.61000061035156;1
2024-12-20 15:26:00+00:00;112.87999725341797;112.87999725341797;112.87999725341797;112.87999725341797;112.87999725341797;20
2024-12-20 15:32:00+00:00;114.52999877929688;114.7699966430664;114.52999877929688;114.7699966430664;114.7699966430664;0
2024-12-20 15:34:00+00:00;114.0;114.0;114.0;114.0;114.0;2
2024-12-20 15:43:00+00:00;114.01000213623047;114.01000213623047;114.01000213623047;114.01000213623047;114.01000213623047;1
2024-12-20 15:47:00+00:00;114.13999938964844;114.23999786376953;114.13999938964844;114.23999786376953;114.23999786376953;7
2024-12-20 16:01:00+00:00;114.66999816894531;114.66999816894531;114.66999816894531;114.66999816894531;114.66999816894531;4
2024-12-20 16:02:00+00:00;114.94000244140625;114.94000244140625;114.94000244140625;114.94000244140625;114.94000244140625;1
2024-12-20 16:03:00+00:00;115.05999755859375;115.05999755859375;115.05999755859375;115.05999755859375;115.05999755859375;1
2024-12-20 16:04:00+00:00;115.08999633789062;115.08999633789062;115.08999633789062;115.08999633789062;115.08999633789062;10
2024-12-20 16:07:00+00:00;115.19999694824219;115.19999694824219;115.19999694824219;115.19999694824219;115.19999694824219;5
2024-12-20 16:08:00+00:00;115.75;115.75;115.75;115.75;115.75;100
2024-12-20 16:12:00+00:00;115.79000091552734;115.79000091552734;115.5999984741211;115.5999984741211;115.5999984741211;481
2024-12-20 16:16:00+00:00;115.9000015258789;115.9000015258789;115.9000015258789;115.9000015258789;115.9000015258789;106
2024-12-20 16:17:00+00:00;116.2300033569336;116.2300033569336;116.2300033569336;116.2300033569336;116.2300033569336;7
2024-12-20 16:18:00+00:00;116.58999633789062;116.58999633789062;116.58999633789062;116.58999633789062;116.58999633789062;5
2024-12-20 16:20:00+00:00;116.01000213623047;116.01000213623047;116.01000213623047;116.01000213623047;116.01000213623047;0
2024-12-20 16:22:00+00:00;116.56999969482422;116.56999969482422;116.56999969482422;116.56999969482422;116.56999969482422;7707
2024-12-20 16:24:00+00:00;116.25;116.25;116.25;116.25;116.25;1
2024-12-20 16:27:00+00:00;116.26000213623047;116.55999755859375;116.23999786376953;116.55999755859375;116.55999755859375;95
