Datetime;Open;High;Low;Close;Adj Close;Volume
2024-11-22 09:30:00-05:00;5944.35986328125;5955.47998046875;5944.35986328125;5951.43017578125;5951.43017578125;0
2024-11-22 09:31:00-05:00;5951.75;5952.16015625;5948.06005859375;5948.2001953125;5948.2001953125;11846468
2024-11-22 09:32:00-05:00;5948.14013671875;5955.7001953125;5948.1298828125;5954.419921875;5954.419921875;9783343
2024-11-22 09:33:00-05:00;5954.41015625;5957.169921875;5953.93994140625;5956.47021484375;5956.47021484375;10676310
2024-11-22 09:34:00-05:00;5956.7001953125;5958.330078125;5955.9599609375;5958.16015625;5958.16015625;10148745
2024-11-22 09:35:00-05:00;5958.56982421875;5958.56982421875;5956.39990234375;5956.9501953125;5956.9501953125;9952244
2024-11-22 09:36:00-05:00;5957.2099609375;5957.93017578125;5955.7001953125;5956.990234375;5956.990234375;9737679
2024-11-22 09:37:00-05:00;5957.0;5957.0;5952.919921875;5953.85986328125;5953.85986328125;10736245
2024-11-22 09:38:00-05:00;5953.64013671875;5954.7099609375;5952.669921875;5954.7099609375;5954.7099609375;9681497
2024-11-22 09:39:00-05:00;5954.7998046875;5959.18994140625;5953.52001953125;5959.18994140625;5959.18994140625;8870508
2024-11-22 09:40:00-05:00;5959.35986328125;5962.89013671875;5959.1298828125;5962.5;5962.5;9792987
2024-11-22 09:41:00-05:00;5961.8798828125;5966.259765625;5961.58984375;5966.259765625;5966.259765625;8525483
2024-11-22 09:42:00-05:00;5966.330078125;5968.8798828125;5965.97021484375;5967.35009765625;5967.35009765625;7916665
2024-11-22 09:43:00-05:00;5967.08984375;5967.22998046875;5964.27001953125;5965.669921875;5965.669921875;7627830
2024-11-22 09:44:00-05:00;5965.60986328125;5968.39013671875;5965.5;5967.14013671875;5967.14013671875;8460192
2024-11-22 09:45:00-05:00;5967.31982421875;5971.3798828125;5965.02001953125;5970.759765625;5970.759765625;9668667
2024-11-22 09:46:00-05:00;5970.43994140625;5971.0400390625;5969.14013671875;5970.14990234375;5970.14990234375;8213675
2024-11-22 09:47:00-05:00;5970.22998046875;5970.35009765625;5967.77978515625;5967.77978515625;5967.77978515625;8745930
2024-11-22 09:48:00-05:00;5967.43017578125;5972.2998046875;5967.43017578125;5971.97021484375;5971.97021484375;8401617
2024-11-22 09:49:00-05:00;5971.759765625;5972.259765625;5967.16015625;5968.02001953125;5968.02001953125;8764454
2024-11-22 09:50:00-05:00;5967.990234375;5968.10986328125;5962.7998046875;5962.7998046875;5962.7998046875;9593788
2024-11-22 09:51:00-05:00;5962.759765625;5964.47998046875;5960.6201171875;5961.27001953125;5961.27001953125;8605689
2024-11-22 09:52:00-05:00;5961.22021484375;5962.75;5959.7998046875;5960.14013671875;5960.14013671875;7519669
2024-11-22 09:53:00-05:00;5959.97998046875;5961.9501953125;5959.72021484375;5960.5400390625;5960.5400390625;8133156
2024-11-22 09:54:00-05:00;5960.39990234375;5965.580078125;5960.39990234375;5965.580078125;5965.580078125;8651682
2024-11-22 09:55:00-05:00;5965.4599609375;5967.3701171875;5963.06005859375;5965.9501953125;5965.9501953125;8160798
2024-11-22 09:56:00-05:00;5965.60009765625;5969.77978515625;5963.81005859375;5969.2900390625;5969.2900390625;7820710
2024-11-22 09:57:00-05:00;5969.5400390625;5969.8701171875;5968.8701171875;5969.31005859375;5969.31005859375;6495326
2024-11-22 09:58:00-05:00;5969.47998046875;5971.47998046875;5969.330078125;5971.06005859375;5971.06005859375;6721412
2024-11-22 09:59:00-05:00;5971.16015625;5971.60986328125;5969.990234375;5970.419921875;5970.419921875;6991355
2024-11-22 10:00:00-05:00;5972.72021484375;5972.72021484375;5966.7998046875;5966.97998046875;5966.97998046875;7751514
2024-11-22 10:01:00-05:00;5967.02001953125;5969.89990234375;5967.02001953125;5969.89990234375;5969.89990234375;6935065
2024-11-22 10:02:00-05:00;5969.8701171875;5971.31982421875;5968.64990234375;5968.85009765625;5968.85009765625;6609320
2024-11-22 10:03:00-05:00;5968.83984375;5969.64990234375;5964.1298828125;5964.81982421875;5964.81982421875;8079503
2024-11-22 10:04:00-05:00;5965.10009765625;5965.10009765625;5960.97021484375;5961.89013671875;5961.89013671875;6886424
2024-11-22 10:05:00-05:00;5961.990234375;5962.27001953125;5960.18017578125;5960.7900390625;5960.7900390625;7466321
2024-11-22 10:06:00-05:00;5961.2998046875;5964.56005859375;5961.27001953125;5963.6298828125;5963.6298828125;6410128
2024-11-22 10:07:00-05:00;5963.580078125;5964.64013671875;5961.1201171875;5961.64990234375;5961.64990234375;6791753
2024-11-22 10:08:00-05:00;5961.509765625;5964.10986328125;5961.41015625;5962.009765625;5962.009765625;6031207
2024-11-22 10:09:00-05:00;5962.0;5962.06982421875;5958.1201171875;5958.1201171875;5958.1201171875;8344353
2024-11-22 10:10:00-05:00;5957.919921875;5959.0;5952.08984375;5956.669921875;5956.669921875;9438062
2024-11-22 10:11:00-05:00;5956.56005859375;5956.64990234375;5953.4501953125;5953.9501953125;5953.9501953125;6313683
2024-11-22 10:12:00-05:00;5953.93017578125;5956.06005859375;5952.18994140625;5955.89990234375;5955.89990234375;6707827
2024-11-22 10:13:00-05:00;5955.9599609375;5960.3798828125;5955.259765625;5959.5498046875;5959.5498046875;7153733
2024-11-22 10:14:00-05:00;5959.6201171875;5959.6201171875;5956.10009765625;5956.259765625;5956.259765625;6552221
2024-11-22 10:15:00-05:00;5956.33984375;5957.4501953125;5955.3798828125;5956.58984375;5956.58984375;5686380
2024-11-22 10:16:00-05:00;5956.64990234375;5956.759765625;5955.31982421875;5956.18994140625;5956.18994140625;5392085
2024-11-22 10:17:00-05:00;5956.4599609375;5958.77001953125;5956.4599609375;5958.43994140625;5958.43994140625;6099486
2024-11-22 10:18:00-05:00;5958.58984375;5960.3701171875;5957.93994140625;5958.77001953125;5958.77001953125;6703662
2024-11-22 10:19:00-05:00;5958.77001953125;5958.8798828125;5956.919921875;5957.02001953125;5957.02001953125;5701766
2024-11-22 10:20:00-05:00;5956.77978515625;5959.56982421875;5956.669921875;5958.60986328125;5958.60986328125;5537220
2024-11-22 10:21:00-05:00;5958.64013671875;5958.72021484375;5955.7099609375;5956.5;5956.5;4855932
2024-11-22 10:22:00-05:00;5956.330078125;5956.8701171875;5950.66015625;5950.68017578125;5950.68017578125;6575731
2024-11-22 10:23:00-05:00;5950.52978515625;5956.77978515625;5950.52978515625;5956.68994140625;5956.68994140625;5753217
2024-11-22 10:24:00-05:00;5956.97998046875;5958.4599609375;5956.0400390625;5958.22021484375;5958.22021484375;5560607
2024-11-22 10:25:00-05:00;5958.18994140625;5958.47021484375;5956.14990234375;5958.2099609375;5958.2099609375;5064785
2024-11-22 10:26:00-05:00;5958.22021484375;5958.22021484375;5955.2900390625;5955.3798828125;5955.3798828125;4032043
2024-11-22 10:27:00-05:00;5955.3701171875;5955.3701171875;5952.06982421875;5952.64013671875;5952.64013671875;4854274
2024-11-22 10:28:00-05:00;5952.5400390625;5952.60986328125;5944.77978515625;5945.14990234375;5945.14990234375;6755015
2024-11-22 10:29:00-05:00;5945.2099609375;5949.39990234375;5945.2099609375;5949.240234375;5949.240234375;6747048
2024-11-22 10:30:00-05:00;5949.009765625;5953.14990234375;5948.35009765625;5953.14990234375;5953.14990234375;7415908
2024-11-22 10:31:00-05:00;5953.35009765625;5955.89013671875;5951.2001953125;5955.89013671875;5955.89013671875;5945237
2024-11-22 10:32:00-05:00;5955.8701171875;5956.02001953125;5952.56005859375;5952.6201171875;5952.6201171875;4196578
2024-11-22 10:33:00-05:00;5952.8701171875;5952.97998046875;5951.64990234375;5952.080078125;5952.080078125;5753676
2024-11-22 10:34:00-05:00;5952.06005859375;5952.35986328125;5951.16015625;5951.16015625;5951.16015625;4530624
2024-11-22 10:35:00-05:00;5951.08984375;5954.22021484375;5951.08984375;5953.3701171875;5953.3701171875;6209128
2024-11-22 10:36:00-05:00;5952.759765625;5954.25;5952.18017578125;5953.2900390625;5953.2900390625;5952863
2024-11-22 10:37:00-05:00;5953.18017578125;5954.75;5952.77978515625;5954.6201171875;5954.6201171875;5395316
2024-11-22 10:38:00-05:00;5954.52001953125;5959.89990234375;5954.25;5959.7998046875;5959.7998046875;7833645
2024-11-22 10:39:00-05:00;5959.77978515625;5963.39990234375;5959.5;5962.5400390625;5962.5400390625;6777714
2024-11-22 10:40:00-05:00;5962.60986328125;5963.7900390625;5962.18994140625;5962.830078125;5962.830078125;5515033
2024-11-22 10:41:00-05:00;5962.7998046875;5962.85986328125;5961.56982421875;5962.39013671875;5962.39013671875;5156425
2024-11-22 10:42:00-05:00;5962.27978515625;5965.2998046875;5961.9599609375;5964.47021484375;5964.47021484375;6018715
2024-11-22 10:43:00-05:00;5964.47998046875;5965.240234375;5964.18994140625;5964.89013671875;5964.89013671875;6993287
2024-11-22 10:44:00-05:00;5964.8798828125;5966.77001953125;5963.18017578125;5966.77001953125;5966.77001953125;6377102
2024-11-22 10:45:00-05:00;5966.75;5969.009765625;5966.75;5968.68994140625;5968.68994140625;6319752
2024-11-22 10:46:00-05:00;5968.759765625;5968.759765625;5963.56982421875;5964.97998046875;5964.97998046875;5930116
2024-11-22 10:47:00-05:00;5964.669921875;5966.68017578125;5963.9599609375;5966.580078125;5966.580078125;5115726
2024-11-22 10:48:00-05:00;5966.56982421875;5966.56982421875;5964.830078125;5965.2001953125;5965.2001953125;4870582
2024-11-22 10:49:00-05:00;5965.1201171875;5965.1298828125;5962.8701171875;5963.18017578125;5963.18017578125;5213841
2024-11-22 10:50:00-05:00;5963.14990234375;5966.009765625;5963.10986328125;5965.81005859375;5965.81005859375;4939898
2024-11-22 10:51:00-05:00;5965.77978515625;5966.81005859375;5965.08984375;5966.64013671875;5966.64013671875;5233161
2024-11-22 10:52:00-05:00;5966.64990234375;5968.64990234375;5966.18017578125;5967.2998046875;5967.2998046875;5358383
2024-11-22 10:53:00-05:00;5967.259765625;5967.56005859375;5965.759765625;5965.83984375;5965.83984375;3949947
2024-11-22 10:54:00-05:00;5965.83984375;5965.9501953125;5964.7998046875;5965.75;5965.75;4390389
2024-11-22 10:55:00-05:00;5965.7001953125;5965.85009765625;5964.64990234375;5964.68994140625;5964.68994140625;4795514
2024-11-22 10:56:00-05:00;5964.830078125;5966.93994140625;5964.33984375;5966.8701171875;5966.8701171875;4824110
2024-11-22 10:57:00-05:00;5967.06005859375;5968.169921875;5966.97998046875;5967.14013671875;5967.14013671875;5569469
2024-11-22 10:58:00-05:00;5967.2900390625;5967.75;5966.7001953125;5967.52001953125;5967.52001953125;4928423
2024-11-22 10:59:00-05:00;5967.52978515625;5969.83984375;5967.52978515625;5969.83984375;5969.83984375;5862915
2024-11-22 11:00:00-05:00;5969.93017578125;5970.72998046875;5969.93017578125;5969.990234375;5969.990234375;5415238
2024-11-22 11:01:00-05:00;5970.02978515625;5970.02978515625;5966.91015625;5967.2900390625;5967.2900390625;5411060
2024-11-22 11:02:00-05:00;5967.240234375;5967.27978515625;5964.330078125;5964.330078125;5964.330078125;5269728
2024-11-22 11:03:00-05:00;5964.419921875;5965.81982421875;5964.419921875;5965.490234375;5965.490234375;5794055
2024-11-22 11:04:00-05:00;5965.52978515625;5965.830078125;5964.06005859375;5965.2900390625;5965.2900390625;4064529
2024-11-22 11:05:00-05:00;5965.22998046875;5966.68994140625;5965.06982421875;5966.419921875;5966.419921875;4597920
2024-11-22 11:06:00-05:00;5966.419921875;5966.60986328125;5963.93994140625;5965.31005859375;5965.31005859375;4819016
2024-11-22 11:07:00-05:00;5965.33984375;5965.33984375;5964.02001953125;5964.56005859375;5964.56005859375;4346921
2024-11-22 11:08:00-05:00;5964.60986328125;5964.7099609375;5962.93994140625;5963.75;5963.75;5003658
2024-11-22 11:09:00-05:00;5963.919921875;5964.02001953125;5961.81005859375;5961.93017578125;5961.93017578125;4742281
2024-11-22 11:10:00-05:00;5961.93017578125;5962.02001953125;5960.0400390625;5961.41015625;5961.41015625;5095732
2024-11-22 11:11:00-05:00;5961.509765625;5963.580078125;5961.509765625;5961.91015625;5961.91015625;6299627
2024-11-22 11:12:00-05:00;5961.93994140625;5963.81982421875;5961.6201171875;5962.009765625;5962.009765625;8074501
2024-11-22 11:13:00-05:00;5961.9599609375;5961.9599609375;5958.7900390625;5958.91015625;5958.91015625;4290945
2024-11-22 11:14:00-05:00;5958.75;5959.77978515625;5958.56005859375;5959.52978515625;5959.52978515625;4852987
2024-11-22 11:15:00-05:00;5959.5400390625;5960.7099609375;5957.759765625;5958.25;5958.25;4655918
2024-11-22 11:16:00-05:00;5958.2001953125;5958.2001953125;5956.64013671875;5957.9599609375;5957.9599609375;5686947
2024-11-22 11:17:00-05:00;5958.10009765625;5958.75;5957.66015625;5958.14013671875;5958.14013671875;4669775
2024-11-22 11:18:00-05:00;5958.22998046875;5958.759765625;5956.33984375;5956.47021484375;5956.47021484375;5032840
2024-11-22 11:19:00-05:00;5956.4599609375;5956.60986328125;5952.85009765625;5953.259765625;5953.259765625;5686550
2024-11-22 11:20:00-05:00;5953.41015625;5953.9501953125;5950.009765625;5950.27978515625;5950.27978515625;6328559
2024-11-22 11:21:00-05:00;5950.240234375;5954.58984375;5949.419921875;5954.33984375;5954.33984375;6026736
2024-11-22 11:22:00-05:00;5954.509765625;5957.2900390625;5954.509765625;5956.47021484375;5956.47021484375;4910548
2024-11-22 11:23:00-05:00;5956.43017578125;5958.1201171875;5956.43017578125;5957.240234375;5957.240234375;4641295
2024-11-22 11:24:00-05:00;5957.3798828125;5958.740234375;5956.7900390625;5957.2001953125;5957.2001953125;4048964
2024-11-22 11:25:00-05:00;5957.2099609375;5957.39990234375;5954.4599609375;5954.4599609375;5954.4599609375;5902147
2024-11-22 11:26:00-05:00;5954.47998046875;5955.8701171875;5952.35009765625;5952.35009765625;5952.35009765625;5667560
2024-11-22 11:27:00-05:00;5952.2001953125;5954.14990234375;5952.2001953125;5954.14990234375;5954.14990234375;4520295
2024-11-22 11:28:00-05:00;5954.02978515625;5956.33984375;5954.02978515625;5956.2998046875;5956.2998046875;5520780
2024-11-22 11:29:00-05:00;5956.330078125;5958.22998046875;5956.0;5957.64990234375;5957.64990234375;5894295
2024-11-22 11:30:00-05:00;5957.72021484375;5957.72021484375;5955.27001953125;5955.43017578125;5955.43017578125;5564066
2024-11-22 11:31:00-05:00;5955.490234375;5955.5498046875;5954.10009765625;5954.14990234375;5954.14990234375;7474295
2024-11-22 11:32:00-05:00;5954.16015625;5954.16015625;5952.14990234375;5953.39013671875;5953.39013671875;6308243
2024-11-22 11:33:00-05:00;5953.35009765625;5953.60986328125;5951.9501953125;5952.02978515625;5952.02978515625;5760782
2024-11-22 11:34:00-05:00;5951.9501953125;5953.97021484375;5951.9501953125;5953.81982421875;5953.81982421875;5535402
2024-11-22 11:35:00-05:00;5953.83984375;5955.72021484375;5953.83984375;5955.33984375;5955.33984375;5270180
2024-11-22 11:36:00-05:00;5955.2998046875;5955.56982421875;5954.64990234375;5954.990234375;5954.990234375;4014244
2024-11-22 11:37:00-05:00;5954.7001953125;5956.0400390625;5954.56982421875;5955.75;5955.75;5060746
2024-11-22 11:38:00-05:00;5955.81005859375;5959.02001953125;5955.6201171875;5959.02001953125;5959.02001953125;5535783
2024-11-22 11:39:00-05:00;5959.10009765625;5960.5400390625;5959.009765625;5959.91015625;5959.91015625;4551359
2024-11-22 11:40:00-05:00;5959.91015625;5960.27978515625;5957.5;5957.68017578125;5957.68017578125;4900271
2024-11-22 11:41:00-05:00;5957.75;5957.9501953125;5955.75;5955.8701171875;5955.8701171875;4769849
2024-11-22 11:42:00-05:00;5956.0400390625;5957.0498046875;5955.56005859375;5956.89013671875;5956.89013671875;3559296
2024-11-22 11:43:00-05:00;5956.75;5957.0400390625;5954.1201171875;5954.1201171875;5954.1201171875;5071635
2024-11-22 11:44:00-05:00;5953.89013671875;5954.56005859375;5952.7998046875;5952.81982421875;5952.81982421875;5016657
2024-11-22 11:45:00-05:00;5952.68994140625;5953.56982421875;5952.02001953125;5953.16015625;5953.16015625;4830835
2024-11-22 11:46:00-05:00;5953.18994140625;5954.43994140625;5951.669921875;5951.89013671875;5951.89013671875;5114034
2024-11-22 11:47:00-05:00;5951.52978515625;5955.60986328125;5951.52978515625;5955.580078125;5955.580078125;4292199
2024-11-22 11:48:00-05:00;5955.60009765625;5958.009765625;5955.43994140625;5957.830078125;5957.830078125;4762632
2024-11-22 11:49:00-05:00;5957.89013671875;5958.85009765625;5957.89013671875;5958.1298828125;5958.1298828125;4230526
2024-11-22 11:50:00-05:00;5958.10986328125;5958.39990234375;5956.4501953125;5958.06005859375;5958.06005859375;4046424
2024-11-22 11:51:00-05:00;5958.009765625;5961.77001953125;5958.009765625;5961.64013671875;5961.64013671875;5417439
2024-11-22 11:52:00-05:00;5961.81005859375;5962.4599609375;5960.93994140625;5961.08984375;5961.08984375;6437337
2024-11-22 11:53:00-05:00;5961.14990234375;5962.10009765625;5960.56005859375;5961.77978515625;5961.77978515625;3553949
2024-11-22 11:54:00-05:00;5961.7001953125;5962.85009765625;5960.3701171875;5962.85009765625;5962.85009765625;3931688
2024-11-22 11:55:00-05:00;5962.85009765625;5963.27001953125;5961.830078125;5962.7900390625;5962.7900390625;11667508
2024-11-22 11:56:00-05:00;5962.740234375;5962.75;5961.83984375;5961.85009765625;5961.85009765625;5186870
2024-11-22 11:57:00-05:00;5961.81005859375;5962.47998046875;5961.43017578125;5962.169921875;5962.169921875;4501402
2024-11-22 11:58:00-05:00;5962.16015625;5962.27978515625;5961.31982421875;5962.1201171875;5962.1201171875;3565391
2024-11-22 11:59:00-05:00;5962.2001953125;5962.43017578125;5961.52978515625;5961.89990234375;5961.89990234375;5231236
2024-11-22 12:00:00-05:00;5961.8798828125;5962.0498046875;5959.56005859375;5959.7998046875;5959.7998046875;4190937
2024-11-22 12:01:00-05:00;5959.77978515625;5960.81982421875;5959.259765625;5960.81982421875;5960.81982421875;4073567
2024-11-22 12:02:00-05:00;5960.77978515625;5962.14013671875;5960.52001953125;5961.669921875;5961.669921875;6079044
2024-11-22 12:03:00-05:00;5961.6298828125;5961.85009765625;5960.93017578125;5961.85009765625;5961.85009765625;2888125
2024-11-22 12:04:00-05:00;5961.89990234375;5964.39990234375;5961.72998046875;5964.2001953125;5964.2001953125;3829785
2024-11-22 12:05:00-05:00;5964.18994140625;5966.02001953125;5964.169921875;5965.22021484375;5965.22021484375;4711447
2024-11-22 12:06:00-05:00;5965.169921875;5965.490234375;5964.39990234375;5964.47021484375;5964.47021484375;3920749
2024-11-22 12:07:00-05:00;5964.52001953125;5964.56005859375;5963.35986328125;5963.7099609375;5963.7099609375;3895788
2024-11-22 12:08:00-05:00;5963.669921875;5965.39990234375;5963.669921875;5965.1298828125;5965.1298828125;3874142
2024-11-22 12:09:00-05:00;5965.06005859375;5965.06005859375;5964.18017578125;5964.18994140625;5964.18994140625;4559539
2024-11-22 12:10:00-05:00;5964.169921875;5964.830078125;5963.72998046875;5964.5498046875;5964.5498046875;3663940
2024-11-22 12:11:00-05:00;5964.4599609375;5966.169921875;5964.3701171875;5965.72021484375;5965.72021484375;3722943
2024-11-22 12:12:00-05:00;5965.75;5968.2001953125;5965.75;5967.919921875;5967.919921875;3825996
2024-11-22 12:13:00-05:00;5968.1201171875;5968.77001953125;5967.81982421875;5967.89013671875;5967.89013671875;3242271
2024-11-22 12:14:00-05:00;5967.89013671875;5967.91015625;5966.47998046875;5967.47998046875;5967.47998046875;3499778
2024-11-22 12:15:00-05:00;5967.47998046875;5967.89990234375;5967.16015625;5967.5400390625;5967.5400390625;3249378
2024-11-22 12:16:00-05:00;5967.490234375;5967.6201171875;5966.93017578125;5966.990234375;5966.990234375;4334842
2024-11-22 12:17:00-05:00;5967.10009765625;5967.10009765625;5965.990234375;5966.419921875;5966.419921875;4429403
2024-11-22 12:18:00-05:00;5966.52978515625;5967.02978515625;5965.83984375;5967.02978515625;5967.02978515625;3347235
2024-11-22 12:19:00-05:00;5967.14990234375;5967.39990234375;5966.52978515625;5966.759765625;5966.759765625;4217329
2024-11-22 12:20:00-05:00;5966.72021484375;5968.259765625;5966.52001953125;5968.259765625;5968.259765625;4505420
2024-11-22 12:21:00-05:00;5968.2900390625;5970.10986328125;5967.9599609375;5968.31982421875;5968.31982421875;4154700
2024-11-22 12:22:00-05:00;5968.39990234375;5969.52978515625;5968.39990234375;5968.47021484375;5968.47021484375;4140495
2024-11-22 12:23:00-05:00;5968.43994140625;5968.919921875;5968.02978515625;5968.56982421875;5968.56982421875;3705646
2024-11-22 12:24:00-05:00;5968.4599609375;5968.669921875;5966.7001953125;5967.06005859375;5967.06005859375;3840081
2024-11-22 12:25:00-05:00;5967.22021484375;5967.8701171875;5967.08984375;5967.5;5967.5;3808871
2024-11-22 12:26:00-05:00;5967.52978515625;5969.5498046875;5967.35009765625;5969.5498046875;5969.5498046875;3880244
2024-11-22 12:27:00-05:00;5969.52001953125;5969.77001953125;5969.33984375;5969.39990234375;5969.39990234375;4133664
2024-11-22 12:28:00-05:00;5969.4501953125;5969.4501953125;5968.22998046875;5968.27001953125;5968.27001953125;4580711
2024-11-22 12:29:00-05:00;5968.3798828125;5968.72021484375;5967.89013671875;5968.10009765625;5968.10009765625;3103548
2024-11-22 12:30:00-05:00;5968.1201171875;5968.4501953125;5966.64013671875;5966.64013671875;5966.64013671875;4602775
2024-11-22 12:31:00-05:00;5966.669921875;5966.669921875;5964.2998046875;5965.16015625;5965.16015625;4008780
2024-11-22 12:32:00-05:00;5965.009765625;5965.14990234375;5964.27001953125;5965.08984375;5965.08984375;3055635
2024-11-22 12:33:00-05:00;5965.08984375;5966.25;5965.06005859375;5965.25;5965.25;4171325
2024-11-22 12:34:00-05:00;5965.18017578125;5965.18017578125;5962.7900390625;5963.89990234375;5963.89990234375;4300908
2024-11-22 12:35:00-05:00;5963.89013671875;5964.3701171875;5963.6298828125;5963.75;5963.75;3356765
2024-11-22 12:36:00-05:00;5963.759765625;5963.759765625;5962.58984375;5963.080078125;5963.080078125;2930094
2024-11-22 12:37:00-05:00;5963.06005859375;5963.06005859375;5962.02001953125;5962.02001953125;5962.02001953125;2660626
2024-11-22 12:38:00-05:00;5962.009765625;5962.43994140625;5961.41015625;5961.419921875;5961.419921875;2684182
2024-11-22 12:39:00-05:00;5961.33984375;5961.33984375;5959.240234375;5959.56005859375;5959.56005859375;3556230
2024-11-22 12:40:00-05:00;5959.580078125;5961.93994140625;5959.580078125;5961.93994140625;5961.93994140625;3529074
2024-11-22 12:41:00-05:00;5961.97998046875;5961.97998046875;5960.68994140625;5961.47998046875;5961.47998046875;3983771
2024-11-22 12:42:00-05:00;5961.56005859375;5963.14990234375;5961.27001953125;5963.14990234375;5963.14990234375;3391325
2024-11-22 12:43:00-05:00;5963.18017578125;5964.259765625;5963.0498046875;5963.9599609375;5963.9599609375;3390529
2024-11-22 12:44:00-05:00;5963.9501953125;5964.8798828125;5963.919921875;5964.5498046875;5964.5498046875;2948444
2024-11-22 12:45:00-05:00;5964.52978515625;5964.7099609375;5963.81005859375;5963.83984375;5963.83984375;2970443
2024-11-22 12:46:00-05:00;5963.85009765625;5965.27001953125;5963.830078125;5964.81982421875;5964.81982421875;3532029
2024-11-22 12:47:00-05:00;5964.72998046875;5965.02978515625;5964.0400390625;5964.7900390625;5964.7900390625;3441944
2024-11-22 12:48:00-05:00;5964.77001953125;5966.39013671875;5964.759765625;5966.3701171875;5966.3701171875;3449206
2024-11-22 12:49:00-05:00;5966.3798828125;5966.91015625;5966.10009765625;5966.10009765625;5966.10009765625;3082966
2024-11-22 12:50:00-05:00;5966.1298828125;5969.91015625;5966.1298828125;5969.68994140625;5969.68994140625;3800736
2024-11-22 12:51:00-05:00;5969.75;5970.3798828125;5968.33984375;5968.509765625;5968.509765625;4346200
2024-11-22 12:52:00-05:00;5968.72021484375;5969.14990234375;5968.3701171875;5968.3701171875;5968.3701171875;2818554
2024-11-22 12:53:00-05:00;5968.35009765625;5968.60986328125;5967.39013671875;5968.4501953125;5968.4501953125;2703591
2024-11-22 12:54:00-05:00;5968.5;5969.91015625;5968.18994140625;5969.56982421875;5969.56982421875;3158137
2024-11-22 12:55:00-05:00;5969.580078125;5969.93994140625;5969.43017578125;5969.85986328125;5969.85986328125;2804177
2024-11-22 12:56:00-05:00;5969.81005859375;5970.18017578125;5969.6201171875;5969.9501953125;5969.9501953125;4002144
2024-11-22 12:57:00-05:00;5969.93994140625;5970.10009765625;5968.330078125;5968.419921875;5968.419921875;3102476
2024-11-22 12:58:00-05:00;5968.3798828125;5969.7099609375;5968.2998046875;5969.43017578125;5969.43017578125;2875608
2024-11-22 12:59:00-05:00;5969.47998046875;5969.47998046875;5968.89013671875;5969.009765625;5969.009765625;2724534
2024-11-22 13:00:00-05:00;5968.97998046875;5969.169921875;5968.6298828125;5968.919921875;5968.919921875;3277565
2024-11-22 13:01:00-05:00;5968.93017578125;5969.2900390625;5967.3701171875;5967.3798828125;5967.3798828125;3418061
2024-11-22 13:02:00-05:00;5967.41015625;5968.10986328125;5967.27978515625;5968.06005859375;5968.06005859375;2786964
2024-11-22 13:03:00-05:00;5968.06982421875;5969.5;5968.06982421875;5969.2998046875;5969.2998046875;2947087
2024-11-22 13:04:00-05:00;5969.2998046875;5970.14990234375;5969.2099609375;5970.14990234375;5970.14990234375;2543202
2024-11-22 13:05:00-05:00;5970.2998046875;5970.58984375;5969.7900390625;5969.97998046875;5969.97998046875;3061492
2024-11-22 13:06:00-05:00;5969.919921875;5969.9599609375;5969.2099609375;5969.68017578125;5969.68017578125;5830927
2024-11-22 13:07:00-05:00;5969.7001953125;5969.7900390625;5968.60986328125;5969.740234375;5969.740234375;3356739
2024-11-22 13:08:00-05:00;5969.72998046875;5970.5498046875;5969.14013671875;5969.14990234375;5969.14990234375;2895175
2024-11-22 13:09:00-05:00;5969.2099609375;5970.22021484375;5969.2099609375;5969.85986328125;5969.85986328125;2281418
2024-11-22 13:10:00-05:00;5969.830078125;5970.14990234375;5969.47021484375;5969.89990234375;5969.89990234375;3299035
2024-11-22 13:11:00-05:00;5969.919921875;5972.8798828125;5969.919921875;5972.60986328125;5972.60986328125;4631869
2024-11-22 13:12:00-05:00;5972.56005859375;5972.89013671875;5972.27978515625;5972.64990234375;5972.64990234375;3311002
2024-11-22 13:13:00-05:00;5972.47998046875;5972.669921875;5970.06005859375;5970.06005859375;5970.06005859375;3722767
2024-11-22 13:14:00-05:00;5970.18017578125;5971.22998046875;5969.66015625;5971.0;5971.0;2855070
2024-11-22 13:15:00-05:00;5970.89013671875;5971.89013671875;5970.89013671875;5971.58984375;5971.58984375;2922749
2024-11-22 13:16:00-05:00;5971.56982421875;5972.169921875;5971.56982421875;5971.91015625;5971.91015625;2868576
2024-11-22 13:17:00-05:00;5971.759765625;5971.830078125;5969.93994140625;5970.43017578125;5970.43017578125;3117615
2024-11-22 13:18:00-05:00;5970.47021484375;5971.2099609375;5970.10009765625;5970.85009765625;5970.85009765625;3114514
2024-11-22 13:19:00-05:00;5970.8798828125;5971.43994140625;5970.52978515625;5970.5498046875;5970.5498046875;2834410
2024-11-22 13:20:00-05:00;5970.52978515625;5970.52978515625;5969.1201171875;5969.33984375;5969.33984375;3963306
2024-11-22 13:21:00-05:00;5969.2900390625;5970.35009765625;5968.7998046875;5970.330078125;5970.330078125;3640342
2024-11-22 13:22:00-05:00;5970.2998046875;5970.8798828125;5970.02978515625;5970.7900390625;5970.7900390625;3474819
2024-11-22 13:23:00-05:00;5970.7900390625;5971.68994140625;5970.22998046875;5971.68994140625;5971.68994140625;2753158
2024-11-22 13:24:00-05:00;5971.81005859375;5971.8701171875;5971.259765625;5971.2998046875;5971.2998046875;2994306
2024-11-22 13:25:00-05:00;5971.33984375;5971.33984375;5970.2998046875;5970.580078125;5970.580078125;3327076
2024-11-22 13:26:00-05:00;5970.5498046875;5971.27001953125;5970.33984375;5971.22998046875;5971.22998046875;2768592
2024-11-22 13:27:00-05:00;5971.22021484375;5971.22021484375;5969.7099609375;5970.3701171875;5970.3701171875;3483034
2024-11-22 13:28:00-05:00;5970.4599609375;5970.52978515625;5968.4501953125;5968.490234375;5968.490234375;3587638
2024-11-22 13:29:00-05:00;5968.4599609375;5968.4599609375;5967.169921875;5967.580078125;5967.580078125;3609192
2024-11-22 13:30:00-05:00;5967.509765625;5969.330078125;5967.18994140625;5969.330078125;5969.330078125;3524191
2024-11-22 13:31:00-05:00;5969.509765625;5971.14013671875;5969.490234375;5970.77001953125;5970.77001953125;3743430
2024-11-22 13:32:00-05:00;5970.7998046875;5971.85009765625;5970.669921875;5971.56982421875;5971.56982421875;3123054
2024-11-22 13:33:00-05:00;5971.68017578125;5971.72021484375;5970.35986328125;5970.6201171875;5970.6201171875;3029255
2024-11-22 13:34:00-05:00;5970.580078125;5970.6201171875;5970.009765625;5970.009765625;5970.009765625;2925840
2024-11-22 13:35:00-05:00;5969.97998046875;5970.0498046875;5969.490234375;5969.490234375;5969.490234375;3782973
2024-11-22 13:36:00-05:00;5969.43017578125;5969.43017578125;5967.39013671875;5967.7099609375;5967.7099609375;3760640
2024-11-22 13:37:00-05:00;5967.740234375;5967.81005859375;5966.31005859375;5966.60986328125;5966.60986328125;3210643
2024-11-22 13:38:00-05:00;5966.6201171875;5967.56982421875;5966.56005859375;5967.35009765625;5967.35009765625;5043103
2024-11-22 13:39:00-05:00;5967.35986328125;5967.3701171875;5966.58984375;5966.58984375;5966.58984375;2647503
2024-11-22 13:40:00-05:00;5966.47021484375;5966.47021484375;5965.6201171875;5966.02001953125;5966.02001953125;3896624
2024-11-22 13:41:00-05:00;5965.7900390625;5965.89990234375;5965.0;5965.1201171875;5965.1201171875;3023970
2024-11-22 13:42:00-05:00;5965.2001953125;5965.2001953125;5964.169921875;5964.740234375;5964.740234375;3439598
2024-11-22 13:43:00-05:00;5964.81982421875;5965.06982421875;5964.47021484375;5964.52001953125;5964.52001953125;3707915
2024-11-22 13:44:00-05:00;5964.47021484375;5965.16015625;5964.14013671875;5964.97998046875;5964.97998046875;2611329
2024-11-22 13:45:00-05:00;5964.9501953125;5966.06005859375;5964.85986328125;5966.06005859375;5966.06005859375;3036695
2024-11-22 13:46:00-05:00;5966.10009765625;5966.240234375;5965.68994140625;5966.02001953125;5966.02001953125;3424015
2024-11-22 13:47:00-05:00;5965.990234375;5966.9501953125;5965.990234375;5966.68017578125;5966.68017578125;2549148
2024-11-22 13:48:00-05:00;5966.7001953125;5967.580078125;5966.5498046875;5967.35009765625;5967.35009765625;3166616
2024-11-22 13:49:00-05:00;5967.330078125;5967.4501953125;5966.02978515625;5966.2900390625;5966.2900390625;3575690
2024-11-22 13:50:00-05:00;5966.27978515625;5966.27978515625;5964.1298828125;5964.5400390625;5964.5400390625;3643664
2024-11-22 13:51:00-05:00;5964.5;5964.56005859375;5962.16015625;5963.0498046875;5963.0498046875;3258668
2024-11-22 13:52:00-05:00;5963.0;5963.990234375;5962.68994140625;5963.830078125;5963.830078125;2813121
2024-11-22 13:53:00-05:00;5963.8701171875;5964.64013671875;5963.5400390625;5964.43017578125;5964.43017578125;3259263
2024-11-22 13:54:00-05:00;5964.419921875;5964.85986328125;5964.2099609375;5964.85986328125;5964.85986328125;2647240
2024-11-22 13:55:00-05:00;5964.72998046875;5965.2099609375;5964.27978515625;5964.580078125;5964.580078125;2824059
2024-11-22 13:56:00-05:00;5964.52978515625;5964.85009765625;5964.0400390625;5964.419921875;5964.419921875;2731811
2024-11-22 13:57:00-05:00;5964.669921875;5967.240234375;5964.6298828125;5967.169921875;5967.169921875;3976804
2024-11-22 13:58:00-05:00;5967.08984375;5967.3701171875;5966.85009765625;5967.02001953125;5967.02001953125;3272484
2024-11-22 13:59:00-05:00;5966.990234375;5967.22021484375;5966.2099609375;5966.27001953125;5966.27001953125;3054478
2024-11-22 14:00:00-05:00;5966.27978515625;5966.27978515625;5965.22021484375;5965.259765625;5965.259765625;3210114
2024-11-22 14:01:00-05:00;5965.22021484375;5965.83984375;5965.169921875;5965.3798828125;5965.3798828125;3657982
2024-11-22 14:02:00-05:00;5965.3798828125;5965.64990234375;5965.31005859375;5965.580078125;5965.580078125;3066421
2024-11-22 14:03:00-05:00;5965.60986328125;5966.18994140625;5965.43994140625;5965.47998046875;5965.47998046875;2583529
2024-11-22 14:04:00-05:00;5965.43017578125;5965.77001953125;5965.2900390625;5965.64013671875;5965.64013671875;3776502
2024-11-22 14:05:00-05:00;5965.58984375;5965.6298828125;5964.68994140625;5965.06005859375;5965.06005859375;4561562
2024-11-22 14:06:00-05:00;5965.06982421875;5965.18994140625;5963.6298828125;5963.93017578125;5963.93017578125;4037637
2024-11-22 14:07:00-05:00;5963.919921875;5964.3798828125;5963.8701171875;5964.18017578125;5964.18017578125;3158676
2024-11-22 14:08:00-05:00;5964.1201171875;5964.43994140625;5963.169921875;5963.6201171875;5963.6201171875;3941500
2024-11-22 14:09:00-05:00;5963.56982421875;5964.06005859375;5963.25;5963.7998046875;5963.7998046875;2652678
2024-11-22 14:10:00-05:00;5963.81982421875;5964.18994140625;5961.89990234375;5962.06005859375;5962.06005859375;4570144
2024-11-22 14:11:00-05:00;5962.009765625;5962.740234375;5961.66015625;5961.66015625;5961.66015625;2453190
2024-11-22 14:12:00-05:00;5961.7001953125;5961.759765625;5960.97998046875;5961.43994140625;5961.43994140625;2817378
2024-11-22 14:13:00-05:00;5961.490234375;5962.06005859375;5961.419921875;5961.669921875;5961.669921875;3323960
2024-11-22 14:14:00-05:00;5961.68017578125;5961.72998046875;5960.8701171875;5961.10009765625;5961.10009765625;4030698
2024-11-22 14:15:00-05:00;5961.06982421875;5961.2001953125;5958.2900390625;5958.2900390625;5958.2900390625;3911419
2024-11-22 14:16:00-05:00;5958.169921875;5958.169921875;5954.9501953125;5956.85009765625;5956.85009765625;6344021
2024-11-22 14:17:00-05:00;5956.9599609375;5958.35009765625;5956.43017578125;5956.93994140625;5956.93994140625;3064318
2024-11-22 14:18:00-05:00;5956.93017578125;5956.9501953125;5955.7099609375;5955.93994140625;5955.93994140625;3146125
2024-11-22 14:19:00-05:00;5955.81982421875;5958.5;5955.81982421875;5958.47998046875;5958.47998046875;4069244
2024-11-22 14:20:00-05:00;5958.47021484375;5960.16015625;5958.169921875;5958.9501953125;5958.9501953125;4243912
2024-11-22 14:21:00-05:00;5958.97021484375;5960.10986328125;5958.93994140625;5959.7001953125;5959.7001953125;3887364
2024-11-22 14:22:00-05:00;5959.740234375;5961.72998046875;5959.740234375;5961.02001953125;5961.02001953125;3700141
2024-11-22 14:23:00-05:00;5961.0400390625;5961.0400390625;5960.31005859375;5960.64990234375;5960.64990234375;3330575
2024-11-22 14:24:00-05:00;5960.77001953125;5961.35009765625;5960.72021484375;5961.35009765625;5961.35009765625;2838725
2024-11-22 14:25:00-05:00;5961.3798828125;5961.39013671875;5960.240234375;5961.35009765625;5961.35009765625;3824068
2024-11-22 14:26:00-05:00;5961.31982421875;5963.60009765625;5961.22998046875;5963.43017578125;5963.43017578125;3627181
2024-11-22 14:27:00-05:00;5963.3701171875;5963.75;5963.22021484375;5963.52001953125;5963.52001953125;2790140
2024-11-22 14:28:00-05:00;5963.52978515625;5963.52978515625;5962.31005859375;5962.58984375;5962.58984375;3171705
2024-11-22 14:29:00-05:00;5962.56982421875;5962.56982421875;5961.5498046875;5962.0400390625;5962.0400390625;2732399
2024-11-22 14:30:00-05:00;5961.990234375;5962.10009765625;5961.56982421875;5962.0498046875;5962.0498046875;3033627
2024-11-22 14:31:00-05:00;5961.9599609375;5963.919921875;5961.8701171875;5963.419921875;5963.419921875;3525460
2024-11-22 14:32:00-05:00;5963.4501953125;5963.490234375;5962.77001953125;5962.8701171875;5962.8701171875;2921990
2024-11-22 14:33:00-05:00;5962.8798828125;5963.6201171875;5962.08984375;5963.58984375;5963.58984375;3570640
2024-11-22 14:34:00-05:00;5963.58984375;5964.18017578125;5963.4599609375;5964.18017578125;5964.18017578125;3234274
2024-11-22 14:35:00-05:00;5964.2001953125;5965.2900390625;5963.9599609375;5964.89013671875;5964.89013671875;3155013
2024-11-22 14:36:00-05:00;5965.02001953125;5965.16015625;5964.52001953125;5964.66015625;5964.66015625;3429468
2024-11-22 14:37:00-05:00;5964.6298828125;5966.0498046875;5964.6298828125;5965.81982421875;5965.81982421875;3911672
2024-11-22 14:38:00-05:00;5965.85986328125;5966.06005859375;5965.4599609375;5965.77978515625;5965.77978515625;3076673
2024-11-22 14:39:00-05:00;5965.72998046875;5966.39990234375;5965.6201171875;5966.2998046875;5966.2998046875;3335637
2024-11-22 14:40:00-05:00;5966.33984375;5966.33984375;5964.81982421875;5964.8701171875;5964.8701171875;3364089
2024-11-22 14:41:00-05:00;5964.830078125;5964.830078125;5964.08984375;5964.33984375;5964.33984375;3288104
2024-11-22 14:42:00-05:00;5964.31005859375;5964.919921875;5963.43017578125;5964.919921875;5964.919921875;3186374
2024-11-22 14:43:00-05:00;5964.91015625;5965.14990234375;5963.56982421875;5963.60986328125;5963.60986328125;3374813
2024-11-22 14:44:00-05:00;5963.580078125;5964.080078125;5963.39990234375;5963.72998046875;5963.72998046875;2873441
2024-11-22 14:45:00-05:00;5963.7998046875;5964.3798828125;5963.7998046875;5964.3798828125;5964.3798828125;2786656
2024-11-22 14:46:00-05:00;5964.31982421875;5964.31982421875;5963.89990234375;5964.0498046875;5964.0498046875;3176004
2024-11-22 14:47:00-05:00;5964.080078125;5964.830078125;5964.0400390625;5964.60009765625;5964.60009765625;4171378
2024-11-22 14:48:00-05:00;5964.580078125;5965.77978515625;5964.52978515625;5965.77978515625;5965.77978515625;3611321
2024-11-22 14:49:00-05:00;5965.7998046875;5965.830078125;5965.240234375;5965.740234375;5965.740234375;3366765
2024-11-22 14:50:00-05:00;5965.64013671875;5965.64013671875;5964.64013671875;5965.60986328125;5965.60986328125;3222488
2024-11-22 14:51:00-05:00;5965.66015625;5966.0;5965.02978515625;5965.47998046875;5965.47998046875;2840265
2024-11-22 14:52:00-05:00;5965.47021484375;5965.7001953125;5964.9501953125;5965.02978515625;5965.02978515625;3860945
2024-11-22 14:53:00-05:00;5965.06005859375;5966.4501953125;5965.0498046875;5966.39990234375;5966.39990234375;3252562
2024-11-22 14:54:00-05:00;5966.43994140625;5967.2900390625;5966.330078125;5967.18017578125;5967.18017578125;3257936
2024-11-22 14:55:00-05:00;5967.16015625;5967.43017578125;5966.6298828125;5967.43017578125;5967.43017578125;3984839
2024-11-22 14:56:00-05:00;5967.4501953125;5967.77978515625;5967.240234375;5967.240234375;5967.240234375;3733720
2024-11-22 14:57:00-05:00;5967.25;5968.14013671875;5967.18994140625;5967.8798828125;5967.8798828125;3795838
2024-11-22 14:58:00-05:00;5967.83984375;5967.83984375;5967.10986328125;5967.39013671875;5967.39013671875;3213065
2024-11-22 14:59:00-05:00;5967.35986328125;5967.35986328125;5965.990234375;5966.0400390625;5966.0400390625;4077917
2024-11-22 15:00:00-05:00;5966.06982421875;5966.06982421875;5964.35009765625;5964.47998046875;5964.47998046875;4486873
2024-11-22 15:01:00-05:00;5964.5498046875;5964.66015625;5963.52001953125;5964.1201171875;5964.1201171875;3984691
2024-11-22 15:02:00-05:00;5964.02001953125;5964.02001953125;5962.52978515625;5962.52978515625;5962.52978515625;3555845
2024-11-22 15:03:00-05:00;5962.5400390625;5962.5400390625;5958.2998046875;5958.75;5958.75;5861501
2024-11-22 15:04:00-05:00;5958.77978515625;5958.85009765625;5955.56005859375;5957.7001953125;5957.7001953125;4796975
2024-11-22 15:05:00-05:00;5957.72021484375;5960.10009765625;5957.509765625;5960.10009765625;5960.10009765625;4549139
2024-11-22 15:06:00-05:00;5960.10009765625;5961.0;5959.9599609375;5960.8798828125;5960.8798828125;4131539
2024-11-22 15:07:00-05:00;5960.8798828125;5961.7900390625;5960.580078125;5960.60009765625;5960.60009765625;4130026
2024-11-22 15:08:00-05:00;5960.56005859375;5960.60009765625;5958.64990234375;5958.72998046875;5958.72998046875;3250380
2024-11-22 15:09:00-05:00;5958.64990234375;5958.81005859375;5958.16015625;5958.330078125;5958.330078125;3404856
2024-11-22 15:10:00-05:00;5958.27978515625;5958.7001953125;5957.7099609375;5958.14990234375;5958.14990234375;3851266
2024-11-22 15:11:00-05:00;5958.16015625;5958.240234375;5955.93017578125;5955.93017578125;5955.93017578125;3899625
2024-11-22 15:12:00-05:00;5956.08984375;5956.990234375;5955.740234375;5956.72021484375;5956.72021484375;3681739
2024-11-22 15:13:00-05:00;5956.669921875;5957.06982421875;5956.0498046875;5956.39990234375;5956.39990234375;3956879
2024-11-22 15:14:00-05:00;5956.5498046875;5956.66015625;5954.669921875;5954.97998046875;5954.97998046875;4184571
2024-11-22 15:15:00-05:00;5954.919921875;5956.77001953125;5954.52978515625;5956.4501953125;5956.4501953125;4180156
2024-11-22 15:16:00-05:00;5956.47998046875;5957.8798828125;5956.16015625;5957.8798828125;5957.8798828125;4642731
2024-11-22 15:17:00-05:00;5957.85009765625;5958.75;5957.740234375;5958.0;5958.0;4233977
2024-11-22 15:18:00-05:00;5958.02978515625;5959.4599609375;5957.89990234375;5959.27978515625;5959.27978515625;4464734
2024-11-22 15:19:00-05:00;5959.27978515625;5959.93994140625;5958.93994140625;5959.81005859375;5959.81005859375;3789347
2024-11-22 15:20:00-05:00;5959.81982421875;5960.2900390625;5959.5498046875;5959.9599609375;5959.9599609375;4039192
2024-11-22 15:21:00-05:00;5959.919921875;5959.919921875;5959.5;5959.77978515625;5959.77978515625;3857543
2024-11-22 15:22:00-05:00;5959.669921875;5959.669921875;5958.68994140625;5958.8798828125;5958.8798828125;4061287
2024-11-22 15:23:00-05:00;5958.919921875;5960.7001953125;5958.919921875;5959.5400390625;5959.5400390625;5198221
2024-11-22 15:24:00-05:00;5959.6201171875;5960.2900390625;5959.6201171875;5960.06982421875;5960.06982421875;3823253
2024-11-22 15:25:00-05:00;5960.14013671875;5960.5;5959.64013671875;5960.31005859375;5960.31005859375;4390532
2024-11-22 15:26:00-05:00;5960.27978515625;5960.60009765625;5960.06982421875;5960.52001953125;5960.52001953125;3884640
2024-11-22 15:27:00-05:00;5960.47021484375;5961.1201171875;5960.08984375;5960.669921875;5960.669921875;4111447
2024-11-22 15:28:00-05:00;5960.72998046875;5961.1201171875;5960.31982421875;5960.33984375;5960.33984375;4191569
2024-11-22 15:29:00-05:00;5960.27978515625;5960.83984375;5956.39013671875;5959.7099609375;5959.7099609375;10839099
2024-11-22 15:30:00-05:00;5959.56005859375;5960.10009765625;5958.89013671875;5960.10009765625;5960.10009765625;5414266
2024-11-22 15:31:00-05:00;5960.10986328125;5960.580078125;5959.8798828125;5960.2900390625;5960.2900390625;4447743
2024-11-22 15:32:00-05:00;5960.4501953125;5963.31982421875;5960.4501953125;5963.009765625;5963.009765625;6162523
2024-11-22 15:33:00-05:00;5962.919921875;5962.919921875;5962.2001953125;5962.60986328125;5962.60986328125;4874633
2024-11-22 15:34:00-05:00;5962.6298828125;5964.02001953125;5962.43994140625;5963.1298828125;5963.1298828125;5687050
2024-11-22 15:35:00-05:00;5963.14990234375;5963.830078125;5963.0498046875;5963.22021484375;5963.22021484375;5190134
2024-11-22 15:36:00-05:00;5963.240234375;5963.6201171875;5962.85986328125;5962.97021484375;5962.97021484375;5354343
2024-11-22 15:37:00-05:00;5962.919921875;5962.919921875;5960.93994140625;5961.27978515625;5961.27978515625;6289052
2024-11-22 15:38:00-05:00;5961.330078125;5962.5498046875;5961.240234375;5962.22021484375;5962.22021484375;5096767
2024-11-22 15:39:00-05:00;5962.22021484375;5962.35986328125;5961.7099609375;5961.9501953125;5961.9501953125;5119415
2024-11-22 15:40:00-05:00;5961.990234375;5962.2900390625;5960.759765625;5961.009765625;5961.009765625;6058421
2024-11-22 15:41:00-05:00;5961.009765625;5961.8701171875;5960.68994140625;5961.080078125;5961.080078125;6374679
2024-11-22 15:42:00-05:00;5961.06005859375;5961.1298828125;5959.72021484375;5959.9501953125;5959.9501953125;6329919
2024-11-22 15:43:00-05:00;5960.009765625;5960.39013671875;5959.89990234375;5960.080078125;5960.080078125;5301222
2024-11-22 15:44:00-05:00;5960.08984375;5960.509765625;5959.66015625;5960.509765625;5960.509765625;6479814
2024-11-22 15:45:00-05:00;5960.39990234375;5961.4501953125;5960.0400390625;5961.41015625;5961.41015625;6849511
2024-11-22 15:46:00-05:00;5961.419921875;5963.56982421875;5961.419921875;5963.52001953125;5963.52001953125;7361404
2024-11-22 15:47:00-05:00;5963.52001953125;5963.7998046875;5963.06982421875;5963.72021484375;5963.72021484375;7932120
2024-11-22 15:48:00-05:00;5963.75;5963.75;5963.08984375;5963.66015625;5963.66015625;6924066
2024-11-22 15:49:00-05:00;5963.68994140625;5963.9599609375;5963.27978515625;5963.91015625;5963.91015625;8715742
2024-11-22 15:50:00-05:00;5963.8701171875;5965.97021484375;5962.7099609375;5965.93994140625;5965.93994140625;13888479
2024-11-22 15:51:00-05:00;5965.85986328125;5967.58984375;5965.66015625;5967.5400390625;5967.5400390625;13066882
2024-11-22 15:52:00-05:00;5967.43994140625;5969.25;5967.16015625;5968.97021484375;5968.97021484375;12880617
2024-11-22 15:53:00-05:00;5968.81005859375;5969.83984375;5968.33984375;5969.47998046875;5969.47998046875;12706677
2024-11-22 15:54:00-05:00;5969.35009765625;5969.7998046875;5967.31982421875;5969.740234375;5969.740234375;15424089
2024-11-22 15:55:00-05:00;5969.68994140625;5972.89990234375;5969.22021484375;5969.990234375;5969.990234375;19976785
2024-11-22 15:56:00-05:00;5969.93017578125;5970.240234375;5969.18994140625;5969.919921875;5969.919921875;20203512
2024-11-22 15:57:00-05:00;5969.919921875;5971.91015625;5969.919921875;5970.47021484375;5970.47021484375;18314601
2024-11-22 15:58:00-05:00;5970.580078125;5972.330078125;5970.580078125;5971.4501953125;5971.4501953125;18944066
2024-11-22 15:59:00-05:00;5971.5498046875;5972.1298828125;5967.830078125;5968.259765625;5968.259765625;20024657
