Datetime;Open;High;Low;Close;Adj Close;Volume
2024-09-30 09:30:00-04:00;5726.52001953125;5728.080078125;5724.669921875;5727.08984375;5727.08984375;0
2024-09-30 09:31:00-04:00;5726.9501953125;5731.43994140625;5726.2998046875;5731.43994140625;5731.43994140625;17332193
2024-09-30 09:32:00-04:00;5731.43994140625;5732.1298828125;5730.830078125;5730.97021484375;5730.97021484375;11535344
2024-09-30 09:33:00-04:00;5731.1298828125;5733.60986328125;5730.41015625;5733.14013671875;5733.14013671875;10618680
2024-09-30 09:34:00-04:00;5733.1298828125;5733.72021484375;5731.1201171875;5733.31005859375;5733.31005859375;10345265
2024-09-30 09:35:00-04:00;5733.33984375;5734.43017578125;5732.169921875;5732.81982421875;5732.81982421875;8885418
2024-09-30 09:36:00-04:00;5732.93017578125;5736.4599609375;5732.93017578125;5736.080078125;5736.080078125;9616807
2024-09-30 09:37:00-04:00;5736.330078125;5737.5;5735.91015625;5736.33984375;5736.33984375;9440353
2024-09-30 09:38:00-04:00;5736.4599609375;5736.740234375;5734.0;5734.0;5734.0;8094690
2024-09-30 09:39:00-04:00;5733.7001953125;5734.419921875;5733.16015625;5733.7001953125;5733.7001953125;7177838
2024-09-30 09:40:00-04:00;5733.52001953125;5734.39990234375;5733.009765625;5733.14990234375;5733.14990234375;7196143
2024-09-30 09:41:00-04:00;5733.18994140625;5733.52978515625;5731.18017578125;5731.93994140625;5731.93994140625;6834085
2024-09-30 09:42:00-04:00;5732.1298828125;5733.009765625;5731.22021484375;5731.259765625;5731.259765625;6561503
2024-09-30 09:43:00-04:00;5731.08984375;5731.47021484375;5730.2099609375;5730.27001953125;5730.27001953125;5886632
2024-09-30 09:44:00-04:00;5730.10009765625;5731.91015625;5729.93994140625;5731.759765625;5731.759765625;5852134
2024-09-30 09:45:00-04:00;5731.56982421875;5734.14013671875;5731.14013671875;5731.41015625;5731.41015625;7475107
2024-09-30 09:46:00-04:00;5731.490234375;5732.669921875;5731.06982421875;5732.509765625;5732.509765625;5816790
2024-09-30 09:47:00-04:00;5732.56982421875;5733.9599609375;5732.56982421875;5733.27978515625;5733.27978515625;5983106
2024-09-30 09:48:00-04:00;5733.06005859375;5734.14013671875;5732.85009765625;5733.4501953125;5733.4501953125;6451782
2024-09-30 09:49:00-04:00;5733.58984375;5734.2001953125;5732.4501953125;5733.52978515625;5733.52978515625;5587479
2024-09-30 09:50:00-04:00;5733.509765625;5734.18994140625;5732.56982421875;5732.7001953125;5732.7001953125;6049475
2024-09-30 09:51:00-04:00;5732.5400390625;5732.83984375;5731.25;5731.7900390625;5731.7900390625;5681060
2024-09-30 09:52:00-04:00;5731.759765625;5734.27978515625;5731.58984375;5733.8701171875;5733.8701171875;5172787
2024-09-30 09:53:00-04:00;5733.85986328125;5734.14990234375;5732.14990234375;5733.4501953125;5733.4501953125;5540996
2024-09-30 09:54:00-04:00;5733.47998046875;5733.47998046875;5731.080078125;5731.33984375;5731.33984375;6499960
2024-09-30 09:55:00-04:00;5731.18994140625;5731.58984375;5730.2001953125;5731.0498046875;5731.0498046875;5648952
2024-09-30 09:56:00-04:00;5730.990234375;5732.68017578125;5729.89990234375;5730.080078125;5730.080078125;5514423
2024-09-30 09:57:00-04:00;5730.06982421875;5730.5;5729.39990234375;5729.91015625;5729.91015625;6045994
2024-09-30 09:58:00-04:00;5729.7099609375;5731.2998046875;5729.0498046875;5730.2001953125;5730.2001953125;5321838
2024-09-30 09:59:00-04:00;5729.97998046875;5730.830078125;5727.81982421875;5728.240234375;5728.240234375;5603655
2024-09-30 10:00:00-04:00;5728.35986328125;5728.509765625;5726.60986328125;5728.2900390625;5728.2900390625;6826582
2024-09-30 10:01:00-04:00;5728.490234375;5730.83984375;5728.490234375;5730.83984375;5730.83984375;7071593
2024-09-30 10:02:00-04:00;5730.7998046875;5732.0498046875;5730.669921875;5732.02978515625;5732.02978515625;6089001
2024-09-30 10:03:00-04:00;5732.18017578125;5732.18017578125;5730.4599609375;5730.7099609375;5730.7099609375;5728668
2024-09-30 10:04:00-04:00;5730.7900390625;5730.97998046875;5728.89990234375;5728.89990234375;5728.89990234375;4799994
2024-09-30 10:05:00-04:00;5729.02001953125;5731.47021484375;5728.60986328125;5731.3701171875;5731.3701171875;5141262
2024-09-30 10:06:00-04:00;5731.509765625;5731.93994140625;5729.75;5731.75;5731.75;5633968
2024-09-30 10:07:00-04:00;5731.6298828125;5731.89013671875;5730.60009765625;5730.83984375;5730.83984375;4924308
2024-09-30 10:08:00-04:00;5730.669921875;5730.91015625;5729.25;5730.10986328125;5730.10986328125;5191277
2024-09-30 10:09:00-04:00;5730.009765625;5731.3798828125;5728.2998046875;5731.2998046875;5731.2998046875;6022593
2024-09-30 10:10:00-04:00;5731.14013671875;5731.14013671875;5729.27001953125;5730.89013671875;5730.89013671875;4555808
2024-09-30 10:11:00-04:00;5730.93017578125;5731.7900390625;5730.7001953125;5731.10009765625;5731.10009765625;4858850
2024-09-30 10:12:00-04:00;5731.16015625;5731.2001953125;5729.6298828125;5729.830078125;5729.830078125;4224782
2024-09-30 10:13:00-04:00;5729.830078125;5730.22021484375;5729.06982421875;5729.10009765625;5729.10009765625;4063677
2024-09-30 10:14:00-04:00;5729.22021484375;5729.7900390625;5728.3701171875;5728.3701171875;5728.3701171875;5077749
2024-09-30 10:15:00-04:00;5728.2998046875;5729.43994140625;5726.60009765625;5727.0400390625;5727.0400390625;6324191
2024-09-30 10:16:00-04:00;5727.14990234375;5728.2099609375;5727.0;5727.89990234375;5727.89990234375;5133652
2024-09-30 10:17:00-04:00;5727.85009765625;5728.1201171875;5726.52978515625;5726.7900390625;5726.7900390625;5356431
2024-09-30 10:18:00-04:00;5726.7900390625;5727.4501953125;5726.43994140625;5727.4501953125;5727.4501953125;5011252
2024-09-30 10:19:00-04:00;5727.330078125;5727.4599609375;5726.60986328125;5726.81005859375;5726.81005859375;3880817
2024-09-30 10:20:00-04:00;5726.81005859375;5728.77978515625;5726.64013671875;5727.759765625;5727.759765625;5041631
2024-09-30 10:21:00-04:00;5727.60986328125;5728.60009765625;5727.27978515625;5728.60009765625;5728.60009765625;4275314
2024-09-30 10:22:00-04:00;5728.60986328125;5728.60986328125;5727.0;5727.5;5727.5;4251789
2024-09-30 10:23:00-04:00;5727.35009765625;5727.830078125;5726.68994140625;5726.72998046875;5726.72998046875;3627172
2024-09-30 10:24:00-04:00;5726.81005859375;5726.81005859375;5725.490234375;5725.7099609375;5725.7099609375;4664474
2024-09-30 10:25:00-04:00;5725.72021484375;5726.2099609375;5724.35009765625;5724.52001953125;5724.52001953125;5333135
2024-09-30 10:26:00-04:00;5724.47021484375;5728.31005859375;5724.3798828125;5728.10009765625;5728.10009765625;5698017
2024-09-30 10:27:00-04:00;5727.89990234375;5729.2900390625;5727.33984375;5729.2099609375;5729.2099609375;4499478
2024-09-30 10:28:00-04:00;5729.47021484375;5729.47021484375;5727.68017578125;5728.75;5728.75;4649832
2024-09-30 10:29:00-04:00;5729.08984375;5730.52978515625;5728.83984375;5730.52978515625;5730.52978515625;4457697
2024-09-30 10:30:00-04:00;5730.419921875;5732.47998046875;5730.419921875;5731.3701171875;5731.3701171875;5590888
2024-09-30 10:31:00-04:00;5731.2998046875;5731.6201171875;5730.56982421875;5730.56982421875;5730.56982421875;1904650
2024-09-30 10:32:00-04:00;5730.990234375;5731.740234375;5730.4599609375;5731.68017578125;5731.68017578125;6542441
2024-09-30 10:33:00-04:00;5731.83984375;5734.240234375;5731.27001953125;5734.22998046875;5734.22998046875;4274636
2024-09-30 10:34:00-04:00;5734.2001953125;5736.2001953125;5734.2001953125;5735.009765625;5735.009765625;4650155
2024-09-30 10:35:00-04:00;5734.9501953125;5735.2001953125;5734.14990234375;5735.2001953125;5735.2001953125;4095534
2024-09-30 10:36:00-04:00;5735.22998046875;5736.52978515625;5734.47998046875;5734.47998046875;5734.47998046875;4728781
2024-09-30 10:37:00-04:00;5734.64013671875;5734.81005859375;5733.2998046875;5733.2998046875;5733.2998046875;4084726
2024-09-30 10:38:00-04:00;5733.2001953125;5734.009765625;5731.02978515625;5733.81982421875;5733.81982421875;4099503
2024-09-30 10:39:00-04:00;5733.759765625;5734.91015625;5733.14013671875;5734.8798828125;5734.8798828125;4058954
2024-09-30 10:40:00-04:00;5734.8701171875;5735.7099609375;5734.83984375;5735.39013671875;5735.39013671875;4281535
2024-09-30 10:41:00-04:00;5735.2998046875;5735.7001953125;5734.25;5734.25;5734.25;3764971
2024-09-30 10:42:00-04:00;5734.2998046875;5734.3798828125;5733.330078125;5733.47021484375;5733.47021484375;4536945
2024-09-30 10:43:00-04:00;5733.330078125;5734.18017578125;5733.02001953125;5733.89990234375;5733.89990234375;4611659
2024-09-30 10:44:00-04:00;5733.93994140625;5734.43994140625;5733.759765625;5734.080078125;5734.080078125;2029151
2024-09-30 10:45:00-04:00;5734.85009765625;5736.1298828125;5734.81982421875;5736.1298828125;5736.1298828125;5844233
2024-09-30 10:46:00-04:00;5736.1201171875;5736.33984375;5734.66015625;5735.06982421875;5735.06982421875;3944853
2024-09-30 10:47:00-04:00;5735.0400390625;5735.7900390625;5734.490234375;5734.490234375;5734.490234375;3982680
2024-09-30 10:48:00-04:00;5734.56982421875;5736.3798828125;5733.97021484375;5736.3798828125;5736.3798828125;4149672
2024-09-30 10:49:00-04:00;5736.4501953125;5737.16015625;5735.89013671875;5736.43994140625;5736.43994140625;3573990
2024-09-30 10:50:00-04:00;5736.25;5736.43017578125;5735.41015625;5736.2099609375;5736.2099609375;3675161
2024-09-30 10:51:00-04:00;5736.22021484375;5736.22021484375;5735.02001953125;5735.22021484375;5735.22021484375;3213035
2024-09-30 10:52:00-04:00;5735.22021484375;5735.72998046875;5734.2001953125;5734.39013671875;5734.39013671875;3679653
2024-09-30 10:53:00-04:00;5734.31005859375;5736.0400390625;5733.9599609375;5735.68017578125;5735.68017578125;3776617
2024-09-30 10:54:00-04:00;5735.8701171875;5736.10986328125;5734.759765625;5734.8701171875;5734.8701171875;3530955
2024-09-30 10:55:00-04:00;5734.81005859375;5735.64990234375;5734.68017578125;5735.240234375;5735.240234375;3753410
2024-09-30 10:56:00-04:00;5735.330078125;5735.509765625;5733.85986328125;5734.6201171875;5734.6201171875;5226875
2024-09-30 10:57:00-04:00;5734.580078125;5735.419921875;5734.419921875;5734.72998046875;5734.72998046875;3719610
2024-09-30 10:58:00-04:00;5734.669921875;5735.009765625;5733.7998046875;5734.2001953125;5734.2001953125;3548190
2024-09-30 10:59:00-04:00;5734.33984375;5734.56982421875;5733.43994140625;5734.14990234375;5734.14990234375;4045218
2024-09-30 11:00:00-04:00;5734.169921875;5735.52001953125;5733.77978515625;5735.47021484375;5735.47021484375;4607275
2024-09-30 11:01:00-04:00;5735.5400390625;5736.919921875;5734.77978515625;5735.06982421875;5735.06982421875;3725428
2024-09-30 11:02:00-04:00;5735.14013671875;5735.72021484375;5734.56982421875;5734.9501953125;5734.9501953125;3120377
2024-09-30 11:03:00-04:00;5734.91015625;5736.1201171875;5734.8798828125;5736.1201171875;5736.1201171875;3571467
2024-09-30 11:04:00-04:00;5736.10986328125;5738.10986328125;5735.7998046875;5737.93017578125;5737.93017578125;3850541
2024-09-30 11:05:00-04:00;5737.89013671875;5738.4501953125;5736.22998046875;5736.56005859375;5736.56005859375;3969038
2024-09-30 11:06:00-04:00;5736.56982421875;5737.06005859375;5735.5400390625;5736.5498046875;5736.5498046875;3655256
2024-09-30 11:07:00-04:00;5736.60009765625;5738.419921875;5736.330078125;5736.33984375;5736.33984375;4319640
2024-09-30 11:08:00-04:00;5736.33984375;5736.33984375;5734.6201171875;5734.6201171875;5734.6201171875;3590435
2024-09-30 11:09:00-04:00;5734.68994140625;5734.68994140625;5733.080078125;5733.18994140625;5733.18994140625;3438707
2024-09-30 11:10:00-04:00;5733.35986328125;5734.759765625;5732.91015625;5733.5;5733.5;3702435
2024-09-30 11:11:00-04:00;5733.740234375;5735.5;5733.740234375;5735.3798828125;5735.3798828125;3900380
2024-09-30 11:12:00-04:00;5735.27001953125;5735.35009765625;5734.14013671875;5734.85986328125;5734.85986328125;3565487
2024-09-30 11:13:00-04:00;5734.81982421875;5736.7998046875;5734.72021484375;5736.7998046875;5736.7998046875;4025718
2024-09-30 11:14:00-04:00;5737.16015625;5738.02001953125;5737.16015625;5737.81005859375;5737.81005859375;3796108
2024-09-30 11:15:00-04:00;5737.85009765625;5738.39990234375;5737.5;5737.919921875;5737.919921875;4035763
2024-09-30 11:16:00-04:00;5737.97021484375;5738.64990234375;5737.60986328125;5737.89990234375;5737.89990234375;4920332
2024-09-30 11:17:00-04:00;5737.97021484375;5738.2900390625;5736.8798828125;5738.2900390625;5738.2900390625;4908622
2024-09-30 11:18:00-04:00;5738.64013671875;5738.64013671875;5736.85986328125;5736.85986328125;5736.85986328125;3445551
2024-09-30 11:19:00-04:00;5736.81982421875;5737.2998046875;5736.3701171875;5737.2998046875;5737.2998046875;3162049
2024-09-30 11:20:00-04:00;5737.14013671875;5738.10986328125;5737.1298828125;5737.56982421875;5737.56982421875;3475989
2024-09-30 11:21:00-04:00;5737.60986328125;5738.8701171875;5737.22998046875;5738.6201171875;5738.6201171875;4018466
2024-09-30 11:22:00-04:00;5738.43994140625;5738.43994140625;5737.47021484375;5738.08984375;5738.08984375;2986376
2024-09-30 11:23:00-04:00;5738.06982421875;5738.330078125;5737.0498046875;5737.10009765625;5737.10009765625;3066599
2024-09-30 11:24:00-04:00;5737.08984375;5737.9599609375;5737.08984375;5737.419921875;5737.419921875;3316493
2024-09-30 11:25:00-04:00;5737.39990234375;5737.919921875;5737.14990234375;5737.14990234375;5737.14990234375;3788554
2024-09-30 11:26:00-04:00;5737.080078125;5737.830078125;5736.7900390625;5737.830078125;5737.830078125;3717380
2024-09-30 11:27:00-04:00;5737.81982421875;5738.14013671875;5737.2001953125;5737.31982421875;5737.31982421875;1775898
2024-09-30 11:28:00-04:00;5737.16015625;5737.52001953125;5737.16015625;5737.5;5737.5;6463262
2024-09-30 11:29:00-04:00;5737.47021484375;5737.81005859375;5737.25;5737.39990234375;5737.39990234375;0
2024-09-30 11:30:00-04:00;5738.7900390625;5739.43017578125;5738.7900390625;5739.2001953125;5739.2001953125;685078658
2024-09-30 11:31:00-04:00;5739.2001953125;5739.47021484375;5739.18017578125;5739.330078125;5739.330078125;0
2024-09-30 11:32:00-04:00;5737.6201171875;5737.77978515625;5737.0498046875;5737.2001953125;5737.2001953125;693270703
2024-09-30 11:33:00-04:00;5737.18017578125;5737.35009765625;5736.1298828125;5736.16015625;5736.16015625;3585724
2024-09-30 11:34:00-04:00;5736.080078125;5736.39013671875;5734.77978515625;5735.259765625;5735.259765625;4635526
2024-09-30 11:35:00-04:00;5735.14013671875;5736.2001953125;5734.81005859375;5736.16015625;5736.16015625;4088590
2024-09-30 11:36:00-04:00;5736.16015625;5736.16015625;5733.31982421875;5733.41015625;5733.41015625;3468946
2024-09-30 11:37:00-04:00;5733.3798828125;5733.7001953125;5732.5400390625;5732.7001953125;5732.7001953125;3515372
2024-09-30 11:38:00-04:00;5732.75;5733.330078125;5732.22021484375;5732.72998046875;5732.72998046875;3951226
2024-09-30 11:39:00-04:00;5732.75;5732.7900390625;5732.18994140625;5732.52001953125;5732.52001953125;3136513
2024-09-30 11:40:00-04:00;5732.4501953125;5732.5;5730.41015625;5730.41015625;5730.41015625;4218078
2024-09-30 11:41:00-04:00;5730.4501953125;5730.97998046875;5729.22021484375;5730.0400390625;5730.0400390625;3916524
2024-09-30 11:42:00-04:00;5730.02001953125;5731.68017578125;5729.6201171875;5731.60986328125;5731.60986328125;3871674
2024-09-30 11:43:00-04:00;5731.5400390625;5734.35986328125;5731.3798828125;5734.35009765625;5734.35009765625;3794045
2024-09-30 11:44:00-04:00;5734.330078125;5734.89990234375;5733.93017578125;5733.93017578125;5733.93017578125;3111704
2024-09-30 11:45:00-04:00;5733.830078125;5734.58984375;5733.31005859375;5734.22021484375;5734.22021484375;2644802
2024-09-30 11:46:00-04:00;5734.22998046875;5735.81005859375;5733.85009765625;5735.81005859375;5735.81005859375;3218991
2024-09-30 11:47:00-04:00;5735.85009765625;5737.1201171875;5735.85009765625;5736.10986328125;5736.10986328125;3545884
2024-09-30 11:48:00-04:00;5736.14013671875;5736.14013671875;5735.31005859375;5735.85009765625;5735.85009765625;3968007
2024-09-30 11:49:00-04:00;5736.240234375;5736.85986328125;5736.009765625;5736.7900390625;5736.7900390625;3076619
2024-09-30 11:50:00-04:00;5736.89013671875;5737.2998046875;5736.5400390625;5736.64013671875;5736.64013671875;3861457
2024-09-30 11:51:00-04:00;5736.58984375;5736.68994140625;5735.919921875;5736.41015625;5736.41015625;3317039
2024-09-30 11:52:00-04:00;5736.5498046875;5736.83984375;5736.06982421875;5736.72998046875;5736.72998046875;3291665
2024-09-30 11:53:00-04:00;5736.81005859375;5736.81005859375;5735.740234375;5735.7900390625;5735.7900390625;2559374
2024-09-30 11:54:00-04:00;5735.93017578125;5736.68994140625;5735.66015625;5736.5;5736.5;2599040
2024-09-30 11:55:00-04:00;5736.5400390625;5737.43994140625;5736.39013671875;5736.97021484375;5736.97021484375;3295292
2024-09-30 11:56:00-04:00;5736.990234375;5736.990234375;5736.1298828125;5736.89013671875;5736.89013671875;2486168
2024-09-30 11:57:00-04:00;5736.91015625;5737.7099609375;5736.75;5737.1201171875;5737.1201171875;3159657
2024-09-30 11:58:00-04:00;5737.22021484375;5737.35009765625;5736.72998046875;5736.830078125;5736.830078125;2446201
2024-09-30 11:59:00-04:00;5736.93017578125;5737.35009765625;5736.7099609375;5736.81982421875;5736.81982421875;2465052
2024-09-30 12:00:00-04:00;5736.85009765625;5738.6298828125;5736.85009765625;5738.6298828125;5738.6298828125;3354986
2024-09-30 12:01:00-04:00;5738.52001953125;5739.1298828125;5738.0498046875;5738.0498046875;5738.0498046875;2592973
2024-09-30 12:02:00-04:00;5738.10986328125;5739.06005859375;5738.10986328125;5739.0;5739.0;2590366
2024-09-30 12:03:00-04:00;5739.0;5739.31982421875;5738.259765625;5738.77978515625;5738.77978515625;2448923
2024-09-30 12:04:00-04:00;5738.740234375;5739.3701171875;5738.06982421875;5739.22021484375;5739.22021484375;2756218
2024-09-30 12:05:00-04:00;5739.27978515625;5740.33984375;5739.06005859375;5740.18994140625;5740.18994140625;2938459
2024-09-30 12:06:00-04:00;5740.240234375;5740.64013671875;5739.7998046875;5740.5498046875;5740.5498046875;2530974
2024-09-30 12:07:00-04:00;5740.5400390625;5742.330078125;5740.31005859375;5741.919921875;5741.919921875;2931698
2024-09-30 12:08:00-04:00;5741.89990234375;5743.72021484375;5741.89990234375;5742.39990234375;5742.39990234375;3851460
2024-09-30 12:09:00-04:00;5742.47998046875;5742.47998046875;5741.2001953125;5741.41015625;5741.41015625;2429488
2024-09-30 12:10:00-04:00;5741.43017578125;5743.759765625;5741.35986328125;5743.3798828125;5743.3798828125;2682787
2024-09-30 12:11:00-04:00;5743.27001953125;5743.5;5740.2900390625;5740.2900390625;5740.2900390625;3424011
2024-09-30 12:12:00-04:00;5740.0400390625;5740.0400390625;5738.47998046875;5738.9501953125;5738.9501953125;3146652
2024-09-30 12:13:00-04:00;5739.2099609375;5740.4501953125;5739.08984375;5740.41015625;5740.41015625;2621399
2024-09-30 12:14:00-04:00;5740.419921875;5742.02978515625;5740.39013671875;5741.83984375;5741.83984375;2746909
2024-09-30 12:15:00-04:00;5741.91015625;5743.39990234375;5741.91015625;5743.27001953125;5743.27001953125;3073617
2024-09-30 12:16:00-04:00;5743.27978515625;5743.41015625;5742.7998046875;5743.06982421875;5743.06982421875;2327783
2024-09-30 12:17:00-04:00;5743.08984375;5743.08984375;5742.31005859375;5742.56982421875;5742.56982421875;3554656
2024-09-30 12:18:00-04:00;5742.5498046875;5742.97021484375;5742.47021484375;5742.64990234375;5742.64990234375;3344671
2024-09-30 12:19:00-04:00;5742.6298828125;5742.6298828125;5741.259765625;5741.35986328125;5741.35986328125;2294722
2024-09-30 12:20:00-04:00;5741.3798828125;5741.490234375;5740.7099609375;5741.10986328125;5741.10986328125;2472543
2024-09-30 12:21:00-04:00;5741.10009765625;5741.68017578125;5741.02001953125;5741.64013671875;5741.64013671875;2494845
2024-09-30 12:22:00-04:00;5741.6298828125;5743.85986328125;5741.02001953125;5742.47998046875;5742.47998046875;4268774
2024-09-30 12:23:00-04:00;5742.4599609375;5742.4599609375;5741.10009765625;5741.5;5741.5;2573096
2024-09-30 12:24:00-04:00;5741.47021484375;5741.47021484375;5740.52001953125;5740.97998046875;5740.97998046875;2222209
2024-09-30 12:25:00-04:00;5740.97021484375;5741.08984375;5740.31982421875;5740.830078125;5740.830078125;2099167
2024-09-30 12:26:00-04:00;5740.8701171875;5741.22021484375;5740.669921875;5740.9599609375;5740.9599609375;2310866
2024-09-30 12:27:00-04:00;5740.97021484375;5741.759765625;5740.9599609375;5741.68017578125;5741.68017578125;2117587
2024-09-30 12:28:00-04:00;5741.7001953125;5741.97998046875;5741.27978515625;5741.47021484375;5741.47021484375;2102488
2024-09-30 12:29:00-04:00;5741.56005859375;5741.580078125;5740.85009765625;5740.89990234375;5740.89990234375;2297466
2024-09-30 12:30:00-04:00;5740.8701171875;5741.259765625;5739.85986328125;5740.64013671875;5740.64013671875;3308329
2024-09-30 12:31:00-04:00;5740.56005859375;5741.06005859375;5739.259765625;5739.259765625;5739.259765625;2538852
2024-09-30 12:32:00-04:00;5739.3798828125;5739.3798828125;5738.68017578125;5738.7900390625;5738.7900390625;2201415
2024-09-30 12:33:00-04:00;5738.7900390625;5739.1298828125;5738.56005859375;5738.81982421875;5738.81982421875;2077528
2024-09-30 12:34:00-04:00;5738.8798828125;5739.25;5738.5498046875;5738.72021484375;5738.72021484375;2275478
2024-09-30 12:35:00-04:00;5738.740234375;5740.35009765625;5738.60986328125;5740.22998046875;5740.22998046875;2709948
2024-09-30 12:36:00-04:00;5740.25;5741.0;5740.25;5740.5;5740.5;2559222
2024-09-30 12:37:00-04:00;5740.47998046875;5740.81005859375;5738.91015625;5738.97021484375;5738.97021484375;2635592
2024-09-30 12:38:00-04:00;5738.97021484375;5739.759765625;5738.93994140625;5739.330078125;5739.330078125;2480605
2024-09-30 12:39:00-04:00;5739.2900390625;5739.509765625;5739.0498046875;5739.1201171875;5739.1201171875;2489601
2024-09-30 12:40:00-04:00;5739.10009765625;5739.22021484375;5738.35009765625;5738.39013671875;5738.39013671875;2651670
2024-09-30 12:41:00-04:00;5738.52001953125;5738.68994140625;5738.2001953125;5738.2900390625;5738.2900390625;2174569
2024-09-30 12:42:00-04:00;5738.27978515625;5738.33984375;5737.08984375;5737.25;5737.25;2396660
2024-09-30 12:43:00-04:00;5737.3798828125;5738.2900390625;5737.3701171875;5737.9599609375;5737.9599609375;2102383
2024-09-30 12:44:00-04:00;5738.02001953125;5738.18994140625;5737.169921875;5737.27001953125;5737.27001953125;2170701
2024-09-30 12:45:00-04:00;5737.27978515625;5737.9599609375;5736.77978515625;5737.81005859375;5737.81005859375;2754443
2024-09-30 12:46:00-04:00;5737.8701171875;5738.5400390625;5737.8701171875;5738.10009765625;5738.10009765625;2191249
2024-09-30 12:47:00-04:00;5738.10009765625;5738.490234375;5737.64013671875;5738.06982421875;5738.06982421875;1875692
2024-09-30 12:48:00-04:00;5737.89990234375;5738.0;5737.2099609375;5737.52978515625;5737.52978515625;2166680
2024-09-30 12:49:00-04:00;5737.64013671875;5738.02001953125;5737.06982421875;5737.97021484375;5737.97021484375;2231337
2024-09-30 12:50:00-04:00;5737.990234375;5739.169921875;5737.990234375;5738.830078125;5738.830078125;2648368
2024-09-30 12:51:00-04:00;5738.7998046875;5738.7998046875;5737.8701171875;5737.89990234375;5737.89990234375;2319564
2024-09-30 12:52:00-04:00;5737.990234375;5737.990234375;5737.14013671875;5737.419921875;5737.419921875;2073015
2024-09-30 12:53:00-04:00;5737.39013671875;5738.169921875;5737.39013671875;5738.10986328125;5738.10986328125;1980760
2024-09-30 12:54:00-04:00;5738.10009765625;5738.10009765625;5737.3701171875;5737.509765625;5737.509765625;2445172
2024-09-30 12:55:00-04:00;5737.5;5738.330078125;5737.2900390625;5738.080078125;5738.080078125;1943863
2024-09-30 12:56:00-04:00;5738.080078125;5738.1201171875;5737.35986328125;5737.580078125;5737.580078125;2221456
2024-09-30 12:57:00-04:00;5737.60009765625;5737.919921875;5737.5400390625;5737.72021484375;5737.72021484375;1949521
2024-09-30 12:58:00-04:00;5737.66015625;5738.41015625;5737.5400390625;5738.18017578125;5738.18017578125;2476040
2024-09-30 12:59:00-04:00;5738.14013671875;5738.14013671875;5737.41015625;5737.41015625;5737.41015625;2382107
2024-09-30 13:00:00-04:00;5737.43017578125;5737.64013671875;5736.68994140625;5737.2001953125;5737.2001953125;2977309
2024-09-30 13:01:00-04:00;5737.2001953125;5737.580078125;5735.56982421875;5735.56982421875;5735.56982421875;2965121
2024-09-30 13:02:00-04:00;5735.5498046875;5735.72998046875;5735.08984375;5735.72998046875;5735.72998046875;2009452
2024-09-30 13:03:00-04:00;5735.77978515625;5736.4501953125;5735.77978515625;5735.97021484375;5735.97021484375;1714626
2024-09-30 13:04:00-04:00;5735.990234375;5736.02001953125;5735.1298828125;5735.14013671875;5735.14013671875;2198207
2024-09-30 13:05:00-04:00;5735.10986328125;5736.4501953125;5735.02001953125;5736.419921875;5736.419921875;2563253
2024-09-30 13:06:00-04:00;5736.3798828125;5736.60986328125;5735.66015625;5736.52978515625;5736.52978515625;2418059
2024-09-30 13:07:00-04:00;5736.5498046875;5736.740234375;5735.830078125;5735.97021484375;5735.97021484375;1907433
2024-09-30 13:08:00-04:00;5735.9501953125;5735.97998046875;5735.18994140625;5735.31005859375;5735.31005859375;2632508
2024-09-30 13:09:00-04:00;5735.2998046875;5735.39990234375;5734.77978515625;5734.77978515625;5734.77978515625;2119553
2024-09-30 13:10:00-04:00;5734.77001953125;5736.0;5734.06982421875;5735.8701171875;5735.8701171875;2746108
2024-09-30 13:11:00-04:00;5735.77978515625;5736.1298828125;5731.10986328125;5732.25;5732.25;5038777
2024-09-30 13:12:00-04:00;5732.10986328125;5733.39013671875;5732.0;5733.10986328125;5733.10986328125;2755481
2024-09-30 13:13:00-04:00;5733.10986328125;5733.35986328125;5732.0400390625;5732.10986328125;5732.10986328125;2187820
2024-09-30 13:14:00-04:00;5732.0400390625;5732.58984375;5731.72998046875;5731.8798828125;5731.8798828125;2078410
2024-09-30 13:15:00-04:00;5731.919921875;5732.22998046875;5731.4599609375;5731.7099609375;5731.7099609375;2852135
2024-09-30 13:16:00-04:00;5731.56982421875;5733.06982421875;5731.080078125;5733.06982421875;5733.06982421875;3386875
2024-09-30 13:17:00-04:00;5732.97998046875;5734.669921875;5732.93017578125;5734.669921875;5734.669921875;3260111
2024-09-30 13:18:00-04:00;5734.68017578125;5735.06982421875;5734.31982421875;5734.509765625;5734.509765625;2105303
2024-09-30 13:19:00-04:00;5734.490234375;5735.02978515625;5734.27001953125;5734.77978515625;5734.77978515625;2148110
2024-09-30 13:20:00-04:00;5734.8798828125;5734.97021484375;5734.5400390625;5734.919921875;5734.919921875;1815878
2024-09-30 13:21:00-04:00;5734.9599609375;5736.5;5734.9599609375;5736.14990234375;5736.14990234375;2453753
2024-09-30 13:22:00-04:00;5736.14013671875;5736.5400390625;5735.830078125;5736.0498046875;5736.0498046875;2221026
2024-09-30 13:23:00-04:00;5735.97021484375;5736.77001953125;5735.97021484375;5736.2998046875;5736.2998046875;2249840
2024-09-30 13:24:00-04:00;5736.25;5736.4599609375;5735.22998046875;5735.259765625;5735.259765625;2725780
2024-09-30 13:25:00-04:00;5735.27978515625;5736.10009765625;5735.27978515625;5735.91015625;5735.91015625;1923881
2024-09-30 13:26:00-04:00;5735.9599609375;5736.1201171875;5735.4599609375;5735.47998046875;5735.47998046875;1785883
2024-09-30 13:27:00-04:00;5735.419921875;5735.5;5734.14013671875;5734.56982421875;5734.56982421875;2139643
2024-09-30 13:28:00-04:00;5734.60009765625;5734.60009765625;5732.85009765625;5733.240234375;5733.240234375;2266643
2024-09-30 13:29:00-04:00;5733.22021484375;5733.2900390625;5732.0400390625;5732.06982421875;5732.06982421875;2446743
2024-09-30 13:30:00-04:00;5732.009765625;5733.5400390625;5731.6298828125;5733.06005859375;5733.06005859375;2691498
2024-09-30 13:31:00-04:00;5733.10009765625;5733.3701171875;5731.85986328125;5732.43994140625;5732.43994140625;2185624
2024-09-30 13:32:00-04:00;5732.419921875;5733.18994140625;5732.08984375;5732.81005859375;5732.81005859375;2542412
2024-09-30 13:33:00-04:00;5732.85009765625;5733.64990234375;5732.75;5733.6201171875;5733.6201171875;2221843
2024-09-30 13:34:00-04:00;5733.64990234375;5733.64990234375;5733.009765625;5733.31005859375;5733.31005859375;1979179
2024-09-30 13:35:00-04:00;5733.31005859375;5733.39990234375;5732.43017578125;5732.77978515625;5732.77978515625;2709205
2024-09-30 13:36:00-04:00;5732.85986328125;5734.0400390625;5732.85986328125;5733.759765625;5733.759765625;2119529
2024-09-30 13:37:00-04:00;5733.85986328125;5734.14990234375;5732.990234375;5733.22021484375;5733.22021484375;2876344
2024-09-30 13:38:00-04:00;5733.1298828125;5733.990234375;5733.1298828125;5733.91015625;5733.91015625;2387723
2024-09-30 13:39:00-04:00;5733.8701171875;5733.8798828125;5732.9599609375;5732.9599609375;5732.9599609375;2243221
2024-09-30 13:40:00-04:00;5733.009765625;5733.43017578125;5733.009765625;5733.35009765625;5733.35009765625;2003593
2024-09-30 13:41:00-04:00;5733.419921875;5734.490234375;5733.08984375;5734.43017578125;5734.43017578125;2323626
2024-09-30 13:42:00-04:00;5734.35009765625;5734.580078125;5733.7099609375;5733.990234375;5733.990234375;1905415
2024-09-30 13:43:00-04:00;5734.0400390625;5734.06005859375;5733.27001953125;5733.33984375;5733.33984375;2070306
2024-09-30 13:44:00-04:00;5733.3701171875;5734.0498046875;5733.240234375;5734.02978515625;5734.02978515625;2177311
2024-09-30 13:45:00-04:00;5734.0400390625;5734.4501953125;5733.39013671875;5734.16015625;5734.16015625;2485251
2024-09-30 13:46:00-04:00;5734.10009765625;5734.5;5733.58984375;5733.83984375;5733.83984375;2143171
2024-09-30 13:47:00-04:00;5733.830078125;5734.08984375;5733.68994140625;5733.93017578125;5733.93017578125;2062652
2024-09-30 13:48:00-04:00;5733.9599609375;5734.0400390625;5733.009765625;5733.60009765625;5733.60009765625;2310763
2024-09-30 13:49:00-04:00;5733.64013671875;5734.72998046875;5733.58984375;5734.580078125;5734.580078125;2355309
2024-09-30 13:50:00-04:00;5734.6298828125;5734.759765625;5734.33984375;5734.5;5734.5;2217522
2024-09-30 13:51:00-04:00;5734.39990234375;5734.97998046875;5734.27001953125;5734.60009765625;5734.60009765625;2585109
2024-09-30 13:52:00-04:00;5734.5400390625;5734.93017578125;5734.240234375;5734.5400390625;5734.5400390625;2798799
2024-09-30 13:53:00-04:00;5734.6298828125;5735.18017578125;5734.43017578125;5735.169921875;5735.169921875;2627479
2024-09-30 13:54:00-04:00;5735.14013671875;5735.330078125;5734.77978515625;5734.77978515625;5734.77978515625;2307812
2024-09-30 13:55:00-04:00;5734.740234375;5737.0;5733.02001953125;5734.2900390625;5734.2900390625;6509450
2024-09-30 13:56:00-04:00;5734.31982421875;5734.41015625;5732.81005859375;5733.1298828125;5733.1298828125;2445288
2024-09-30 13:57:00-04:00;5733.1298828125;5734.8798828125;5732.81982421875;5734.77001953125;5734.77001953125;3119537
2024-09-30 13:58:00-04:00;5734.75;5737.4599609375;5734.75;5737.3701171875;5737.3701171875;3566047
2024-09-30 13:59:00-04:00;5737.330078125;5738.27978515625;5737.10986328125;5737.330078125;5737.330078125;3167136
2024-09-30 14:00:00-04:00;5737.240234375;5737.85009765625;5736.93994140625;5737.10009765625;5737.10009765625;2688454
2024-09-30 14:01:00-04:00;5737.02978515625;5737.02978515625;5735.35009765625;5735.7099609375;5735.7099609375;3276748
2024-09-30 14:02:00-04:00;5735.75;5736.419921875;5735.669921875;5736.3798828125;5736.3798828125;2262971
2024-09-30 14:03:00-04:00;5736.41015625;5736.56982421875;5735.830078125;5735.830078125;5735.830078125;2504324
2024-09-30 14:04:00-04:00;5735.68017578125;5735.91015625;5735.22998046875;5735.8798828125;5735.8798828125;2990475
2024-09-30 14:05:00-04:00;5735.93994140625;5735.93994140625;5735.1298828125;5735.47021484375;5735.47021484375;2513234
2024-09-30 14:06:00-04:00;5735.52978515625;5735.52978515625;5733.89990234375;5733.89990234375;5733.89990234375;3416639
2024-09-30 14:07:00-04:00;5733.52001953125;5733.5400390625;5731.27001953125;5732.85986328125;5732.85986328125;4106391
2024-09-30 14:08:00-04:00;5732.89013671875;5733.83984375;5732.31005859375;5733.81982421875;5733.81982421875;2401263
2024-09-30 14:09:00-04:00;5733.85009765625;5734.330078125;5733.490234375;5733.97021484375;5733.97021484375;2326235
2024-09-30 14:10:00-04:00;5733.9599609375;5733.9599609375;5732.60009765625;5732.93017578125;5732.93017578125;2538660
2024-09-30 14:11:00-04:00;5732.8701171875;5732.8701171875;5730.3701171875;5730.6201171875;5730.6201171875;3851663
2024-09-30 14:12:00-04:00;5730.6298828125;5730.97021484375;5730.2099609375;5730.4599609375;5730.4599609375;2444870
2024-09-30 14:13:00-04:00;5730.43994140625;5730.43994140625;5728.669921875;5729.02001953125;5729.02001953125;3087433
2024-09-30 14:14:00-04:00;5729.06982421875;5729.06982421875;5726.0498046875;5726.6201171875;5726.6201171875;4171872
2024-09-30 14:15:00-04:00;5726.68017578125;5726.68017578125;5722.4501953125;5722.93017578125;5722.93017578125;5046139
2024-09-30 14:16:00-04:00;5723.0498046875;5724.7900390625;5722.919921875;5724.6201171875;5724.6201171875;3391687
2024-09-30 14:17:00-04:00;5724.60009765625;5724.60009765625;5719.990234375;5720.83984375;5720.83984375;5357782
2024-09-30 14:18:00-04:00;5720.89990234375;5723.1298828125;5720.6201171875;5720.68994140625;5720.68994140625;3571134
2024-09-30 14:19:00-04:00;5720.72998046875;5720.85986328125;5716.52978515625;5716.52978515625;5716.52978515625;4082573
2024-09-30 14:20:00-04:00;5716.33984375;5716.33984375;5713.02001953125;5713.81005859375;5713.81005859375;6442353
2024-09-30 14:21:00-04:00;5713.8798828125;5713.8798828125;5711.7001953125;5711.72998046875;5711.72998046875;4428422
2024-09-30 14:22:00-04:00;5711.7001953125;5712.080078125;5707.33984375;5708.77001953125;5708.77001953125;5789818
2024-09-30 14:23:00-04:00;5708.56005859375;5708.56005859375;5706.43017578125;5706.509765625;5706.509765625;4319277
2024-09-30 14:24:00-04:00;5706.580078125;5708.10009765625;5703.52978515625;5706.18994140625;5706.18994140625;5800492
2024-09-30 14:25:00-04:00;5706.52978515625;5709.68994140625;5706.52978515625;5707.14990234375;5707.14990234375;4596221
2024-09-30 14:26:00-04:00;5707.2001953125;5707.22021484375;5704.60009765625;5705.43994140625;5705.43994140625;3718737
2024-09-30 14:27:00-04:00;5705.31982421875;5707.97998046875;5705.06982421875;5707.47998046875;5707.47998046875;3953493
2024-09-30 14:28:00-04:00;5707.52001953125;5711.72021484375;5706.85009765625;5711.72021484375;5711.72021484375;4289729
2024-09-30 14:29:00-04:00;5711.75;5714.4599609375;5711.56982421875;5714.22998046875;5714.22998046875;4828732
2024-09-30 14:30:00-04:00;5714.18017578125;5714.18017578125;5711.60986328125;5711.72998046875;5711.72998046875;3765643
2024-09-30 14:31:00-04:00;5711.75;5711.7900390625;5709.52001953125;5710.64013671875;5710.64013671875;4224639
2024-09-30 14:32:00-04:00;5710.759765625;5712.64990234375;5710.759765625;5712.419921875;5712.419921875;3226470
2024-09-30 14:33:00-04:00;5712.7001953125;5719.72998046875;5712.7001953125;5719.5400390625;5719.5400390625;5276873
2024-09-30 14:34:00-04:00;5719.4501953125;5720.39013671875;5718.56005859375;5718.6298828125;5718.6298828125;3495970
2024-09-30 14:35:00-04:00;5718.6298828125;5722.64990234375;5718.0;5722.60986328125;5722.60986328125;3864835
2024-09-30 14:36:00-04:00;5722.60009765625;5724.990234375;5722.60009765625;5723.72021484375;5723.72021484375;4108282
2024-09-30 14:37:00-04:00;5723.990234375;5726.85009765625;5723.990234375;5725.91015625;5725.91015625;4025039
2024-09-30 14:38:00-04:00;5725.830078125;5726.43017578125;5725.25;5726.02978515625;5726.02978515625;2802252
2024-09-30 14:39:00-04:00;5725.919921875;5726.47021484375;5725.60986328125;5725.72998046875;5725.72998046875;2870786
2024-09-30 14:40:00-04:00;5725.7998046875;5729.4599609375;5725.27978515625;5729.330078125;5729.330078125;4477020
2024-09-30 14:41:00-04:00;5729.240234375;5729.490234375;5727.85009765625;5728.52978515625;5728.52978515625;2602673
2024-09-30 14:42:00-04:00;5728.490234375;5728.60986328125;5726.1298828125;5727.93994140625;5727.93994140625;3808717
2024-09-30 14:43:00-04:00;5727.89013671875;5728.43994140625;5727.64990234375;5727.64990234375;5727.64990234375;2686437
2024-09-30 14:44:00-04:00;5727.58984375;5728.419921875;5727.10986328125;5728.419921875;5728.419921875;2843871
2024-09-30 14:45:00-04:00;5728.43994140625;5731.490234375;5728.43994140625;5730.81005859375;5730.81005859375;3826549
2024-09-30 14:46:00-04:00;5730.89013671875;5732.14013671875;5730.89013671875;5730.93994140625;5730.93994140625;3064229
2024-09-30 14:47:00-04:00;5731.0;5731.22021484375;5730.259765625;5730.43017578125;5730.43017578125;3002838
2024-09-30 14:48:00-04:00;5730.3701171875;5730.9599609375;5730.14990234375;5730.91015625;5730.91015625;2460247
2024-09-30 14:49:00-04:00;5730.9599609375;5731.06982421875;5728.97998046875;5729.080078125;5729.080078125;3174453
2024-09-30 14:50:00-04:00;5729.31005859375;5730.7099609375;5729.27001953125;5730.5400390625;5730.5400390625;2760789
2024-09-30 14:51:00-04:00;5730.60009765625;5730.60009765625;5728.97998046875;5729.330078125;5729.330078125;2796070
2024-09-30 14:52:00-04:00;5729.25;5729.25;5727.68017578125;5727.89990234375;5727.89990234375;2714172
2024-09-30 14:53:00-04:00;5727.89990234375;5729.169921875;5727.47998046875;5729.1201171875;5729.1201171875;3412707
2024-09-30 14:54:00-04:00;5729.14990234375;5732.990234375;5729.14990234375;5732.31982421875;5732.31982421875;4353850
2024-09-30 14:55:00-04:00;5732.330078125;5732.35009765625;5731.41015625;5731.43017578125;5731.43017578125;3267330
2024-09-30 14:56:00-04:00;5731.43994140625;5731.6201171875;5730.0;5730.0;5730.0;2691382
2024-09-30 14:57:00-04:00;5730.0400390625;5730.16015625;5729.22998046875;5729.259765625;5729.259765625;2620550
2024-09-30 14:58:00-04:00;5729.259765625;5729.259765625;5728.1201171875;5728.2099609375;5728.2099609375;2691075
2024-09-30 14:59:00-04:00;5728.1201171875;5728.27978515625;5727.22998046875;5727.22998046875;5727.22998046875;2986747
2024-09-30 15:00:00-04:00;5727.22021484375;5727.22021484375;5721.8701171875;5725.080078125;5725.080078125;6830534
2024-09-30 15:01:00-04:00;5725.02978515625;5725.7099609375;5724.10986328125;5724.10986328125;5724.10986328125;2653575
2024-09-30 15:02:00-04:00;5724.0;5725.5400390625;5722.89990234375;5725.5400390625;5725.5400390625;3456188
2024-09-30 15:03:00-04:00;5725.5400390625;5726.66015625;5725.5400390625;5726.259765625;5726.259765625;2588918
2024-09-30 15:04:00-04:00;5726.18994140625;5726.419921875;5724.85986328125;5725.580078125;5725.580078125;2564372
2024-09-30 15:05:00-04:00;5725.56982421875;5726.06005859375;5724.81982421875;5725.6201171875;5725.6201171875;3014952
2024-09-30 15:06:00-04:00;5725.64990234375;5726.580078125;5724.89013671875;5726.5498046875;5726.5498046875;3064524
2024-09-30 15:07:00-04:00;5726.6201171875;5727.85009765625;5726.509765625;5727.7099609375;5727.7099609375;2954272
2024-09-30 15:08:00-04:00;5727.72998046875;5727.7900390625;5726.47021484375;5726.7099609375;5726.7099609375;2662900
2024-09-30 15:09:00-04:00;5726.68994140625;5726.68994140625;5725.68017578125;5725.89013671875;5725.89013671875;3023291
2024-09-30 15:10:00-04:00;5725.990234375;5726.259765625;5724.7001953125;5724.93994140625;5724.93994140625;2964331
2024-09-30 15:11:00-04:00;5725.27978515625;5725.919921875;5724.169921875;5724.47998046875;5724.47998046875;5642823
2024-09-30 15:12:00-04:00;5724.4599609375;5724.68994140625;5722.6201171875;5722.919921875;5722.919921875;4282249
2024-09-30 15:13:00-04:00;5722.990234375;5725.75;5722.97021484375;5725.60986328125;5725.60986328125;5188620
2024-09-30 15:14:00-04:00;5725.6298828125;5726.60986328125;5725.41015625;5725.41015625;5725.41015625;3200540
2024-09-30 15:15:00-04:00;5725.39013671875;5725.68017578125;5724.58984375;5724.7900390625;5724.7900390625;3164843
2024-09-30 15:16:00-04:00;5724.81005859375;5725.6298828125;5724.68994140625;5725.6298828125;5725.6298828125;3515259
2024-09-30 15:17:00-04:00;5725.580078125;5727.39990234375;5725.43017578125;5727.25;5727.25;3592728
2024-09-30 15:18:00-04:00;5727.240234375;5730.2900390625;5727.240234375;5729.35986328125;5729.35986328125;4956528
2024-09-30 15:19:00-04:00;5729.35986328125;5731.330078125;5729.31982421875;5730.5400390625;5730.5400390625;3861598
2024-09-30 15:20:00-04:00;5730.52978515625;5730.52978515625;5729.56005859375;5729.56005859375;5729.56005859375;3581084
2024-09-30 15:21:00-04:00;5729.52978515625;5730.16015625;5728.56005859375;5730.16015625;5730.16015625;3851654
2024-09-30 15:22:00-04:00;5730.259765625;5730.89990234375;5729.72998046875;5730.75;5730.75;3280994
2024-09-30 15:23:00-04:00;5730.740234375;5730.89990234375;5728.85009765625;5729.22998046875;5729.22998046875;3482328
2024-09-30 15:24:00-04:00;5729.14013671875;5729.419921875;5728.16015625;5729.0;5729.0;4196572
2024-09-30 15:25:00-04:00;5729.10009765625;5729.77001953125;5728.240234375;5728.25;5728.25;3573569
2024-09-30 15:26:00-04:00;5728.2001953125;5730.490234375;5728.18017578125;5730.490234375;5730.490234375;3885170
2024-09-30 15:27:00-04:00;5730.43994140625;5730.47998046875;5729.72998046875;5729.72998046875;5729.72998046875;4348554
2024-09-30 15:28:00-04:00;5729.52978515625;5729.52978515625;5727.91015625;5728.91015625;5728.91015625;4352600
2024-09-30 15:29:00-04:00;5728.89013671875;5730.43017578125;5728.6298828125;5730.35009765625;5730.35009765625;3872756
2024-09-30 15:30:00-04:00;5730.3701171875;5730.58984375;5729.72021484375;5730.22021484375;5730.22021484375;4775021
2024-09-30 15:31:00-04:00;5730.39990234375;5731.47021484375;5730.330078125;5730.35986328125;5730.35986328125;4643761
2024-09-30 15:32:00-04:00;5730.2998046875;5731.990234375;5729.8701171875;5731.97021484375;5731.97021484375;4646235
2024-09-30 15:33:00-04:00;5731.93017578125;5733.740234375;5731.89013671875;5732.31005859375;5732.31005859375;4848411
2024-09-30 15:34:00-04:00;5732.259765625;5732.35009765625;5730.77978515625;5730.919921875;5730.919921875;4484439
2024-09-30 15:35:00-04:00;5730.919921875;5731.85009765625;5730.60009765625;5731.75;5731.75;5711879
2024-09-30 15:36:00-04:00;5731.72998046875;5732.10986328125;5731.33984375;5731.89013671875;5731.89013671875;5030062
2024-09-30 15:37:00-04:00;5731.93017578125;5732.02978515625;5730.97998046875;5731.89013671875;5731.89013671875;5046088
2024-09-30 15:38:00-04:00;5731.93994140625;5736.240234375;5731.93994140625;5736.240234375;5736.240234375;6398423
2024-09-30 15:39:00-04:00;5736.330078125;5737.39013671875;5736.330078125;5737.22021484375;5737.22021484375;5054298
2024-09-30 15:40:00-04:00;5737.16015625;5737.16015625;5735.58984375;5736.509765625;5736.509765625;5638255
2024-09-30 15:41:00-04:00;5736.509765625;5737.7001953125;5735.60009765625;5737.64990234375;5737.64990234375;5570580
2024-09-30 15:42:00-04:00;5737.580078125;5738.77978515625;5737.43994140625;5738.58984375;5738.58984375;5562296
2024-09-30 15:43:00-04:00;5738.60009765625;5738.6201171875;5736.580078125;5738.1201171875;5738.1201171875;5551988
2024-09-30 15:44:00-04:00;5738.240234375;5741.2099609375;5738.240234375;5740.72998046875;5740.72998046875;6322400
2024-09-30 15:45:00-04:00;5740.81982421875;5745.18994140625;5740.81982421875;5742.7998046875;5742.7998046875;10555272
2024-09-30 15:46:00-04:00;5742.81982421875;5743.4599609375;5741.97998046875;5742.66015625;5742.66015625;5977168
2024-09-30 15:47:00-04:00;5742.7900390625;5746.31982421875;5741.740234375;5746.31982421875;5746.31982421875;7981931
2024-09-30 15:48:00-04:00;5746.39013671875;5749.06982421875;5746.39013671875;5747.10009765625;5747.10009765625;9268626
2024-09-30 15:49:00-04:00;5747.16015625;5749.0;5745.77978515625;5745.8798828125;5745.8798828125;8351522
2024-09-30 15:50:00-04:00;5745.83984375;5753.7001953125;5745.83984375;5752.6201171875;5752.6201171875;21186777
2024-09-30 15:51:00-04:00;5752.56982421875;5755.06982421875;5752.18017578125;5754.1298828125;5754.1298828125;13502604
2024-09-30 15:52:00-04:00;5754.64990234375;5757.7900390625;5754.64990234375;5756.009765625;5756.009765625;12703473
2024-09-30 15:53:00-04:00;5756.1298828125;5756.919921875;5752.5400390625;5754.06982421875;5754.06982421875;15216213
2024-09-30 15:54:00-04:00;5754.169921875;5756.7001953125;5754.169921875;5756.31982421875;5756.31982421875;16792763
2024-09-30 15:55:00-04:00;5756.52978515625;5761.39013671875;5756.52978515625;5760.2099609375;5760.2099609375;21769443
2024-09-30 15:56:00-04:00;5760.419921875;5762.7998046875;5760.169921875;5762.3798828125;5762.3798828125;21799770
2024-09-30 15:57:00-04:00;5762.14013671875;5765.14013671875;5760.8701171875;5765.0400390625;5765.0400390625;21476504
2024-09-30 15:58:00-04:00;5765.0;5765.0400390625;5761.52978515625;5762.6201171875;5762.6201171875;22073021
2024-09-30 15:59:00-04:00;5762.2900390625;5764.1201171875;5757.72021484375;5760.919921875;5760.919921875;22331698
