Datetime;Open;High;Low;Close;Adj Close;Volume
2024-10-09 09:30:00-04:00;5751.7998046875;5751.89013671875;5748.14990234375;5748.740234375;5748.740234375;0
2024-10-09 09:31:00-04:00;5748.509765625;5748.509765625;5746.72998046875;5747.18017578125;5747.18017578125;10899685
2024-10-09 09:32:00-04:00;5747.43994140625;5748.47021484375;5746.4599609375;5747.81005859375;5747.81005859375;9077772
2024-10-09 09:33:00-04:00;5747.580078125;5749.16015625;5747.580078125;5748.35009765625;5748.35009765625;8402382
2024-10-09 09:34:00-04:00;5748.60009765625;5750.14013671875;5748.47998046875;5748.7001953125;5748.7001953125;8126131
2024-10-09 09:35:00-04:00;5748.4599609375;5748.4599609375;5745.9599609375;5746.75;5746.75;9278868
2024-10-09 09:36:00-04:00;5747.06005859375;5747.41015625;5746.919921875;5747.41015625;5747.41015625;0
2024-10-09 09:37:00-04:00;5745.72998046875;5748.35009765625;5745.18994140625;5748.25;5748.25;125402542
2024-10-09 09:38:00-04:00;5748.56005859375;5749.22021484375;5747.75;5748.81005859375;5748.81005859375;7442588
2024-10-09 09:39:00-04:00;5748.68994140625;5752.22021484375;5748.68994140625;5752.06982421875;5752.06982421875;6866010
2024-10-09 09:40:00-04:00;5752.080078125;5756.2998046875;5751.990234375;5755.81005859375;5755.81005859375;8576824
2024-10-09 09:41:00-04:00;5755.6298828125;5756.60009765625;5754.919921875;5755.580078125;5755.580078125;8225484
2024-10-09 09:42:00-04:00;5755.5400390625;5755.5400390625;5751.7998046875;5751.81982421875;5751.81982421875;8212509
2024-10-09 09:43:00-04:00;5751.93017578125;5752.580078125;5750.580078125;5750.72021484375;5750.72021484375;6730158
2024-10-09 09:44:00-04:00;5750.4599609375;5752.6201171875;5749.66015625;5751.81982421875;5751.81982421875;7822949
2024-10-09 09:45:00-04:00;5751.8701171875;5752.64013671875;5751.39013671875;5751.9599609375;5751.9599609375;7744153
2024-10-09 09:46:00-04:00;5751.39990234375;5753.85986328125;5751.39990234375;5753.85986328125;5753.85986328125;6835478
2024-10-09 09:47:00-04:00;5753.85009765625;5755.1298828125;5752.68017578125;5755.1298828125;5755.1298828125;6760876
2024-10-09 09:48:00-04:00;5755.35009765625;5756.490234375;5754.39990234375;5754.4599609375;5754.4599609375;7795148
2024-10-09 09:49:00-04:00;5754.39990234375;5754.39990234375;5753.3701171875;5754.10009765625;5754.10009765625;6950994
2024-10-09 09:50:00-04:00;5754.06005859375;5754.66015625;5752.66015625;5753.8701171875;5753.8701171875;6331628
2024-10-09 09:51:00-04:00;5754.009765625;5754.35986328125;5753.06982421875;5753.330078125;5753.330078125;6461794
2024-10-09 09:52:00-04:00;5753.60986328125;5753.89013671875;5751.7099609375;5753.89013671875;5753.89013671875;7030181
2024-10-09 09:53:00-04:00;5754.06005859375;5754.06005859375;5752.47998046875;5753.83984375;5753.83984375;6564264
2024-10-09 09:54:00-04:00;5753.9599609375;5755.39990234375;5753.81982421875;5755.14013671875;5755.14013671875;5718351
2024-10-09 09:55:00-04:00;5755.18017578125;5755.52001953125;5753.64990234375;5754.22998046875;5754.22998046875;5996859
2024-10-09 09:56:00-04:00;5754.22998046875;5755.31982421875;5754.14990234375;5754.27978515625;5754.27978515625;6761564
2024-10-09 09:57:00-04:00;5753.8798828125;5754.4501953125;5751.9501953125;5753.9599609375;5753.9599609375;7950161
2024-10-09 09:58:00-04:00;5753.009765625;5754.85986328125;5752.93017578125;5754.7900390625;5754.7900390625;6514164
2024-10-09 09:59:00-04:00;5754.72021484375;5755.5;5753.990234375;5754.6201171875;5754.6201171875;6690884
2024-10-09 10:00:00-04:00;5754.77001953125;5756.93994140625;5754.77001953125;5756.490234375;5756.490234375;7514029
2024-10-09 10:01:00-04:00;5756.47021484375;5756.72998046875;5754.81005859375;5755.85009765625;5755.85009765625;6778927
2024-10-09 10:02:00-04:00;5755.85986328125;5755.85986328125;5754.7099609375;5755.39990234375;5755.39990234375;7323440
2024-10-09 10:03:00-04:00;5755.56005859375;5756.6201171875;5754.97021484375;5756.5400390625;5756.5400390625;6326637
2024-10-09 10:04:00-04:00;5756.5498046875;5757.8798828125;5755.47998046875;5755.669921875;5755.669921875;8229237
2024-10-09 10:05:00-04:00;5755.68017578125;5756.3701171875;5754.3798828125;5755.64990234375;5755.64990234375;7394862
2024-10-09 10:06:00-04:00;5755.72998046875;5758.08984375;5755.4599609375;5758.08984375;5758.08984375;7362714
2024-10-09 10:07:00-04:00;5757.990234375;5759.31005859375;5757.7001953125;5758.68017578125;5758.68017578125;6924950
2024-10-09 10:08:00-04:00;5758.77001953125;5759.22021484375;5755.72998046875;5755.93994140625;5755.93994140625;6996768
2024-10-09 10:09:00-04:00;5755.68017578125;5756.89013671875;5754.22998046875;5756.759765625;5756.759765625;5903764
2024-10-09 10:10:00-04:00;5756.64013671875;5760.35986328125;5756.64013671875;5759.06005859375;5759.06005859375;7281355
2024-10-09 10:11:00-04:00;5758.919921875;5760.02001953125;5758.759765625;5759.330078125;5759.330078125;6108417
2024-10-09 10:12:00-04:00;5759.27978515625;5759.35986328125;5758.0;5758.2900390625;5758.2900390625;7228891
2024-10-09 10:13:00-04:00;5758.4599609375;5759.5;5758.4599609375;5758.85986328125;5758.85986328125;5710052
2024-10-09 10:14:00-04:00;5758.830078125;5759.14013671875;5757.35009765625;5757.72021484375;5757.72021484375;5075719
2024-10-09 10:15:00-04:00;5757.75;5757.919921875;5755.2900390625;5756.5;5756.5;6852758
2024-10-09 10:16:00-04:00;5756.509765625;5757.64990234375;5756.2998046875;5756.2998046875;5756.2998046875;5488030
2024-10-09 10:17:00-04:00;5756.330078125;5757.58984375;5756.1298828125;5757.330078125;5757.330078125;5245293
2024-10-09 10:18:00-04:00;5757.27001953125;5758.72998046875;5757.08984375;5757.47021484375;5757.47021484375;5402999
2024-10-09 10:19:00-04:00;5757.4599609375;5758.240234375;5756.7099609375;5758.08984375;5758.08984375;5046056
2024-10-09 10:20:00-04:00;5758.10986328125;5759.990234375;5757.18994140625;5758.3798828125;5758.3798828125;6796128
2024-10-09 10:21:00-04:00;5758.39990234375;5758.8701171875;5756.580078125;5756.580078125;5756.580078125;5363838
2024-10-09 10:22:00-04:00;5756.75;5758.419921875;5756.75;5758.14013671875;5758.14013671875;5029206
2024-10-09 10:23:00-04:00;5758.22998046875;5759.02978515625;5758.169921875;5758.5;5758.5;5479220
2024-10-09 10:24:00-04:00;5758.419921875;5759.89990234375;5758.35986328125;5759.68017578125;5759.68017578125;5021367
2024-10-09 10:25:00-04:00;5759.66015625;5759.72998046875;5758.64013671875;5759.10009765625;5759.10009765625;5413286
2024-10-09 10:26:00-04:00;5759.10986328125;5760.0400390625;5758.8798828125;5760.0400390625;5760.0400390625;4559230
2024-10-09 10:27:00-04:00;5760.06982421875;5763.3798828125;5759.97021484375;5762.02001953125;5762.02001953125;6526009
2024-10-09 10:28:00-04:00;5761.91015625;5762.93017578125;5761.33984375;5762.83984375;5762.83984375;5040519
2024-10-09 10:29:00-04:00;5762.7099609375;5763.18994140625;5761.41015625;5761.56982421875;5761.56982421875;5142778
2024-10-09 10:30:00-04:00;5761.52978515625;5761.52978515625;5759.9599609375;5761.22021484375;5761.22021484375;6298956
2024-10-09 10:31:00-04:00;5761.22998046875;5761.7001953125;5761.10986328125;5761.39990234375;5761.39990234375;4919615
2024-10-09 10:32:00-04:00;5761.2001953125;5761.97021484375;5760.89013671875;5761.72998046875;5761.72998046875;5508739
2024-10-09 10:33:00-04:00;5761.740234375;5761.89990234375;5761.1201171875;5761.759765625;5761.759765625;5014096
2024-10-09 10:34:00-04:00;5761.81982421875;5762.0498046875;5761.16015625;5761.56005859375;5761.56005859375;5314291
2024-10-09 10:35:00-04:00;5761.52001953125;5761.6201171875;5761.0498046875;5761.56982421875;5761.56982421875;5032955
2024-10-09 10:36:00-04:00;5761.490234375;5762.39990234375;5760.91015625;5761.990234375;5761.990234375;5413279
2024-10-09 10:37:00-04:00;5761.97021484375;5762.18017578125;5760.669921875;5760.8798828125;5760.8798828125;5387859
2024-10-09 10:38:00-04:00;5760.81005859375;5761.56982421875;5760.5;5761.3701171875;5761.3701171875;5678459
2024-10-09 10:39:00-04:00;5761.2998046875;5763.06982421875;5761.10009765625;5763.02978515625;5763.02978515625;4522194
2024-10-09 10:40:00-04:00;5763.06982421875;5763.2900390625;5762.41015625;5762.72021484375;5762.72021484375;4718469
2024-10-09 10:41:00-04:00;5762.759765625;5763.64013671875;5762.259765625;5763.64013671875;5763.64013671875;4033141
2024-10-09 10:42:00-04:00;5763.60986328125;5764.169921875;5762.91015625;5763.14990234375;5763.14990234375;4738702
2024-10-09 10:43:00-04:00;5763.1298828125;5763.169921875;5761.0400390625;5761.27001953125;5761.27001953125;6116643
2024-10-09 10:44:00-04:00;5761.41015625;5762.22998046875;5760.97021484375;5762.22998046875;5762.22998046875;4810382
2024-10-09 10:45:00-04:00;5762.2998046875;5762.990234375;5761.75;5762.68994140625;5762.68994140625;5167271
2024-10-09 10:46:00-04:00;5762.759765625;5762.759765625;5760.97998046875;5762.06005859375;5762.06005859375;5763982
2024-10-09 10:47:00-04:00;5762.25;5762.68994140625;5761.3798828125;5762.0498046875;5762.0498046875;4721831
2024-10-09 10:48:00-04:00;5762.0400390625;5763.25;5761.759765625;5762.97998046875;5762.97998046875;3834190
2024-10-09 10:49:00-04:00;5762.93017578125;5763.85009765625;5762.830078125;5763.43017578125;5763.43017578125;3976743
2024-10-09 10:50:00-04:00;5763.3798828125;5764.419921875;5763.1298828125;5764.240234375;5764.240234375;4608968
2024-10-09 10:51:00-04:00;5764.10986328125;5765.990234375;5763.77978515625;5765.33984375;5765.33984375;4514603
2024-10-09 10:52:00-04:00;5765.39990234375;5765.39990234375;5764.169921875;5764.35009765625;5764.35009765625;4514033
2024-10-09 10:53:00-04:00;5764.3701171875;5765.009765625;5764.0;5764.31982421875;5764.31982421875;4009465
2024-10-09 10:54:00-04:00;5764.3798828125;5764.56005859375;5763.68017578125;5764.43994140625;5764.43994140625;3854172
2024-10-09 10:55:00-04:00;5764.56982421875;5765.2900390625;5764.5;5765.0;5765.0;5405556
2024-10-09 10:56:00-04:00;5764.97021484375;5765.64013671875;5764.85986328125;5765.25;5765.25;4154456
2024-10-09 10:57:00-04:00;5765.22021484375;5767.22998046875;5765.1201171875;5767.2099609375;5767.2099609375;5849285
2024-10-09 10:58:00-04:00;5767.259765625;5767.419921875;5766.759765625;5767.22021484375;5767.22021484375;4787649
2024-10-09 10:59:00-04:00;5767.2099609375;5769.259765625;5767.2099609375;5769.10009765625;5769.10009765625;5056048
2024-10-09 11:00:00-04:00;5769.080078125;5772.990234375;5769.080078125;5772.39013671875;5772.39013671875;6130401
2024-10-09 11:01:00-04:00;5772.3701171875;5773.10986328125;5771.6298828125;5771.81982421875;5771.81982421875;5553725
2024-10-09 11:02:00-04:00;5771.7998046875;5772.81982421875;5771.7998046875;5772.64013671875;5772.64013671875;4154431
2024-10-09 11:03:00-04:00;5772.64990234375;5773.14013671875;5771.93017578125;5772.509765625;5772.509765625;5098782
2024-10-09 11:04:00-04:00;5772.669921875;5772.77001953125;5771.4501953125;5771.93017578125;5771.93017578125;4828272
2024-10-09 11:05:00-04:00;5772.0;5773.240234375;5772.0;5773.18994140625;5773.18994140625;4140149
2024-10-09 11:06:00-04:00;5773.2099609375;5773.68994140625;5772.72998046875;5773.64013671875;5773.64013671875;5139970
2024-10-09 11:07:00-04:00;5773.580078125;5773.85009765625;5773.22021484375;5773.35009765625;5773.35009765625;3866966
2024-10-09 11:08:00-04:00;5773.35986328125;5773.6201171875;5772.490234375;5773.22998046875;5773.22998046875;4378509
2024-10-09 11:09:00-04:00;5773.27978515625;5773.35986328125;5772.740234375;5772.740234375;5772.740234375;3699237
2024-10-09 11:10:00-04:00;5772.89013671875;5773.02978515625;5772.18994140625;5772.56982421875;5772.56982421875;5025530
2024-10-09 11:11:00-04:00;5772.6201171875;5773.490234375;5772.58984375;5773.27978515625;5773.27978515625;4465816
2024-10-09 11:12:00-04:00;5773.25;5775.25;5773.2099609375;5774.85009765625;5774.85009765625;6670838
2024-10-09 11:13:00-04:00;5774.97021484375;5775.0;5773.85986328125;5774.25;5774.25;4737445
2024-10-09 11:14:00-04:00;5774.169921875;5774.580078125;5773.919921875;5774.22998046875;5774.22998046875;4142421
2024-10-09 11:15:00-04:00;5774.169921875;5774.169921875;5772.830078125;5773.81982421875;5773.81982421875;4870307
2024-10-09 11:16:00-04:00;5773.759765625;5775.02001953125;5773.759765625;5774.43017578125;5774.43017578125;4205149
2024-10-09 11:17:00-04:00;5774.41015625;5775.2099609375;5774.259765625;5775.009765625;5775.009765625;4195239
2024-10-09 11:18:00-04:00;5775.0400390625;5775.5;5774.72998046875;5775.2099609375;5775.2099609375;4125463
2024-10-09 11:19:00-04:00;5775.27001953125;5775.60986328125;5774.91015625;5775.27001953125;5775.27001953125;3562706
2024-10-09 11:20:00-04:00;5775.18017578125;5775.5498046875;5774.47998046875;5775.33984375;5775.33984375;4620554
2024-10-09 11:21:00-04:00;5775.56982421875;5778.169921875;5775.56982421875;5777.22998046875;5777.22998046875;5054852
2024-10-09 11:22:00-04:00;5777.18994140625;5777.759765625;5776.77001953125;5777.509765625;5777.509765625;5298868
2024-10-09 11:23:00-04:00;5777.4599609375;5778.47998046875;5777.2001953125;5778.39990234375;5778.39990234375;4034407
2024-10-09 11:24:00-04:00;5778.4501953125;5778.490234375;5777.8701171875;5778.27001953125;5778.27001953125;4178806
2024-10-09 11:25:00-04:00;5778.22998046875;5778.6201171875;5777.8798828125;5778.240234375;5778.240234375;3561248
2024-10-09 11:26:00-04:00;5778.4599609375;5778.759765625;5777.35009765625;5777.91015625;5777.91015625;3992098
2024-10-09 11:27:00-04:00;5777.8701171875;5778.10009765625;5776.77978515625;5777.27001953125;5777.27001953125;4063600
2024-10-09 11:28:00-04:00;5777.27001953125;5777.81982421875;5777.18994140625;5777.580078125;5777.580078125;4009006
2024-10-09 11:29:00-04:00;5777.5400390625;5777.5400390625;5776.97998046875;5777.14013671875;5777.14013671875;3788087
2024-10-09 11:30:00-04:00;5777.06982421875;5778.97021484375;5776.91015625;5778.9501953125;5778.9501953125;4569045
2024-10-09 11:31:00-04:00;5778.91015625;5779.990234375;5778.85009765625;5778.85009765625;5778.85009765625;4476845
2024-10-09 11:32:00-04:00;5778.85986328125;5779.14013671875;5778.2998046875;5778.4599609375;5778.4599609375;3775281
2024-10-09 11:33:00-04:00;5778.490234375;5780.080078125;5778.490234375;5779.8701171875;5779.8701171875;3826096
2024-10-09 11:34:00-04:00;5779.8798828125;5781.2099609375;5779.8798828125;5780.669921875;5780.669921875;4193757
2024-10-09 11:35:00-04:00;5780.6298828125;5781.81982421875;5780.0498046875;5781.669921875;5781.669921875;4350805
2024-10-09 11:36:00-04:00;5781.68017578125;5783.02978515625;5781.68017578125;5782.06005859375;5782.06005859375;4401802
2024-10-09 11:37:00-04:00;5782.18017578125;5782.81005859375;5781.7900390625;5782.7900390625;5782.7900390625;3323974
2024-10-09 11:38:00-04:00;5782.7900390625;5782.7900390625;5781.740234375;5781.85986328125;5781.85986328125;4025657
2024-10-09 11:39:00-04:00;5781.919921875;5782.259765625;5780.85009765625;5781.39990234375;5781.39990234375;4076736
2024-10-09 11:40:00-04:00;5781.39013671875;5783.25;5781.39013671875;5782.759765625;5782.759765625;4020636
2024-10-09 11:41:00-04:00;5782.740234375;5785.3798828125;5782.740234375;5784.75;5784.75;4601278
2024-10-09 11:42:00-04:00;5784.7099609375;5785.14990234375;5784.6298828125;5784.7099609375;5784.7099609375;3605742
2024-10-09 11:43:00-04:00;5784.6298828125;5785.0498046875;5783.97021484375;5784.68994140625;5784.68994140625;4003126
2024-10-09 11:44:00-04:00;5784.7099609375;5785.18994140625;5784.47998046875;5784.83984375;5784.83984375;4504773
2024-10-09 11:45:00-04:00;5784.77978515625;5784.990234375;5784.41015625;5784.89013671875;5784.89013671875;3432500
2024-10-09 11:46:00-04:00;5784.89990234375;5785.009765625;5784.31982421875;5784.97021484375;5784.97021484375;4723434
2024-10-09 11:47:00-04:00;5784.93994140625;5785.39990234375;5784.330078125;5785.18994140625;5785.18994140625;4018723
2024-10-09 11:48:00-04:00;5785.16015625;5787.5498046875;5785.16015625;5787.490234375;5787.490234375;4690134
2024-10-09 11:49:00-04:00;5787.47998046875;5787.52978515625;5786.68994140625;5787.52978515625;5787.52978515625;3490811
2024-10-09 11:50:00-04:00;5787.5400390625;5788.91015625;5787.5400390625;5788.419921875;5788.419921875;4178259
2024-10-09 11:51:00-04:00;5788.4501953125;5788.759765625;5788.240234375;5788.35009765625;5788.35009765625;3867883
2024-10-09 11:52:00-04:00;5788.4599609375;5789.39013671875;5788.4599609375;5789.2001953125;5789.2001953125;3204093
2024-10-09 11:53:00-04:00;5789.10986328125;5789.10986328125;5788.22021484375;5788.35009765625;5788.35009765625;4903939
2024-10-09 11:54:00-04:00;5788.22998046875;5790.10009765625;5788.22998046875;5789.89990234375;5789.89990234375;4193661
2024-10-09 11:55:00-04:00;5790.0400390625;5790.41015625;5789.77978515625;5790.14013671875;5790.14013671875;3826972
2024-10-09 11:56:00-04:00;5790.0400390625;5790.43017578125;5789.5;5789.64990234375;5789.64990234375;3754909
2024-10-09 11:57:00-04:00;5789.60009765625;5789.60986328125;5788.85986328125;5788.97021484375;5788.97021484375;3635097
2024-10-09 11:58:00-04:00;5789.06982421875;5789.1298828125;5788.52978515625;5788.81982421875;5788.81982421875;4270683
2024-10-09 11:59:00-04:00;5788.89990234375;5789.35009765625;5788.5;5789.16015625;5789.16015625;3882768
2024-10-09 12:00:00-04:00;5788.990234375;5789.080078125;5786.56982421875;5787.47021484375;5787.47021484375;4193654
2024-10-09 12:01:00-04:00;5787.56005859375;5788.2001953125;5784.77001953125;5785.18994140625;5785.18994140625;4736403
2024-10-09 12:02:00-04:00;5785.169921875;5786.330078125;5785.169921875;5786.16015625;5786.16015625;4193494
2024-10-09 12:03:00-04:00;5786.16015625;5786.31982421875;5784.419921875;5785.33984375;5785.33984375;4355836
2024-10-09 12:04:00-04:00;5785.56005859375;5785.7900390625;5784.14990234375;5784.2900390625;5784.2900390625;4026588
2024-10-09 12:05:00-04:00;5784.25;5784.64013671875;5782.68017578125;5783.1298828125;5783.1298828125;4873521
2024-10-09 12:06:00-04:00;5783.2001953125;5785.02978515625;5782.97998046875;5785.02978515625;5785.02978515625;3808622
2024-10-09 12:07:00-04:00;5785.22021484375;5786.93017578125;5785.22021484375;5786.259765625;5786.259765625;3731444
2024-10-09 12:08:00-04:00;5786.2001953125;5786.2001953125;5785.14990234375;5785.669921875;5785.669921875;3492864
2024-10-09 12:09:00-04:00;5785.58984375;5786.4501953125;5785.2001953125;5786.43994140625;5786.43994140625;3929204
2024-10-09 12:10:00-04:00;5786.47021484375;5786.93994140625;5786.2099609375;5786.35009765625;5786.35009765625;3663177
2024-10-09 12:11:00-04:00;5786.3701171875;5786.509765625;5785.91015625;5786.41015625;5786.41015625;3196771
2024-10-09 12:12:00-04:00;5786.47021484375;5786.47021484375;5785.39990234375;5785.68017578125;5785.68017578125;3015704
2024-10-09 12:13:00-04:00;5785.68994140625;5785.85986328125;5784.990234375;5785.14990234375;5785.14990234375;2706896
2024-10-09 12:14:00-04:00;5785.16015625;5785.27978515625;5783.8701171875;5783.8701171875;5783.8701171875;3358814
2024-10-09 12:15:00-04:00;5783.77001953125;5783.77001953125;5780.8798828125;5781.97998046875;5781.97998046875;4993701
2024-10-09 12:16:00-04:00;5781.89013671875;5784.08984375;5781.89013671875;5784.08984375;5784.08984375;3977673
2024-10-09 12:17:00-04:00;5783.97021484375;5784.14990234375;5782.1298828125;5782.66015625;5782.66015625;3236451
2024-10-09 12:18:00-04:00;5782.64990234375;5782.8798828125;5781.10009765625;5781.25;5781.25;3491357
2024-10-09 12:19:00-04:00;5781.2900390625;5781.2900390625;5779.580078125;5779.58984375;5779.58984375;4282767
2024-10-09 12:20:00-04:00;5779.58984375;5781.39013671875;5778.68994140625;5781.39013671875;5781.39013671875;3939399
2024-10-09 12:21:00-04:00;5781.83984375;5784.22998046875;5781.7998046875;5784.08984375;5784.08984375;3643775
2024-10-09 12:22:00-04:00;5784.10009765625;5784.10009765625;5783.08984375;5783.47021484375;5783.47021484375;2702162
2024-10-09 12:23:00-04:00;5783.490234375;5783.5400390625;5782.68017578125;5783.14990234375;5783.14990234375;2727717
2024-10-09 12:24:00-04:00;5783.14990234375;5783.58984375;5782.66015625;5782.89990234375;5782.89990234375;2658057
2024-10-09 12:25:00-04:00;5782.91015625;5783.509765625;5782.8701171875;5783.0;5783.0;3673016
2024-10-09 12:26:00-04:00;5782.9599609375;5783.009765625;5782.259765625;5782.47998046875;5782.47998046875;2726785
2024-10-09 12:27:00-04:00;5782.56005859375;5783.22021484375;5782.490234375;5782.9599609375;5782.9599609375;3427993
2024-10-09 12:28:00-04:00;5782.93017578125;5783.22998046875;5782.580078125;5783.080078125;5783.080078125;3058058
2024-10-09 12:29:00-04:00;5783.0498046875;5783.0498046875;5782.4501953125;5782.64990234375;5782.64990234375;3224710
2024-10-09 12:30:00-04:00;5782.64990234375;5782.669921875;5781.43017578125;5781.5400390625;5781.5400390625;3615577
2024-10-09 12:31:00-04:00;5781.66015625;5782.3701171875;5781.18017578125;5782.080078125;5782.080078125;3203525
2024-10-09 12:32:00-04:00;5782.080078125;5782.35009765625;5781.39990234375;5781.77001953125;5781.77001953125;2645925
2024-10-09 12:33:00-04:00;5781.740234375;5781.9501953125;5781.47998046875;5781.740234375;5781.740234375;3036429
2024-10-09 12:34:00-04:00;5781.75;5781.85009765625;5780.9599609375;5781.66015625;5781.66015625;2921792
2024-10-09 12:35:00-04:00;5781.669921875;5782.080078125;5781.31005859375;5781.85986328125;5781.85986328125;2948643
2024-10-09 12:36:00-04:00;5781.8798828125;5781.9599609375;5781.5;5781.8701171875;5781.8701171875;2750908
2024-10-09 12:37:00-04:00;5781.830078125;5782.43017578125;5781.81982421875;5782.39990234375;5782.39990234375;3057157
2024-10-09 12:38:00-04:00;5782.27001953125;5782.72021484375;5781.85986328125;5782.669921875;5782.669921875;3026279
2024-10-09 12:39:00-04:00;5782.5498046875;5783.16015625;5782.5498046875;5782.64990234375;5782.64990234375;2807667
2024-10-09 12:40:00-04:00;5782.68017578125;5783.39013671875;5782.68017578125;5783.18994140625;5783.18994140625;2831212
2024-10-09 12:41:00-04:00;5783.25;5783.85986328125;5782.6298828125;5783.6201171875;5783.6201171875;3065249
2024-10-09 12:42:00-04:00;5783.68994140625;5784.2001953125;5783.02001953125;5783.3798828125;5783.3798828125;2574849
2024-10-09 12:43:00-04:00;5783.47998046875;5783.47998046875;5782.3798828125;5782.419921875;5782.419921875;2814672
2024-10-09 12:44:00-04:00;5782.4501953125;5783.10986328125;5782.16015625;5783.10986328125;5783.10986328125;2855564
2024-10-09 12:45:00-04:00;5783.1201171875;5784.27001953125;5783.10009765625;5784.0;5784.0;2770423
2024-10-09 12:46:00-04:00;5784.06005859375;5784.16015625;5783.7001953125;5783.75;5783.75;2764663
2024-10-09 12:47:00-04:00;5783.89990234375;5784.6298828125;5783.8701171875;5784.35986328125;5784.35986328125;3839357
2024-10-09 12:48:00-04:00;5784.2900390625;5784.2900390625;5781.66015625;5781.7900390625;5781.7900390625;3501281
2024-10-09 12:49:00-04:00;5781.8798828125;5782.81005859375;5781.58984375;5782.5;5782.5;2862061
2024-10-09 12:50:00-04:00;5782.490234375;5783.0498046875;5781.89990234375;5781.89990234375;5781.89990234375;4014625
2024-10-09 12:51:00-04:00;5781.7900390625;5781.85009765625;5780.91015625;5781.2001953125;5781.2001953125;2391526
2024-10-09 12:52:00-04:00;5781.18994140625;5781.47021484375;5779.990234375;5780.0400390625;5780.0400390625;2875489
2024-10-09 12:53:00-04:00;5780.009765625;5780.02001953125;5777.7900390625;5778.2099609375;5778.2099609375;2905372
2024-10-09 12:54:00-04:00;5778.14013671875;5778.509765625;5776.22998046875;5777.18017578125;5777.18017578125;3784923
2024-10-09 12:55:00-04:00;5777.25;5778.669921875;5777.02001953125;5778.669921875;5778.669921875;2823785
2024-10-09 12:56:00-04:00;5778.72021484375;5778.72021484375;5777.58984375;5778.52001953125;5778.52001953125;2410037
2024-10-09 12:57:00-04:00;5778.56982421875;5779.83984375;5778.41015625;5779.39990234375;5779.39990234375;2301152
2024-10-09 12:58:00-04:00;5779.3701171875;5779.39990234375;5779.0400390625;5779.0400390625;5779.0400390625;2233318
2024-10-09 12:59:00-04:00;5779.009765625;5779.7998046875;5778.740234375;5778.83984375;5778.83984375;2330437
2024-10-09 13:00:00-04:00;5778.8701171875;5778.89013671875;5778.27978515625;5778.27978515625;5778.27978515625;2291943
2024-10-09 13:01:00-04:00;5778.169921875;5778.68994140625;5777.64013671875;5778.5;5778.5;2632432
2024-10-09 13:02:00-04:00;5778.68994140625;5778.81005859375;5776.81005859375;5776.83984375;5776.83984375;3131326
2024-10-09 13:03:00-04:00;5776.81982421875;5777.22021484375;5776.66015625;5777.009765625;5777.009765625;2748577
2024-10-09 13:04:00-04:00;5777.0498046875;5777.06005859375;5776.43994140625;5776.6298828125;5776.6298828125;2668877
2024-10-09 13:05:00-04:00;5776.64013671875;5777.52978515625;5776.5498046875;5777.52978515625;5777.52978515625;2752693
2024-10-09 13:06:00-04:00;5777.56982421875;5778.89013671875;5777.39990234375;5778.89013671875;5778.89013671875;2990498
2024-10-09 13:07:00-04:00;5778.830078125;5778.830078125;5778.14990234375;5778.14990234375;5778.14990234375;2208677
2024-10-09 13:08:00-04:00;5778.2099609375;5778.31005859375;5777.64990234375;5778.27001953125;5778.27001953125;2329369
2024-10-09 13:09:00-04:00;5778.2900390625;5778.75;5778.259765625;5778.35009765625;5778.35009765625;2512444
2024-10-09 13:10:00-04:00;5778.33984375;5779.06982421875;5778.27978515625;5778.72998046875;5778.72998046875;2523146
2024-10-09 13:11:00-04:00;5778.66015625;5778.759765625;5778.39990234375;5778.759765625;5778.759765625;2577370
2024-10-09 13:12:00-04:00;5778.7900390625;5780.85986328125;5778.77978515625;5780.64013671875;5780.64013671875;3462590
2024-10-09 13:13:00-04:00;5780.72021484375;5781.10009765625;5780.5;5781.02001953125;5781.02001953125;2528831
2024-10-09 13:14:00-04:00;5781.02001953125;5781.60009765625;5780.97021484375;5781.39990234375;5781.39990234375;2342640
2024-10-09 13:15:00-04:00;5781.3798828125;5783.10009765625;5780.9501953125;5782.97998046875;5782.97998046875;3007394
2024-10-09 13:16:00-04:00;5783.1201171875;5785.1298828125;5783.1201171875;5785.1201171875;5785.1201171875;3862376
2024-10-09 13:17:00-04:00;5785.1201171875;5785.4599609375;5783.2001953125;5783.490234375;5783.490234375;3368437
2024-10-09 13:18:00-04:00;5783.4599609375;5784.169921875;5783.35009765625;5783.64013671875;5783.64013671875;2352741
2024-10-09 13:19:00-04:00;5783.5498046875;5783.83984375;5783.02978515625;5783.580078125;5783.580078125;2736907
2024-10-09 13:20:00-04:00;5783.60009765625;5784.16015625;5783.22998046875;5784.0498046875;5784.0498046875;2544665
2024-10-09 13:21:00-04:00;5784.02978515625;5784.6201171875;5783.91015625;5784.08984375;5784.08984375;3266053
2024-10-09 13:22:00-04:00;5784.10009765625;5784.18994140625;5783.58984375;5784.169921875;5784.169921875;3755710
2024-10-09 13:23:00-04:00;5784.2099609375;5785.2001953125;5784.2099609375;5784.990234375;5784.990234375;4006743
2024-10-09 13:24:00-04:00;5784.93994140625;5785.830078125;5784.93994140625;5785.47021484375;5785.47021484375;3058799
2024-10-09 13:25:00-04:00;5785.419921875;5785.60986328125;5784.97998046875;5785.39013671875;5785.39013671875;3075403
2024-10-09 13:26:00-04:00;5785.3701171875;5786.0;5784.77001953125;5785.7998046875;5785.7998046875;3299013
2024-10-09 13:27:00-04:00;5785.83984375;5785.990234375;5785.330078125;5785.4599609375;5785.4599609375;2857748
2024-10-09 13:28:00-04:00;5785.4501953125;5785.830078125;5785.240234375;5785.33984375;5785.33984375;3506918
2024-10-09 13:29:00-04:00;5785.31005859375;5785.31005859375;5784.77001953125;5784.97998046875;5784.97998046875;2520574
2024-10-09 13:30:00-04:00;5784.8701171875;5784.8701171875;5783.3701171875;5783.39013671875;5783.39013671875;3560901
2024-10-09 13:31:00-04:00;5783.41015625;5785.39990234375;5783.14990234375;5784.60986328125;5784.60986328125;5073779
2024-10-09 13:32:00-04:00;5784.64013671875;5784.68994140625;5783.68017578125;5784.4501953125;5784.4501953125;4536345
2024-10-09 13:33:00-04:00;5784.43994140625;5785.509765625;5784.2998046875;5785.2900390625;5785.2900390625;3392686
2024-10-09 13:34:00-04:00;5785.259765625;5785.259765625;5784.22021484375;5784.22021484375;5784.22021484375;3716689
2024-10-09 13:35:00-04:00;5784.25;5784.5;5783.5498046875;5783.5498046875;5783.5498046875;2835691
2024-10-09 13:36:00-04:00;5783.60009765625;5784.25;5783.580078125;5784.0;5784.0;2651944
2024-10-09 13:37:00-04:00;5783.93017578125;5783.93017578125;5783.47021484375;5783.77001953125;5783.77001953125;2590386
2024-10-09 13:38:00-04:00;5783.7001953125;5784.5498046875;5783.43017578125;5784.5498046875;5784.5498046875;2661989
2024-10-09 13:39:00-04:00;5784.39990234375;5784.4599609375;5783.919921875;5784.1201171875;5784.1201171875;2514670
2024-10-09 13:40:00-04:00;5784.1298828125;5784.58984375;5783.93017578125;5784.47021484375;5784.47021484375;3139183
2024-10-09 13:41:00-04:00;5784.52978515625;5784.8701171875;5783.7998046875;5783.830078125;5783.830078125;2900512
2024-10-09 13:42:00-04:00;5783.85009765625;5784.1298828125;5783.6201171875;5783.93994140625;5783.93994140625;2471313
2024-10-09 13:43:00-04:00;5783.97998046875;5784.02001953125;5783.47998046875;5783.60009765625;5783.60009765625;3055465
2024-10-09 13:44:00-04:00;5783.490234375;5783.490234375;5783.080078125;5783.18017578125;5783.18017578125;2821336
2024-10-09 13:45:00-04:00;5783.240234375;5783.85009765625;5782.93017578125;5783.5400390625;5783.5400390625;2954239
2024-10-09 13:46:00-04:00;5783.52001953125;5783.7099609375;5783.240234375;5783.35986328125;5783.35986328125;2887414
2024-10-09 13:47:00-04:00;5783.3701171875;5783.75;5782.8798828125;5783.16015625;5783.16015625;3251927
2024-10-09 13:48:00-04:00;5783.25;5783.25;5782.60009765625;5782.89013671875;5782.89013671875;2288843
2024-10-09 13:49:00-04:00;5782.83984375;5783.18994140625;5782.43994140625;5782.8701171875;5782.8701171875;2497740
2024-10-09 13:50:00-04:00;5782.830078125;5782.83984375;5781.68994140625;5781.68994140625;5781.68994140625;3151798
2024-10-09 13:51:00-04:00;5781.7001953125;5781.7099609375;5781.009765625;5781.10009765625;5781.10009765625;3130246
2024-10-09 13:52:00-04:00;5781.10986328125;5781.10986328125;5778.259765625;5778.39013671875;5778.39013671875;4095429
2024-10-09 13:53:00-04:00;5778.330078125;5778.3798828125;5771.1298828125;5776.330078125;5776.330078125;8297443
2024-10-09 13:54:00-04:00;5776.47021484375;5777.35986328125;5776.47021484375;5776.81982421875;5776.81982421875;2834000
2024-10-09 13:55:00-04:00;5776.81982421875;5777.990234375;5775.97998046875;5777.990234375;5777.990234375;3495084
2024-10-09 13:56:00-04:00;5777.919921875;5778.43017578125;5777.52978515625;5777.52978515625;5777.52978515625;2601954
2024-10-09 13:57:00-04:00;5777.509765625;5779.7998046875;5777.509765625;5779.6298828125;5779.6298828125;3033595
2024-10-09 13:58:00-04:00;5779.64990234375;5779.81005859375;5777.7001953125;5777.7001953125;5777.7001953125;2623049
2024-10-09 13:59:00-04:00;5777.81005859375;5778.08984375;5776.97021484375;5777.8798828125;5777.8798828125;2634501
2024-10-09 14:00:00-04:00;5777.85009765625;5778.2900390625;5776.89013671875;5777.830078125;5777.830078125;2861577
2024-10-09 14:01:00-04:00;5777.93017578125;5778.18994140625;5776.81005859375;5777.419921875;5777.419921875;5510843
2024-10-09 14:02:00-04:00;5777.330078125;5778.60986328125;5776.740234375;5778.1298828125;5778.1298828125;2805743
2024-10-09 14:03:00-04:00;5778.39013671875;5779.25;5778.39013671875;5779.25;5779.25;2460529
2024-10-09 14:04:00-04:00;5779.31005859375;5780.39013671875;5779.27001953125;5780.3701171875;5780.3701171875;2555227
2024-10-09 14:05:00-04:00;5780.31005859375;5780.93994140625;5780.18994140625;5780.4501953125;5780.4501953125;2338706
2024-10-09 14:06:00-04:00;5780.33984375;5780.81982421875;5780.18994140625;5780.7001953125;5780.7001953125;2550937
2024-10-09 14:07:00-04:00;5780.68994140625;5781.72998046875;5780.58984375;5781.18017578125;5781.18017578125;3073545
2024-10-09 14:08:00-04:00;5781.10986328125;5781.60986328125;5780.8798828125;5781.490234375;5781.490234375;2548618
2024-10-09 14:09:00-04:00;5781.4501953125;5781.4501953125;5780.35986328125;5780.3701171875;5780.3701171875;2754435
2024-10-09 14:10:00-04:00;5780.35986328125;5780.5498046875;5779.6201171875;5779.81005859375;5779.81005859375;3129908
2024-10-09 14:11:00-04:00;5779.7099609375;5780.1298828125;5777.6298828125;5778.0400390625;5778.0400390625;3633491
2024-10-09 14:12:00-04:00;5777.93994140625;5778.66015625;5777.43994140625;5778.5498046875;5778.5498046875;3005415
2024-10-09 14:13:00-04:00;5778.56982421875;5778.89990234375;5778.47998046875;5778.77001953125;5778.77001953125;2234222
2024-10-09 14:14:00-04:00;5778.7998046875;5779.43017578125;5778.60009765625;5779.39990234375;5779.39990234375;2804049
2024-10-09 14:15:00-04:00;5779.3798828125;5779.3798828125;5777.83984375;5778.1298828125;5778.1298828125;2351687
2024-10-09 14:16:00-04:00;5778.14990234375;5778.3798828125;5777.5;5777.7900390625;5777.7900390625;2753277
2024-10-09 14:17:00-04:00;5777.759765625;5777.77978515625;5777.3798828125;5777.4501953125;5777.4501953125;2081027
2024-10-09 14:18:00-04:00;5777.43994140625;5777.43994140625;5776.7900390625;5777.10009765625;5777.10009765625;2665013
2024-10-09 14:19:00-04:00;5777.0400390625;5777.47998046875;5776.9599609375;5777.31982421875;5777.31982421875;2472471
2024-10-09 14:20:00-04:00;5777.31005859375;5777.419921875;5776.490234375;5777.27978515625;5777.27978515625;2469807
2024-10-09 14:21:00-04:00;5777.2001953125;5777.2001953125;5776.080078125;5776.080078125;5776.080078125;2916547
2024-10-09 14:22:00-04:00;5776.0;5776.740234375;5775.14990234375;5775.580078125;5775.580078125;3843633
2024-10-09 14:23:00-04:00;5775.580078125;5776.77001953125;5775.3701171875;5776.56982421875;5776.56982421875;4060874
2024-10-09 14:24:00-04:00;5776.6201171875;5777.64013671875;5776.6201171875;5777.3798828125;5777.3798828125;3195496
2024-10-09 14:25:00-04:00;5777.39013671875;5779.9501953125;5777.39013671875;5779.7900390625;5779.7900390625;3876367
2024-10-09 14:26:00-04:00;5779.77001953125;5780.77978515625;5779.509765625;5780.330078125;5780.330078125;3387597
2024-10-09 14:27:00-04:00;5780.39990234375;5781.16015625;5780.31005859375;5780.89990234375;5780.89990234375;3278782
2024-10-09 14:28:00-04:00;5780.85986328125;5784.4599609375;5780.85986328125;5784.14013671875;5784.14013671875;4835107
2024-10-09 14:29:00-04:00;5784.02978515625;5785.25;5783.58984375;5784.39013671875;5784.39013671875;3602683
2024-10-09 14:30:00-04:00;5784.31982421875;5784.31982421875;5782.330078125;5783.919921875;5783.919921875;3922917
2024-10-09 14:31:00-04:00;5783.93017578125;5784.06005859375;5782.58984375;5782.64013671875;5782.64013671875;3305736
2024-10-09 14:32:00-04:00;5782.60986328125;5783.009765625;5781.8701171875;5782.240234375;5782.240234375;3417390
2024-10-09 14:33:00-04:00;5782.22021484375;5782.22021484375;5781.06005859375;5781.31005859375;5781.31005859375;3136160
2024-10-09 14:34:00-04:00;5781.2900390625;5781.2900390625;5780.009765625;5780.47021484375;5780.47021484375;3586251
2024-10-09 14:35:00-04:00;5780.4501953125;5781.39990234375;5780.4501953125;5780.75;5780.75;3039909
2024-10-09 14:36:00-04:00;5780.7900390625;5781.259765625;5780.3798828125;5780.830078125;5780.830078125;2883938
2024-10-09 14:37:00-04:00;5780.85009765625;5781.330078125;5780.81982421875;5781.2001953125;5781.2001953125;3079679
2024-10-09 14:38:00-04:00;5781.18017578125;5781.27001953125;5780.77978515625;5780.85009765625;5780.85009765625;3029330
2024-10-09 14:39:00-04:00;5780.91015625;5782.35009765625;5780.91015625;5782.18994140625;5782.18994140625;3586455
2024-10-09 14:40:00-04:00;5782.2001953125;5782.6201171875;5781.89013671875;5782.4599609375;5782.4599609375;3213612
2024-10-09 14:41:00-04:00;5782.43994140625;5782.64990234375;5782.0;5782.1201171875;5782.1201171875;3296969
2024-10-09 14:42:00-04:00;5782.14990234375;5782.7001953125;5782.06005859375;5782.10986328125;5782.10986328125;2670475
2024-10-09 14:43:00-04:00;5782.14013671875;5782.990234375;5782.1201171875;5782.39990234375;5782.39990234375;2955313
2024-10-09 14:44:00-04:00;5782.35986328125;5783.5400390625;5782.27978515625;5783.10986328125;5783.10986328125;3162948
2024-10-09 14:45:00-04:00;5783.1298828125;5784.39013671875;5783.1298828125;5783.97021484375;5783.97021484375;3056149
2024-10-09 14:46:00-04:00;5783.9599609375;5784.27978515625;5783.52001953125;5783.759765625;5783.759765625;2892380
2024-10-09 14:47:00-04:00;5783.72021484375;5783.990234375;5782.919921875;5783.93994140625;5783.93994140625;3937881
2024-10-09 14:48:00-04:00;5783.9501953125;5784.14013671875;5783.7001953125;5783.9599609375;5783.9599609375;2711244
2024-10-09 14:49:00-04:00;5783.97021484375;5783.97021484375;5783.18017578125;5783.740234375;5783.740234375;3218574
2024-10-09 14:50:00-04:00;5783.919921875;5783.919921875;5782.919921875;5783.4599609375;5783.4599609375;4239688
2024-10-09 14:51:00-04:00;5783.490234375;5783.7998046875;5783.43017578125;5783.60986328125;5783.60986328125;3954407
2024-10-09 14:52:00-04:00;5783.58984375;5783.93994140625;5782.64013671875;5782.91015625;5782.91015625;3295744
2024-10-09 14:53:00-04:00;5782.9599609375;5783.10009765625;5782.5498046875;5782.81982421875;5782.81982421875;2769157
2024-10-09 14:54:00-04:00;5782.81005859375;5782.830078125;5781.7998046875;5781.9501953125;5781.9501953125;3336353
2024-10-09 14:55:00-04:00;5781.97021484375;5782.56982421875;5781.56982421875;5782.56982421875;5782.56982421875;3398399
2024-10-09 14:56:00-04:00;5782.5400390625;5782.5400390625;5781.14990234375;5781.14990234375;5781.14990234375;3730847
2024-10-09 14:57:00-04:00;5781.14990234375;5781.830078125;5780.85986328125;5781.58984375;5781.58984375;3586194
2024-10-09 14:58:00-04:00;5781.64013671875;5781.990234375;5780.9501953125;5781.02001953125;5781.02001953125;3802938
2024-10-09 14:59:00-04:00;5781.0;5782.080078125;5780.93017578125;5781.9501953125;5781.9501953125;3693165
2024-10-09 15:00:00-04:00;5781.9599609375;5781.9599609375;5780.31982421875;5780.31982421875;5780.31982421875;4077619
2024-10-09 15:01:00-04:00;5780.33984375;5780.9501953125;5779.85009765625;5780.330078125;5780.330078125;3640114
2024-10-09 15:02:00-04:00;5780.33984375;5781.169921875;5780.33984375;5780.35009765625;5780.35009765625;3438282
2024-10-09 15:03:00-04:00;5780.3701171875;5781.3798828125;5780.3701171875;5781.02001953125;5781.02001953125;3396448
2024-10-09 15:04:00-04:00;5781.0;5781.6298828125;5781.0;5781.35986328125;5781.35986328125;3360273
2024-10-09 15:05:00-04:00;5781.33984375;5782.39990234375;5781.33984375;5782.33984375;5782.33984375;3687423
2024-10-09 15:06:00-04:00;5782.33984375;5782.56982421875;5782.080078125;5782.47998046875;5782.47998046875;3712648
2024-10-09 15:07:00-04:00;5782.56005859375;5782.56005859375;5778.009765625;5779.93017578125;5779.93017578125;6781322
2024-10-09 15:08:00-04:00;5779.93017578125;5780.31005859375;5778.72021484375;5780.10009765625;5780.10009765625;3008239
2024-10-09 15:09:00-04:00;5780.080078125;5780.6201171875;5779.8798828125;5780.18017578125;5780.18017578125;3456691
2024-10-09 15:10:00-04:00;5780.22021484375;5780.5400390625;5779.2900390625;5780.009765625;5780.009765625;3652762
2024-10-09 15:11:00-04:00;5780.08984375;5781.0400390625;5780.08984375;5780.2900390625;5780.2900390625;3389962
2024-10-09 15:12:00-04:00;5780.27978515625;5780.2998046875;5779.18994140625;5779.72998046875;5779.72998046875;3019939
2024-10-09 15:13:00-04:00;5779.77978515625;5780.419921875;5779.64990234375;5780.419921875;5780.419921875;3632026
2024-10-09 15:14:00-04:00;5780.39990234375;5781.2001953125;5780.2998046875;5780.68017578125;5780.68017578125;3263731
2024-10-09 15:15:00-04:00;5780.72998046875;5782.56982421875;5780.669921875;5782.490234375;5782.490234375;4027506
2024-10-09 15:16:00-04:00;5782.52001953125;5783.0400390625;5782.08984375;5782.7900390625;5782.7900390625;3744951
2024-10-09 15:17:00-04:00;5782.81982421875;5783.10986328125;5782.509765625;5782.919921875;5782.919921875;3659901
2024-10-09 15:18:00-04:00;5782.89013671875;5783.6298828125;5782.4599609375;5783.6298828125;5783.6298828125;4417102
2024-10-09 15:19:00-04:00;5783.5498046875;5784.669921875;5783.39013671875;5784.64990234375;5784.64990234375;3529635
2024-10-09 15:20:00-04:00;5784.81005859375;5785.7998046875;5784.6298828125;5785.18994140625;5785.18994140625;4160454
2024-10-09 15:21:00-04:00;5785.169921875;5786.509765625;5785.0;5785.64013671875;5785.64013671875;3672350
2024-10-09 15:22:00-04:00;5785.6298828125;5787.35009765625;5785.60009765625;5786.43994140625;5786.43994140625;4153408
2024-10-09 15:23:00-04:00;5786.43994140625;5786.8798828125;5785.7001953125;5785.759765625;5785.759765625;3350731
2024-10-09 15:24:00-04:00;5785.75;5786.64990234375;5785.72021484375;5786.5400390625;5786.5400390625;3640118
2024-10-09 15:25:00-04:00;5786.6298828125;5787.22998046875;5785.97998046875;5786.75;5786.75;4107750
2024-10-09 15:26:00-04:00;5786.77978515625;5787.02978515625;5786.52001953125;5786.7998046875;5786.7998046875;3967209
2024-10-09 15:27:00-04:00;5786.77978515625;5787.5498046875;5786.72021484375;5787.330078125;5787.330078125;3904938
2024-10-09 15:28:00-04:00;5787.25;5787.31005859375;5786.31982421875;5786.740234375;5786.740234375;3397350
2024-10-09 15:29:00-04:00;5786.72021484375;5787.2900390625;5786.72021484375;5786.85009765625;5786.85009765625;4633757
2024-10-09 15:30:00-04:00;5786.77001953125;5787.22998046875;5786.77001953125;5787.1298828125;5787.1298828125;4949192
2024-10-09 15:31:00-04:00;5787.10986328125;5787.39990234375;5786.83984375;5787.39990234375;5787.39990234375;5302608
2024-10-09 15:32:00-04:00;5787.4501953125;5788.169921875;5787.18994140625;5787.64013671875;5787.64013671875;4742715
2024-10-09 15:33:00-04:00;5787.64990234375;5793.89990234375;5787.60986328125;5793.89990234375;5793.89990234375;6887889
2024-10-09 15:34:00-04:00;5793.72998046875;5794.81982421875;5792.60009765625;5792.68994140625;5792.68994140625;6488560
2024-10-09 15:35:00-04:00;5792.7099609375;5792.89013671875;5792.33984375;5792.64013671875;5792.64013671875;4374577
2024-10-09 15:36:00-04:00;5792.669921875;5793.58984375;5792.64990234375;5793.58984375;5793.58984375;4680875
2024-10-09 15:37:00-04:00;5793.6298828125;5794.0400390625;5792.68017578125;5792.919921875;5792.919921875;4618849
2024-10-09 15:38:00-04:00;5793.1298828125;5793.60986328125;5792.83984375;5792.83984375;5792.83984375;4934122
2024-10-09 15:39:00-04:00;5792.83984375;5792.83984375;5791.43017578125;5791.43017578125;5791.43017578125;4415856
2024-10-09 15:40:00-04:00;5791.43994140625;5791.58984375;5789.740234375;5790.64013671875;5790.64013671875;5148216
2024-10-09 15:41:00-04:00;5790.60009765625;5791.2099609375;5790.58984375;5791.0;5791.0;5300588
2024-10-09 15:42:00-04:00;5791.02978515625;5791.14990234375;5790.22021484375;5790.31005859375;5790.31005859375;4584000
2024-10-09 15:43:00-04:00;5790.27001953125;5790.7001953125;5789.68017578125;5789.72998046875;5789.72998046875;4810741
2024-10-09 15:44:00-04:00;5789.72998046875;5789.83984375;5788.7099609375;5788.7099609375;5788.7099609375;5752893
2024-10-09 15:45:00-04:00;5788.68994140625;5790.1201171875;5788.68994140625;5788.85986328125;5788.85986328125;6469954
2024-10-09 15:46:00-04:00;5788.89013671875;5789.3798828125;5788.64013671875;5789.259765625;5789.259765625;6857660
2024-10-09 15:47:00-04:00;5789.240234375;5790.43017578125;5789.1298828125;5790.22021484375;5790.22021484375;6371378
2024-10-09 15:48:00-04:00;5790.18017578125;5791.1298828125;5789.259765625;5790.9599609375;5790.9599609375;6940102
2024-10-09 15:49:00-04:00;5790.990234375;5791.39013671875;5790.60986328125;5791.08984375;5791.08984375;6661109
2024-10-09 15:50:00-04:00;5790.8701171875;5794.22998046875;5790.8701171875;5793.93017578125;5793.93017578125;14276672
2024-10-09 15:51:00-04:00;5793.81005859375;5795.35009765625;5793.81005859375;5795.33984375;5795.33984375;10234169
2024-10-09 15:52:00-04:00;5795.27001953125;5796.7998046875;5794.759765625;5795.169921875;5795.169921875;11337151
2024-10-09 15:53:00-04:00;5795.1298828125;5795.1298828125;5793.7998046875;5794.330078125;5794.330078125;10938023
2024-10-09 15:54:00-04:00;5794.41015625;5796.0;5794.009765625;5795.759765625;5795.759765625;12940882
2024-10-09 15:55:00-04:00;5795.81005859375;5796.33984375;5793.8798828125;5794.41015625;5794.41015625;16222575
2024-10-09 15:56:00-04:00;5794.56005859375;5794.56005859375;5793.43994140625;5793.6298828125;5793.6298828125;15336657
2024-10-09 15:57:00-04:00;5793.6201171875;5794.4501953125;5793.5400390625;5794.169921875;5794.169921875;15796171
2024-10-09 15:58:00-04:00;5794.27001953125;5795.85009765625;5794.08984375;5795.14990234375;5795.14990234375;17208698
2024-10-09 15:59:00-04:00;5795.14990234375;5795.43017578125;5791.77978515625;5791.990234375;5791.990234375;16456724
