Datetime;Open;High;Low;Close;Adj Close;Volume
2024-12-18 09:30:00-05:00;6047.64990234375;6050.06982421875;6046.93017578125;6048.18994140625;6048.18994140625;0
2024-12-18 09:31:00-05:00;6047.93994140625;6047.93994140625;6044.18994140625;6045.9599609375;6045.9599609375;11501193
2024-12-18 09:32:00-05:00;6045.580078125;6048.0400390625;6045.3798828125;6045.89990234375;6045.89990234375;10704594
2024-12-18 09:33:00-05:00;6046.06982421875;6047.4501953125;6045.81005859375;6046.2001953125;6046.2001953125;10839796
2024-12-18 09:34:00-05:00;6046.3798828125;6046.3798828125;6042.06982421875;6044.9501953125;6044.9501953125;9623660
2024-12-18 09:35:00-05:00;6044.9501953125;6045.93994140625;6041.490234375;6042.31982421875;6042.31982421875;8103054
2024-12-18 09:36:00-05:00;6042.009765625;6044.6298828125;6041.58984375;6044.6298828125;6044.6298828125;8625173
2024-12-18 09:37:00-05:00;6044.490234375;6045.0498046875;6042.72021484375;6045.0498046875;6045.0498046875;9116960
2024-12-18 09:38:00-05:00;6045.27978515625;6046.2099609375;6044.0;6044.509765625;6044.509765625;8075370
2024-12-18 09:39:00-05:00;6044.64990234375;6045.9599609375;6043.4599609375;6045.919921875;6045.919921875;8543539
2024-12-18 09:40:00-05:00;6045.91015625;6046.39013671875;6045.2001953125;6045.35986328125;6045.35986328125;9296427
2024-12-18 09:41:00-05:00;6045.2099609375;6045.2998046875;6043.97998046875;6044.7998046875;6044.7998046875;7644446
2024-12-18 09:42:00-05:00;6044.85009765625;6047.4501953125;6044.2900390625;6047.43994140625;6047.43994140625;8127585
2024-12-18 09:43:00-05:00;6047.0400390625;6047.0400390625;6043.97998046875;6045.10009765625;6045.10009765625;7098171
2024-12-18 09:44:00-05:00;6045.14990234375;6046.35986328125;6044.169921875;6046.33984375;6046.33984375;7175721
2024-12-18 09:45:00-05:00;6046.18017578125;6046.18017578125;6043.7900390625;6044.89990234375;6044.89990234375;7327065
2024-12-18 09:46:00-05:00;6044.9599609375;6045.5400390625;6044.35009765625;6044.5498046875;6044.5498046875;6888548
2024-12-18 09:47:00-05:00;6044.740234375;6047.27001953125;6044.3701171875;6046.33984375;6046.33984375;6495041
2024-12-18 09:48:00-05:00;6046.2998046875;6047.47998046875;6045.7099609375;6046.83984375;6046.83984375;7353048
2024-12-18 09:49:00-05:00;6046.7900390625;6048.5400390625;6046.259765625;6048.5400390625;6048.5400390625;6843805
2024-12-18 09:50:00-05:00;6048.3798828125;6048.72998046875;6046.8701171875;6048.31005859375;6048.31005859375;7517454
2024-12-18 09:51:00-05:00;6048.10986328125;6048.330078125;6046.0498046875;6048.08984375;6048.08984375;6904600
2024-12-18 09:52:00-05:00;6048.06005859375;6048.85986328125;6047.330078125;6048.39990234375;6048.39990234375;5891854
2024-12-18 09:53:00-05:00;6048.4599609375;6050.47998046875;6047.89990234375;6050.41015625;6050.41015625;5586156
2024-12-18 09:54:00-05:00;6050.35009765625;6053.02978515625;6050.35009765625;6052.31982421875;6052.31982421875;6419902
2024-12-18 09:55:00-05:00;6052.22998046875;6053.83984375;6052.14013671875;6053.66015625;6053.66015625;6381856
2024-12-18 09:56:00-05:00;6053.5400390625;6053.58984375;6051.5400390625;6051.89990234375;6051.89990234375;5535680
2024-12-18 09:57:00-05:00;6051.81982421875;6052.4501953125;6050.580078125;6050.9501953125;6050.9501953125;5637623
2024-12-18 09:58:00-05:00;6051.0;6052.8701171875;6050.7998046875;6052.8701171875;6052.8701171875;5398467
2024-12-18 09:59:00-05:00;6052.72021484375;6054.080078125;6052.56982421875;6053.31982421875;6053.31982421875;8142286
2024-12-18 10:00:00-05:00;6053.22021484375;6055.3798828125;6052.830078125;6053.0400390625;6053.0400390625;8061362
2024-12-18 10:01:00-05:00;6052.75;6054.75;6052.39990234375;6053.77978515625;6053.77978515625;6732443
2024-12-18 10:02:00-05:00;6053.6298828125;6053.68017578125;6052.490234375;6053.330078125;6053.330078125;7404433
2024-12-18 10:03:00-05:00;6053.330078125;6054.85009765625;6053.259765625;6053.85009765625;6053.85009765625;6572490
2024-12-18 10:04:00-05:00;6053.8701171875;6056.0400390625;6053.83984375;6055.5400390625;6055.5400390625;5821284
2024-12-18 10:05:00-05:00;6055.64013671875;6056.330078125;6054.60009765625;6056.0;6056.0;3764559
2024-12-18 10:07:00-05:00;6055.60986328125;6057.06005859375;6055.4599609375;6056.2001953125;6056.2001953125;14339318
2024-12-18 10:08:00-05:00;6055.919921875;6055.919921875;6054.4599609375;6054.60986328125;6054.60986328125;5718648
2024-12-18 10:09:00-05:00;6054.56982421875;6055.75;6054.27001953125;6054.5498046875;6054.5498046875;5013879
2024-12-18 10:10:00-05:00;6054.509765625;6056.93994140625;6054.08984375;6056.33984375;6056.33984375;5682332
2024-12-18 10:11:00-05:00;6056.5498046875;6057.18994140625;6056.4501953125;6056.81005859375;6056.81005859375;5030848
2024-12-18 10:12:00-05:00;6056.9501953125;6056.9501953125;6055.85986328125;6056.4599609375;6056.4599609375;5498593
2024-12-18 10:13:00-05:00;6056.490234375;6056.81982421875;6055.4501953125;6055.60009765625;6055.60009765625;4731534
2024-12-18 10:14:00-05:00;6055.66015625;6057.2998046875;6055.52001953125;6056.6298828125;6056.6298828125;5824747
2024-12-18 10:15:00-05:00;6056.72998046875;6056.8798828125;6055.56982421875;6056.02978515625;6056.02978515625;5585876
2024-12-18 10:16:00-05:00;6056.009765625;6057.14013671875;6055.52001953125;6055.89013671875;6055.89013671875;4815999
2024-12-18 10:17:00-05:00;6055.830078125;6056.259765625;6055.259765625;6055.7099609375;6055.7099609375;5362241
2024-12-18 10:18:00-05:00;6055.93994140625;6058.02001953125;6055.35986328125;6058.02001953125;6058.02001953125;5438774
2024-12-18 10:19:00-05:00;6057.85009765625;6058.2099609375;6057.330078125;6057.89013671875;6057.89013671875;4860297
2024-12-18 10:20:00-05:00;6058.06005859375;6059.10009765625;6057.6298828125;6058.18017578125;6058.18017578125;5089652
2024-12-18 10:21:00-05:00;6058.1298828125;6059.5400390625;6057.919921875;6059.5400390625;6059.5400390625;5125587
2024-12-18 10:22:00-05:00;6059.5400390625;6060.72998046875;6059.5400390625;6059.9599609375;6059.9599609375;5108751
2024-12-18 10:23:00-05:00;6059.93994140625;6059.93994140625;6058.1298828125;6058.68994140625;6058.68994140625;4614946
2024-12-18 10:24:00-05:00;6059.0498046875;6059.5;6058.31982421875;6058.35986328125;6058.35986328125;5156648
2024-12-18 10:25:00-05:00;6058.43994140625;6059.22021484375;6057.89990234375;6058.56005859375;6058.56005859375;5121718
2024-12-18 10:26:00-05:00;6058.77978515625;6059.490234375;6057.58984375;6058.39013671875;6058.39013671875;5391703
2024-12-18 10:27:00-05:00;6058.4501953125;6060.22021484375;6057.77978515625;6059.89990234375;6059.89990234375;4939329
2024-12-18 10:28:00-05:00;6060.080078125;6060.64990234375;6059.64990234375;6060.4501953125;6060.4501953125;4748563
2024-12-18 10:29:00-05:00;6060.39013671875;6060.68017578125;6059.8701171875;6060.58984375;6060.58984375;4701736
2024-12-18 10:30:00-05:00;6060.6201171875;6061.2998046875;6060.27978515625;6060.919921875;6060.919921875;5039335
2024-12-18 10:31:00-05:00;6060.830078125;6060.830078125;6059.740234375;6060.75;6060.75;5953439
2024-12-18 10:32:00-05:00;6060.81005859375;6061.89013671875;6060.330078125;6061.31982421875;6061.31982421875;4963315
2024-12-18 10:33:00-05:00;6061.31982421875;6062.43017578125;6061.31982421875;6062.14013671875;6062.14013671875;4517581
2024-12-18 10:34:00-05:00;6062.259765625;6064.02978515625;6062.259765625;6062.919921875;6062.919921875;5323985
2024-12-18 10:35:00-05:00;6063.0400390625;6063.60009765625;6062.4501953125;6063.47998046875;6063.47998046875;5055552
2024-12-18 10:36:00-05:00;6063.43994140625;6063.43994140625;6062.75;6063.06982421875;6063.06982421875;4816167
2024-12-18 10:37:00-05:00;6063.08984375;6064.68994140625;6063.08984375;6064.509765625;6064.509765625;5037779
2024-12-18 10:38:00-05:00;6064.7099609375;6066.0;6064.7099609375;6066.0;6066.0;4106955
2024-12-18 10:39:00-05:00;6066.0;6066.0498046875;6065.14990234375;6065.47998046875;6065.47998046875;5701741
2024-12-18 10:40:00-05:00;6065.58984375;6066.18994140625;6064.8701171875;6064.93994140625;6064.93994140625;5292007
2024-12-18 10:41:00-05:00;6064.85009765625;6066.85986328125;6064.85009765625;6065.919921875;6065.919921875;4385367
2024-12-18 10:42:00-05:00;6065.97998046875;6066.1298828125;6064.6298828125;6064.6298828125;6064.6298828125;4505674
2024-12-18 10:43:00-05:00;6064.3701171875;6065.27978515625;6064.3701171875;6064.91015625;6064.91015625;4794358
2024-12-18 10:44:00-05:00;6065.06005859375;6067.4599609375;6064.91015625;6066.919921875;6066.919921875;5545916
2024-12-18 10:45:00-05:00;6067.259765625;6067.47998046875;6066.580078125;6066.990234375;6066.990234375;5370448
2024-12-18 10:46:00-05:00;6066.93017578125;6068.169921875;6066.830078125;6068.169921875;6068.169921875;6735773
2024-12-18 10:47:00-05:00;6068.08984375;6068.77001953125;6066.93994140625;6067.990234375;6067.990234375;4128098
2024-12-18 10:48:00-05:00;6068.009765625;6069.5;6067.9599609375;6069.27001953125;6069.27001953125;4363394
2024-12-18 10:49:00-05:00;6069.58984375;6070.669921875;6069.22998046875;6069.68017578125;6069.68017578125;4401170
2024-12-18 10:50:00-05:00;6069.75;6070.39990234375;6069.02978515625;6069.35986328125;6069.35986328125;4834144
2024-12-18 10:51:00-05:00;6069.35986328125;6069.81982421875;6069.35986328125;6069.81982421875;6069.81982421875;0
2024-12-18 10:53:00-05:00;6068.2998046875;6068.72021484375;6067.85986328125;6068.4501953125;6068.4501953125;590052059
2024-12-18 10:54:00-05:00;6068.52978515625;6068.52978515625;6067.14013671875;6067.5498046875;6067.5498046875;3938858
2024-12-18 10:55:00-05:00;6067.60009765625;6068.7998046875;6067.39013671875;6068.68994140625;6068.68994140625;3952575
2024-12-18 10:56:00-05:00;6068.7001953125;6069.39990234375;6068.43017578125;6068.68994140625;6068.68994140625;4013940
2024-12-18 10:57:00-05:00;6068.580078125;6069.47998046875;6068.580078125;6068.91015625;6068.91015625;4289462
2024-12-18 10:58:00-05:00;6069.06982421875;6069.16015625;6067.81005859375;6067.81982421875;6067.81982421875;3931885
2024-12-18 10:59:00-05:00;6067.8701171875;6068.10009765625;6065.85009765625;6065.93017578125;6065.93017578125;4400874
2024-12-18 11:00:00-05:00;6065.740234375;6067.9501953125;6065.740234375;6067.8701171875;6067.8701171875;4425195
2024-12-18 11:01:00-05:00;6067.93017578125;6068.72998046875;6067.7998046875;6068.33984375;6068.33984375;4835362
2024-12-18 11:02:00-05:00;6068.18994140625;6068.22998046875;6067.2001953125;6067.5;6067.5;5327250
2024-12-18 11:03:00-05:00;6067.3701171875;6068.35986328125;6067.02978515625;6068.31982421875;6068.31982421875;4411907
2024-12-18 11:04:00-05:00;6068.2900390625;6068.35986328125;6066.66015625;6067.240234375;6067.240234375;4195082
2024-12-18 11:05:00-05:00;6067.18994140625;6067.18994140625;6065.64990234375;6066.60009765625;6066.60009765625;4427778
2024-12-18 11:06:00-05:00;6066.580078125;6066.97998046875;6066.14990234375;6066.77978515625;6066.77978515625;5117618
2024-12-18 11:07:00-05:00;6066.60009765625;6067.43017578125;6066.509765625;6066.7998046875;6066.7998046875;4816628
2024-12-18 11:08:00-05:00;6066.830078125;6066.97998046875;6066.14013671875;6066.35986328125;6066.35986328125;3819093
2024-12-18 11:09:00-05:00;6066.330078125;6066.35986328125;6064.990234375;6065.1201171875;6065.1201171875;4307798
2024-12-18 11:10:00-05:00;6065.16015625;6065.72021484375;6064.39013671875;6064.83984375;6064.83984375;5930012
2024-12-18 11:11:00-05:00;6064.81982421875;6064.81982421875;6063.419921875;6063.64990234375;6063.64990234375;4762711
2024-12-18 11:12:00-05:00;6063.68994140625;6065.22998046875;6063.3798828125;6063.3798828125;6063.3798828125;3872018
2024-12-18 11:13:00-05:00;6063.4599609375;6063.4599609375;6060.47998046875;6060.47998046875;6060.47998046875;5091849
2024-12-18 11:14:00-05:00;6060.10009765625;6061.6201171875;6059.8798828125;6060.2099609375;6060.2099609375;4702747
2024-12-18 11:15:00-05:00;6060.2099609375;6060.3701171875;6057.14990234375;6057.27001953125;6057.27001953125;4872789
2024-12-18 11:16:00-05:00;6057.02978515625;6058.009765625;6056.89990234375;6057.330078125;6057.330078125;4659473
2024-12-18 11:17:00-05:00;6057.56982421875;6057.56982421875;6054.919921875;6055.27978515625;6055.27978515625;4785151
2024-12-18 11:18:00-05:00;6055.22998046875;6056.97998046875;6055.02001953125;6056.2099609375;6056.2099609375;4039218
2024-12-18 11:19:00-05:00;6056.27001953125;6056.27001953125;6053.68017578125;6054.580078125;6054.580078125;5145814
2024-12-18 11:20:00-05:00;6054.64013671875;6055.10009765625;6053.31005859375;6054.93994140625;6054.93994140625;5212257
2024-12-18 11:21:00-05:00;6054.85986328125;6054.9599609375;6053.41015625;6053.47021484375;6053.47021484375;4220360
2024-12-18 11:22:00-05:00;6053.52978515625;6054.81982421875;6053.10986328125;6053.77978515625;6053.77978515625;3731771
2024-12-18 11:23:00-05:00;6053.81982421875;6055.72021484375;6053.5400390625;6055.25;6055.25;4232482
2024-12-18 11:24:00-05:00;6055.06005859375;6055.10009765625;6054.080078125;6054.81982421875;6054.81982421875;4475800
2024-12-18 11:25:00-05:00;6054.830078125;6057.419921875;6054.830078125;6057.25;6057.25;4264512
2024-12-18 11:26:00-05:00;6057.27978515625;6058.8798828125;6057.02001953125;6057.06005859375;6057.06005859375;4671945
2024-12-18 11:27:00-05:00;6057.2998046875;6058.91015625;6057.2998046875;6058.8798828125;6058.8798828125;4013774
2024-12-18 11:28:00-05:00;6058.81005859375;6061.60986328125;6058.68994140625;6061.60986328125;6061.60986328125;6237217
2024-12-18 11:29:00-05:00;6061.7099609375;6062.7001953125;6060.77001953125;6062.5498046875;6062.5498046875;6201113
2024-12-18 11:30:00-05:00;6062.47998046875;6062.64990234375;6060.22998046875;6061.41015625;6061.41015625;5062620
2024-12-18 11:31:00-05:00;6061.5498046875;6062.02978515625;6061.2001953125;6061.56982421875;6061.56982421875;4445370
2024-12-18 11:32:00-05:00;6061.60986328125;6062.43994140625;6060.9599609375;6061.7998046875;6061.7998046875;4480308
2024-12-18 11:33:00-05:00;6061.89990234375;6062.93994140625;6061.6201171875;6062.06982421875;6062.06982421875;3794801
2024-12-18 11:34:00-05:00;6062.14990234375;6062.25;6060.18017578125;6060.6298828125;6060.6298828125;4628191
2024-12-18 11:35:00-05:00;6060.60986328125;6061.58984375;6060.2900390625;6061.35009765625;6061.35009765625;3951539
2024-12-18 11:36:00-05:00;6061.27001953125;6063.3701171875;6061.08984375;6062.93994140625;6062.93994140625;4770027
2024-12-18 11:37:00-05:00;6062.8701171875;6062.8701171875;6062.22998046875;6062.64990234375;6062.64990234375;3701730
2024-12-18 11:38:00-05:00;6062.60009765625;6064.490234375;6062.580078125;6064.02001953125;6064.02001953125;3727947
2024-12-18 11:39:00-05:00;6064.10986328125;6064.39990234375;6063.4501953125;6064.18017578125;6064.18017578125;3602269
2024-12-18 11:40:00-05:00;6064.22021484375;6064.35009765625;6063.240234375;6063.419921875;6063.419921875;3660613
2024-12-18 11:41:00-05:00;6063.330078125;6063.93017578125;6062.8798828125;6063.4501953125;6063.4501953125;4409156
2024-12-18 11:42:00-05:00;6063.22998046875;6063.6201171875;6063.2001953125;6063.580078125;6063.580078125;3467837
2024-12-18 11:43:00-05:00;6063.60986328125;6064.7900390625;6063.60986328125;6064.509765625;6064.509765625;4013133
2024-12-18 11:44:00-05:00;6064.7099609375;6064.8798828125;6064.27978515625;6064.47998046875;6064.47998046875;3733278
2024-12-18 11:45:00-05:00;6064.52001953125;6065.14013671875;6064.18994140625;6065.14013671875;6065.14013671875;4436962
2024-12-18 11:46:00-05:00;6065.14013671875;6065.68017578125;6065.02001953125;6065.169921875;6065.169921875;3702310
2024-12-18 11:47:00-05:00;6065.2001953125;6065.3798828125;6064.43017578125;6065.240234375;6065.240234375;4642033
2024-12-18 11:48:00-05:00;6065.2099609375;6066.02001953125;6064.830078125;6065.77001953125;6065.77001953125;3567862
2024-12-18 11:49:00-05:00;6065.6298828125;6065.7998046875;6064.68017578125;6064.7099609375;6064.7099609375;3639711
2024-12-18 11:50:00-05:00;6064.75;6066.27978515625;6064.72998046875;6066.0;6066.0;4168319
2024-12-18 11:51:00-05:00;6065.97998046875;6066.47021484375;6065.77978515625;6066.10009765625;6066.10009765625;3912973
2024-12-18 11:52:00-05:00;6066.10009765625;6067.60009765625;6065.75;6067.25;6067.25;4783134
2024-12-18 11:53:00-05:00;6067.419921875;6067.669921875;6066.990234375;6067.18017578125;6067.18017578125;3394966
2024-12-18 11:54:00-05:00;6067.2099609375;6067.41015625;6066.35009765625;6066.47998046875;6066.47998046875;3208444
2024-12-18 11:55:00-05:00;6066.4501953125;6066.7099609375;6065.06982421875;6065.81005859375;6065.81005859375;3551071
2024-12-18 11:56:00-05:00;6065.81005859375;6066.080078125;6064.5400390625;6064.6298828125;6064.6298828125;3231659
2024-12-18 11:57:00-05:00;6064.669921875;6064.91015625;6063.68994140625;6063.85986328125;6063.85986328125;2946521
2024-12-18 11:58:00-05:00;6064.06982421875;6064.919921875;6063.68994140625;6064.2900390625;6064.2900390625;3483293
2024-12-18 11:59:00-05:00;6064.2900390625;6064.41015625;6063.68017578125;6064.0498046875;6064.0498046875;3637015
2024-12-18 12:00:00-05:00;6064.009765625;6064.06005859375;6063.009765625;6063.31982421875;6063.31982421875;3555950
2024-12-18 12:01:00-05:00;6063.39990234375;6063.77001953125;6061.60009765625;6062.43994140625;6062.43994140625;4483313
2024-12-18 12:02:00-05:00;6062.509765625;6063.35986328125;6062.22021484375;6062.5400390625;6062.5400390625;3289774
2024-12-18 12:03:00-05:00;6062.41015625;6063.27001953125;6061.77001953125;6063.14013671875;6063.14013671875;3812964
2024-12-18 12:04:00-05:00;6063.2001953125;6063.72021484375;6062.5400390625;6063.66015625;6063.66015625;3470908
2024-12-18 12:05:00-05:00;6063.6298828125;6064.080078125;6062.22998046875;6062.43994140625;6062.43994140625;3821866
2024-12-18 12:06:00-05:00;6062.41015625;6062.64990234375;6061.81982421875;6062.64990234375;6062.64990234375;3075768
2024-12-18 12:07:00-05:00;6062.60986328125;6063.43994140625;6062.56982421875;6062.8701171875;6062.8701171875;4186439
2024-12-18 12:08:00-05:00;6062.8701171875;6063.47021484375;6062.6201171875;6063.27978515625;6063.27978515625;3241724
2024-12-18 12:09:00-05:00;6063.2998046875;6063.7998046875;6062.7900390625;6062.7900390625;6062.7900390625;3405054
2024-12-18 12:10:00-05:00;6062.81005859375;6063.31005859375;6062.2900390625;6062.33984375;6062.33984375;3241280
2024-12-18 12:11:00-05:00;6062.35986328125;6063.27001953125;6062.35986328125;6063.10986328125;6063.10986328125;3133041
2024-12-18 12:12:00-05:00;6063.18017578125;6063.35009765625;6061.52978515625;6062.22021484375;6062.22021484375;4019636
2024-12-18 12:13:00-05:00;6062.169921875;6062.25;6061.27001953125;6061.7900390625;6061.7900390625;3705345
2024-12-18 12:14:00-05:00;6061.740234375;6062.27978515625;6061.5400390625;6062.22021484375;6062.22021484375;3638801
2024-12-18 12:15:00-05:00;6062.22998046875;6063.60986328125;6061.97998046875;6063.27001953125;6063.27001953125;3508758
2024-12-18 12:16:00-05:00;6063.35986328125;6063.68994140625;6062.2900390625;6062.5;6062.5;3810050
2024-12-18 12:17:00-05:00;6062.919921875;6065.580078125;6062.919921875;6065.5;6065.5;3515044
2024-12-18 12:18:00-05:00;6065.6298828125;6066.85009765625;6065.27978515625;6066.31982421875;6066.31982421875;3549154
2024-12-18 12:19:00-05:00;6066.4599609375;6068.14013671875;6066.43017578125;6068.14013671875;6068.14013671875;3391066
2024-12-18 12:20:00-05:00;6068.169921875;6068.7998046875;6067.7998046875;6068.25;6068.25;3762670
2024-12-18 12:21:00-05:00;6068.2900390625;6068.64013671875;6067.7998046875;6068.06982421875;6068.06982421875;3019478
2024-12-18 12:22:00-05:00;6068.0498046875;6069.259765625;6068.0;6068.85986328125;6068.85986328125;3184161
2024-12-18 12:23:00-05:00;6068.93017578125;6069.2998046875;6068.83984375;6069.02001953125;6069.02001953125;3042921
2024-12-18 12:24:00-05:00;6068.97998046875;6069.5400390625;6068.6298828125;6068.77978515625;6068.77978515625;3304939
2024-12-18 12:25:00-05:00;6068.68994140625;6068.75;6067.91015625;6067.990234375;6067.990234375;3152712
2024-12-18 12:26:00-05:00;6067.97998046875;6068.0;6065.7900390625;6066.1298828125;6066.1298828125;3493097
2024-12-18 12:27:00-05:00;6066.18017578125;6066.18994140625;6065.31982421875;6065.580078125;6065.580078125;3231787
2024-12-18 12:28:00-05:00;6065.64990234375;6065.91015625;6065.080078125;6065.5400390625;6065.5400390625;2650334
2024-12-18 12:29:00-05:00;6065.5400390625;6065.56982421875;6063.39013671875;6063.509765625;6063.509765625;3420000
2024-12-18 12:30:00-05:00;6063.5;6063.5;6062.419921875;6062.490234375;6062.490234375;3085480
2024-12-18 12:31:00-05:00;6062.47998046875;6062.490234375;6061.490234375;6061.64990234375;6061.64990234375;3004734
2024-12-18 12:32:00-05:00;6061.72998046875;6061.7900390625;6061.240234375;6061.33984375;6061.33984375;2413880
2024-12-18 12:33:00-05:00;6061.39013671875;6061.919921875;6060.1298828125;6061.919921875;6061.919921875;2967394
2024-12-18 12:34:00-05:00;6061.740234375;6063.08984375;6061.68994140625;6063.02978515625;6063.02978515625;2855758
2024-12-18 12:35:00-05:00;6063.02978515625;6064.6298828125;6063.02978515625;6064.52978515625;6064.52978515625;3143692
2024-12-18 12:36:00-05:00;6064.60009765625;6065.56005859375;6064.5400390625;6065.2998046875;6065.2998046875;2696752
2024-12-18 12:37:00-05:00;6065.2099609375;6065.85986328125;6064.580078125;6064.8798828125;6064.8798828125;3235340
2024-12-18 12:38:00-05:00;6064.77978515625;6065.2998046875;6062.93017578125;6062.93017578125;6062.93017578125;2784701
2024-12-18 12:39:00-05:00;6062.9501953125;6062.9501953125;6061.2099609375;6061.56982421875;6061.56982421875;4235652
2024-12-18 12:40:00-05:00;6061.6201171875;6061.830078125;6061.10009765625;6061.419921875;6061.419921875;2767591
2024-12-18 12:41:00-05:00;6061.2998046875;6061.580078125;6060.6298828125;6061.41015625;6061.41015625;2997568
2024-12-18 12:42:00-05:00;6061.35986328125;6061.35986328125;6060.5498046875;6060.8701171875;6060.8701171875;2748720
2024-12-18 12:43:00-05:00;6060.81005859375;6061.2001953125;6059.18017578125;6059.3701171875;6059.3701171875;3546063
2024-12-18 12:44:00-05:00;6059.35009765625;6060.58984375;6059.35009765625;6060.47998046875;6060.47998046875;3806348
2024-12-18 12:45:00-05:00;6060.47998046875;6060.490234375;6060.0400390625;6060.35986328125;6060.35986328125;2829425
2024-12-18 12:46:00-05:00;6060.52978515625;6061.2900390625;6060.18994140625;6061.16015625;6061.16015625;2532874
2024-12-18 12:47:00-05:00;6061.22021484375;6061.22021484375;6060.77978515625;6061.1201171875;6061.1201171875;2533735
2024-12-18 12:48:00-05:00;6061.0498046875;6062.7001953125;6060.97021484375;6062.3798828125;6062.3798828125;2968741
2024-12-18 12:49:00-05:00;6062.3798828125;6062.66015625;6061.8798828125;6062.08984375;6062.08984375;2839702
2024-12-18 12:50:00-05:00;6062.14013671875;6062.7998046875;6061.85009765625;6062.2998046875;6062.2998046875;3017789
2024-12-18 12:51:00-05:00;6062.2998046875;6062.6298828125;6061.10986328125;6061.5;6061.5;2653439
2024-12-18 12:52:00-05:00;6061.419921875;6061.83984375;6060.830078125;6061.2099609375;6061.2099609375;3607580
2024-12-18 12:53:00-05:00;6061.240234375;6061.740234375;6060.60986328125;6060.740234375;6060.740234375;2691969
2024-12-18 12:54:00-05:00;6060.83984375;6062.06982421875;6060.39990234375;6062.06982421875;6062.06982421875;2519984
2024-12-18 12:55:00-05:00;6062.080078125;6062.830078125;6061.75;6062.6201171875;6062.6201171875;3212632
2024-12-18 12:56:00-05:00;6062.56005859375;6062.81005859375;6062.41015625;6062.41015625;6062.41015625;2395356
2024-12-18 12:57:00-05:00;6062.47021484375;6062.58984375;6061.580078125;6061.580078125;6061.580078125;2539022
2024-12-18 12:58:00-05:00;6061.740234375;6062.47998046875;6061.740234375;6062.14013671875;6062.14013671875;2960223
2024-12-18 12:59:00-05:00;6062.1298828125;6062.35009765625;6061.93994140625;6062.2001953125;6062.2001953125;2589627
2024-12-18 13:00:00-05:00;6062.14013671875;6062.31005859375;6061.52978515625;6061.830078125;6061.830078125;2932576
2024-12-18 13:01:00-05:00;6061.7998046875;6061.919921875;6060.89013671875;6060.97021484375;6060.97021484375;2530070
2024-12-18 13:02:00-05:00;6060.97998046875;6061.169921875;6060.240234375;6060.72021484375;6060.72021484375;3277443
2024-12-18 13:03:00-05:00;6060.740234375;6061.58984375;6060.68994140625;6061.06005859375;6061.06005859375;2960918
2024-12-18 13:04:00-05:00;6061.31005859375;6061.41015625;6060.68017578125;6060.7099609375;6060.7099609375;2666200
2024-12-18 13:05:00-05:00;6060.64990234375;6061.009765625;6059.52978515625;6060.27978515625;6060.27978515625;3751632
2024-12-18 13:06:00-05:00;6060.35986328125;6060.77001953125;6060.18017578125;6060.75;6060.75;2896566
2024-12-18 13:07:00-05:00;6060.7099609375;6060.7099609375;6059.93017578125;6060.259765625;6060.259765625;3281734
2024-12-18 13:08:00-05:00;6060.22998046875;6061.5498046875;6060.22998046875;6061.52978515625;6061.52978515625;2478326
2024-12-18 13:09:00-05:00;6061.41015625;6061.56005859375;6061.009765625;6061.5400390625;6061.5400390625;2712213
2024-12-18 13:10:00-05:00;6061.56005859375;6062.1201171875;6061.3798828125;6061.3798828125;6061.3798828125;2752403
2024-12-18 13:11:00-05:00;6061.5400390625;6061.5400390625;6060.56982421875;6060.85986328125;6060.85986328125;2884462
2024-12-18 13:12:00-05:00;6060.89013671875;6060.89013671875;6059.60009765625;6059.60009765625;6059.60009765625;3700593
2024-12-18 13:13:00-05:00;6059.6298828125;6060.18017578125;6059.35009765625;6059.47021484375;6059.47021484375;2480813
2024-12-18 13:14:00-05:00;6059.39013671875;6059.9599609375;6059.18017578125;6059.85986328125;6059.85986328125;2849100
2024-12-18 13:15:00-05:00;6059.81005859375;6059.9501953125;6059.419921875;6059.75;6059.75;2742244
2024-12-18 13:16:00-05:00;6059.81005859375;6060.1201171875;6059.31005859375;6060.009765625;6060.009765625;2875485
2024-12-18 13:17:00-05:00;6060.06005859375;6060.97021484375;6060.02001953125;6060.52001953125;6060.52001953125;2640665
2024-12-18 13:18:00-05:00;6060.58984375;6061.35986328125;6060.35986328125;6061.169921875;6061.169921875;2686567
2024-12-18 13:19:00-05:00;6061.3798828125;6061.3798828125;6060.81982421875;6061.22998046875;6061.22998046875;3506902
2024-12-18 13:20:00-05:00;6061.25;6061.60009765625;6061.0498046875;6061.52001953125;6061.52001953125;3041839
2024-12-18 13:21:00-05:00;6061.7001953125;6062.240234375;6061.64013671875;6061.9599609375;6061.9599609375;2713974
2024-12-18 13:22:00-05:00;6061.91015625;6062.490234375;6061.58984375;6062.490234375;6062.490234375;2799018
2024-12-18 13:23:00-05:00;6062.3798828125;6062.3798828125;6061.4599609375;6061.8798828125;6061.8798828125;2615464
2024-12-18 13:24:00-05:00;6061.83984375;6062.08984375;6061.58984375;6061.64990234375;6061.64990234375;3167072
2024-12-18 13:25:00-05:00;6061.64013671875;6061.68017578125;6059.919921875;6060.52978515625;6060.52978515625;3548350
2024-12-18 13:26:00-05:00;6060.58984375;6061.1201171875;6060.1201171875;6060.22998046875;6060.22998046875;2710087
2024-12-18 13:27:00-05:00;6060.169921875;6060.6298828125;6060.10009765625;6060.3701171875;6060.3701171875;2850605
2024-12-18 13:28:00-05:00;6060.47021484375;6060.7998046875;6059.91015625;6060.08984375;6060.08984375;3626585
2024-12-18 13:29:00-05:00;6060.1201171875;6060.1201171875;6058.41015625;6058.56005859375;6058.56005859375;2770310
2024-12-18 13:30:00-05:00;6058.52001953125;6059.52978515625;6058.14990234375;6059.47021484375;6059.47021484375;3947034
2024-12-18 13:31:00-05:00;6059.52978515625;6060.75;6059.27978515625;6060.64013671875;6060.64013671875;2921224
2024-12-18 13:32:00-05:00;6060.60009765625;6061.509765625;6060.39990234375;6061.35986328125;6061.35986328125;2800594
2024-12-18 13:33:00-05:00;6061.33984375;6062.3798828125;6061.259765625;6062.33984375;6062.33984375;2779690
2024-12-18 13:34:00-05:00;6062.31982421875;6062.75;6062.080078125;6062.7099609375;6062.7099609375;3092504
2024-12-18 13:35:00-05:00;6062.81005859375;6063.1298828125;6062.72021484375;6063.009765625;6063.009765625;2996980
2024-12-18 13:36:00-05:00;6063.02001953125;6063.02001953125;6062.43994140625;6062.6201171875;6062.6201171875;2857637
2024-12-18 13:37:00-05:00;6062.58984375;6062.81005859375;6062.10009765625;6062.18017578125;6062.18017578125;2764838
2024-12-18 13:38:00-05:00;6062.259765625;6062.47998046875;6061.6298828125;6061.740234375;6061.740234375;3174423
2024-12-18 13:39:00-05:00;6061.7900390625;6062.009765625;6060.39013671875;6060.39013671875;6060.39013671875;3015761
2024-12-18 13:40:00-05:00;6060.39013671875;6060.919921875;6060.22998046875;6060.25;6060.25;3149605
2024-12-18 13:41:00-05:00;6060.27978515625;6060.669921875;6060.0498046875;6060.10986328125;6060.10986328125;3396139
2024-12-18 13:42:00-05:00;6059.990234375;6060.0498046875;6059.31982421875;6059.5498046875;6059.5498046875;3501723
2024-12-18 13:43:00-05:00;6059.56005859375;6059.72021484375;6058.8798828125;6059.2099609375;6059.2099609375;3123149
2024-12-18 13:44:00-05:00;6059.2998046875;6059.5498046875;6058.6298828125;6059.5;6059.5;2993327
2024-12-18 13:45:00-05:00;6059.60986328125;6059.60986328125;6058.97021484375;6059.06005859375;6059.06005859375;2561603
2024-12-18 13:46:00-05:00;6059.16015625;6059.83984375;6059.06005859375;6059.2900390625;6059.2900390625;2962095
2024-12-18 13:47:00-05:00;6059.31982421875;6061.2099609375;6059.06005859375;6061.2099609375;6061.2099609375;3061595
2024-12-18 13:48:00-05:00;6061.259765625;6062.56982421875;6061.259765625;6062.419921875;6062.419921875;4085761
2024-12-18 13:49:00-05:00;6062.509765625;6062.56005859375;6061.240234375;6061.3798828125;6061.3798828125;5429974
2024-12-18 13:50:00-05:00;6061.39013671875;6061.740234375;6061.0498046875;6061.2998046875;6061.2998046875;2928116
2024-12-18 13:51:00-05:00;6061.1201171875;6061.85009765625;6060.93994140625;6061.77001953125;6061.77001953125;3023282
2024-12-18 13:52:00-05:00;6061.77978515625;6062.1298828125;6060.81982421875;6060.89013671875;6060.89013671875;3555256
2024-12-18 13:53:00-05:00;6060.85986328125;6062.18994140625;6060.85986328125;6062.1201171875;6062.1201171875;2926326
2024-12-18 13:54:00-05:00;6062.1298828125;6062.60009765625;6062.08984375;6062.4599609375;6062.4599609375;2605053
2024-12-18 13:55:00-05:00;6062.490234375;6063.39990234375;6062.490234375;6063.3701171875;6063.3701171875;3296953
2024-12-18 13:56:00-05:00;6063.240234375;6063.72021484375;6062.89013671875;6062.89013671875;6062.89013671875;3025481
2024-12-18 13:57:00-05:00;6062.75;6063.14013671875;6061.77001953125;6063.14013671875;6063.14013671875;3260482
2024-12-18 13:58:00-05:00;6062.9501953125;6063.06982421875;6061.6201171875;6061.72021484375;6061.72021484375;3209382
2024-12-18 13:59:00-05:00;6061.64013671875;6061.97021484375;6061.2998046875;6061.47021484375;6061.47021484375;3429375
2024-12-18 14:00:00-05:00;6061.5400390625;6061.5498046875;6046.740234375;6046.740234375;6046.740234375;13674127
2024-12-18 14:01:00-05:00;6046.330078125;6046.490234375;6042.669921875;6046.490234375;6046.490234375;7081502
2024-12-18 14:02:00-05:00;6046.580078125;6052.3701171875;6045.83984375;6051.8701171875;6051.8701171875;5445009
2024-12-18 14:03:00-05:00;6051.89013671875;6051.89013671875;6045.7900390625;6046.009765625;6046.009765625;4789448
2024-12-18 14:04:00-05:00;6045.89013671875;6046.52978515625;6044.330078125;6044.330078125;6044.330078125;5630886
2024-12-18 14:05:00-05:00;6044.259765625;6044.259765625;6034.52978515625;6034.52978515625;6034.52978515625;7528728
2024-12-18 14:06:00-05:00;6034.52978515625;6035.60009765625;6028.509765625;6029.2099609375;6029.2099609375;8302011
2024-12-18 14:07:00-05:00;6029.08984375;6029.08984375;6022.31982421875;6025.16015625;6025.16015625;8236284
2024-12-18 14:08:00-05:00;6025.330078125;6029.1298828125;6022.68994140625;6022.91015625;6022.91015625;6720579
2024-12-18 14:09:00-05:00;6022.97998046875;6022.97998046875;6016.93994140625;6017.7001953125;6017.7001953125;7479162
2024-12-18 14:10:00-05:00;6017.9501953125;6019.9599609375;6014.97998046875;6014.97998046875;6014.97998046875;6665350
2024-12-18 14:11:00-05:00;6015.0400390625;6019.419921875;6014.06005859375;6019.0400390625;6019.0400390625;6988745
2024-12-18 14:12:00-05:00;6019.06005859375;6019.25;6014.89990234375;6017.41015625;6017.41015625;5383303
2024-12-18 14:13:00-05:00;6017.7998046875;6018.89013671875;6016.83984375;6018.89013671875;6018.89013671875;5159217
2024-12-18 14:14:00-05:00;6018.93017578125;6019.47021484375;6016.10009765625;6016.10009765625;6016.10009765625;5909413
2024-12-18 14:15:00-05:00;6016.22021484375;6018.47021484375;6012.68017578125;6012.68017578125;6012.68017578125;6713372
2024-12-18 14:16:00-05:00;6012.7001953125;6012.8701171875;6009.97021484375;6010.2998046875;6010.2998046875;5897745
2024-12-18 14:17:00-05:00;6010.2998046875;6012.27001953125;6010.2998046875;6011.77001953125;6011.77001953125;4848294
2024-12-18 14:18:00-05:00;6011.81005859375;6011.81005859375;6007.56005859375;6008.02978515625;6008.02978515625;4958019
2024-12-18 14:19:00-05:00;6008.1201171875;6011.35986328125;6008.0400390625;6010.7900390625;6010.7900390625;5022298
2024-12-18 14:20:00-05:00;6010.85986328125;6015.2900390625;6010.85986328125;6015.2099609375;6015.2099609375;5226993
2024-12-18 14:21:00-05:00;6015.330078125;6018.2998046875;6014.08984375;6018.2900390625;6018.2900390625;5706128
2024-12-18 14:22:00-05:00;6018.5498046875;6021.9599609375;6018.14990234375;6020.8798828125;6020.8798828125;6136037
2024-12-18 14:23:00-05:00;6020.91015625;6021.33984375;6018.1201171875;6018.68994140625;6018.68994140625;5025446
2024-12-18 14:24:00-05:00;6018.66015625;6022.1298828125;6017.5498046875;6022.1298828125;6022.1298828125;4380923
2024-12-18 14:25:00-05:00;6022.0400390625;6023.41015625;6021.240234375;6021.6201171875;6021.6201171875;5031473
2024-12-18 14:26:00-05:00;6021.419921875;6022.97021484375;6020.2001953125;6020.2001953125;6020.2001953125;4808615
2024-12-18 14:27:00-05:00;6019.990234375;6021.39990234375;6018.7998046875;6018.7998046875;6018.7998046875;4375626
2024-12-18 14:28:00-05:00;6018.93994140625;6018.93994140625;6013.240234375;6013.240234375;6013.240234375;6711065
2024-12-18 14:29:00-05:00;6012.919921875;6012.919921875;6007.4501953125;6007.4501953125;6007.4501953125;5792867
2024-12-18 14:30:00-05:00;6007.580078125;6008.0400390625;5999.91015625;6000.3798828125;6000.3798828125;8235698
2024-12-18 14:31:00-05:00;5999.85009765625;6008.5400390625;5999.85009765625;6008.5400390625;6008.5400390625;7996132
2024-12-18 14:32:00-05:00;6008.52001953125;6017.919921875;6008.52001953125;6015.490234375;6015.490234375;7610644
2024-12-18 14:33:00-05:00;6015.3798828125;6017.0400390625;6013.64990234375;6015.41015625;6015.41015625;5575191
2024-12-18 14:34:00-05:00;6015.330078125;6018.31982421875;6013.6298828125;6014.64990234375;6014.64990234375;5793117
2024-12-18 14:35:00-05:00;6014.5;6016.72021484375;6011.47998046875;6014.0498046875;6014.0498046875;5385522
2024-12-18 14:36:00-05:00;6013.990234375;6013.990234375;6008.43994140625;6010.06005859375;6010.06005859375;4634513
2024-12-18 14:37:00-05:00;6009.6298828125;6009.85986328125;6006.509765625;6009.39013671875;6009.39013671875;5354243
2024-12-18 14:38:00-05:00;6008.89990234375;6009.1298828125;6002.3701171875;6002.6201171875;6002.6201171875;6575820
2024-12-18 14:39:00-05:00;6002.31005859375;6008.52978515625;6001.85986328125;6006.9501953125;6006.9501953125;5553469
2024-12-18 14:40:00-05:00;6005.9599609375;6011.4501953125;6005.5498046875;6008.8701171875;6008.8701171875;7208700
2024-12-18 14:41:00-05:00;6008.89013671875;6009.3701171875;6006.10009765625;6008.25;6008.25;3931786
2024-12-18 14:42:00-05:00;6008.1201171875;6008.3798828125;6001.3701171875;6004.43017578125;6004.43017578125;6742583
2024-12-18 14:43:00-05:00;6004.2099609375;6004.5;6000.7099609375;6003.330078125;6003.330078125;6062109
2024-12-18 14:44:00-05:00;6003.33984375;6004.33984375;6001.83984375;6002.10009765625;6002.10009765625;4528502
2024-12-18 14:45:00-05:00;6002.06005859375;6002.259765625;5998.009765625;5998.009765625;5998.009765625;7034492
2024-12-18 14:46:00-05:00;5997.89013671875;5997.89013671875;5989.10009765625;5989.240234375;5989.240234375;11150084
2024-12-18 14:47:00-05:00;5989.2998046875;5991.669921875;5987.47998046875;5987.47998046875;5987.47998046875;6896476
2024-12-18 14:48:00-05:00;5987.39013671875;5988.97998046875;5983.77978515625;5985.7099609375;5985.7099609375;8649110
2024-12-18 14:49:00-05:00;5985.47021484375;5992.91015625;5985.22021484375;5992.91015625;5992.91015625;7943565
2024-12-18 14:50:00-05:00;5992.89990234375;5994.66015625;5987.27978515625;5988.91015625;5988.91015625;7515635
2024-12-18 14:51:00-05:00;5989.16015625;5995.4599609375;5989.16015625;5992.93017578125;5992.93017578125;7011988
2024-12-18 14:52:00-05:00;5992.240234375;5992.2998046875;5988.22998046875;5988.22998046875;5988.22998046875;5322426
2024-12-18 14:53:00-05:00;5988.18994140625;5988.18994140625;5982.990234375;5983.759765625;5983.759765625;5882729
2024-12-18 14:54:00-05:00;5983.52978515625;5984.25;5981.72998046875;5982.0498046875;5982.0498046875;6207697
2024-12-18 14:55:00-05:00;5981.7998046875;5982.7099609375;5979.5498046875;5979.60009765625;5979.60009765625;7439907
2024-12-18 14:56:00-05:00;5979.66015625;5979.66015625;5973.02001953125;5973.10986328125;5973.10986328125;8873671
2024-12-18 14:57:00-05:00;5972.41015625;5974.10986328125;5970.39990234375;5971.4599609375;5971.4599609375;9246385
2024-12-18 14:58:00-05:00;5971.1201171875;5974.58984375;5970.41015625;5971.8798828125;5971.8798828125;7233238
2024-12-18 14:59:00-05:00;5972.0;5972.0;5967.18994140625;5969.58984375;5969.58984375;7678096
2024-12-18 15:00:00-05:00;5969.68017578125;5974.5400390625;5967.31982421875;5972.2099609375;5972.2099609375;9050905
2024-12-18 15:01:00-05:00;5972.3798828125;5973.669921875;5969.31005859375;5969.31005859375;5969.31005859375;7453315
2024-12-18 15:02:00-05:00;5969.259765625;5970.4501953125;5966.66015625;5968.93017578125;5968.93017578125;7932950
2024-12-18 15:03:00-05:00;5970.10986328125;5970.43017578125;5961.490234375;5962.31982421875;5962.31982421875;9560115
2024-12-18 15:04:00-05:00;5962.169921875;5964.06982421875;5956.2099609375;5956.27001953125;5956.27001953125;9352758
2024-12-18 15:05:00-05:00;5956.60986328125;5961.7099609375;5955.2099609375;5959.2001953125;5959.2001953125;10598613
2024-12-18 15:06:00-05:00;5959.89990234375;5970.14990234375;5959.89990234375;5969.8701171875;5969.8701171875;9915558
2024-12-18 15:07:00-05:00;5969.93994140625;5971.240234375;5967.85986328125;5968.2001953125;5968.2001953125;7420232
2024-12-18 15:08:00-05:00;5967.8701171875;5968.56982421875;5962.72998046875;5963.85009765625;5963.85009765625;6330438
2024-12-18 15:09:00-05:00;5964.14990234375;5968.08984375;5962.93017578125;5964.08984375;5964.08984375;8494856
2024-12-18 15:10:00-05:00;5964.0400390625;5965.27978515625;5959.39990234375;5959.72998046875;5959.72998046875;8727089
2024-12-18 15:11:00-05:00;5959.3798828125;5961.66015625;5956.68994140625;5957.7099609375;5957.7099609375;8787819
2024-12-18 15:12:00-05:00;5957.509765625;5958.77001953125;5952.7998046875;5955.3701171875;5955.3701171875;9555120
2024-12-18 15:13:00-05:00;5955.58984375;5958.419921875;5952.72998046875;5954.18994140625;5954.18994140625;7786792
2024-12-18 15:14:00-05:00;5954.31005859375;5958.22021484375;5954.31005859375;5957.22021484375;5957.22021484375;7095216
2024-12-18 15:15:00-05:00;5957.31005859375;5958.52001953125;5951.93017578125;5952.47998046875;5952.47998046875;7122305
2024-12-18 15:16:00-05:00;5952.3798828125;5955.22998046875;5951.58984375;5951.8798828125;5951.8798828125;7956982
2024-12-18 15:17:00-05:00;5951.89990234375;5952.419921875;5946.60986328125;5946.60986328125;5946.60986328125;8609752
2024-12-18 15:18:00-05:00;5946.39013671875;5951.68994140625;5946.39013671875;5948.06982421875;5948.06982421875;8718779
2024-12-18 15:19:00-05:00;5948.39990234375;5950.0;5946.35009765625;5948.31005859375;5948.31005859375;7112497
2024-12-18 15:20:00-05:00;5948.41015625;5958.06005859375;5948.41015625;5956.759765625;5956.759765625;15381548
2024-12-18 15:21:00-05:00;5957.10009765625;5964.02001953125;5956.25;5962.39990234375;5962.39990234375;8351888
2024-12-18 15:22:00-05:00;5961.97021484375;5961.97021484375;5957.77978515625;5959.35986328125;5959.35986328125;7901403
2024-12-18 15:23:00-05:00;5959.7099609375;5962.3701171875;5956.8798828125;5956.8798828125;5956.8798828125;8047118
2024-12-18 15:24:00-05:00;5956.47998046875;5956.47998046875;5953.72021484375;5955.2099609375;5955.2099609375;6809167
2024-12-18 15:25:00-05:00;5954.97021484375;5955.6298828125;5947.0498046875;5947.2001953125;5947.2001953125;9441123
2024-12-18 15:26:00-05:00;5947.52001953125;5949.39013671875;5943.77001953125;5943.77001953125;5943.77001953125;10120390
2024-12-18 15:27:00-05:00;5943.77001953125;5944.7001953125;5938.7099609375;5942.419921875;5942.419921875;11524635
2024-12-18 15:28:00-05:00;5941.5498046875;5942.41015625;5937.02001953125;5937.27001953125;5937.27001953125;10397704
2024-12-18 15:29:00-05:00;5937.43017578125;5939.56982421875;5935.509765625;5937.08984375;5937.08984375;10109961
2024-12-18 15:30:00-05:00;5937.08984375;5944.35009765625;5937.08984375;5939.93017578125;5939.93017578125;11361498
2024-12-18 15:31:00-05:00;5939.9599609375;5940.93994140625;5935.759765625;5935.759765625;5935.759765625;9810797
2024-12-18 15:32:00-05:00;5935.2998046875;5937.72998046875;5934.31982421875;5935.31005859375;5935.31005859375;10349610
2024-12-18 15:33:00-05:00;5935.580078125;5937.1298828125;5929.81005859375;5929.81005859375;5929.81005859375;9886328
2024-12-18 15:34:00-05:00;5929.759765625;5932.27001953125;5928.41015625;5931.7099609375;5931.7099609375;10168527
2024-12-18 15:35:00-05:00;5931.56982421875;5932.06005859375;5921.4599609375;5921.72021484375;5921.72021484375;13467189
2024-12-18 15:36:00-05:00;5921.669921875;5924.9599609375;5917.7001953125;5917.9501953125;5917.9501953125;14004744
2024-12-18 15:37:00-05:00;5917.5;5917.77978515625;5908.85009765625;5909.16015625;5909.16015625;15673758
2024-12-18 15:38:00-05:00;5909.52978515625;5911.43994140625;5904.56982421875;5905.18994140625;5905.18994140625;12487648
2024-12-18 15:39:00-05:00;5904.81982421875;5907.52001953125;5899.7001953125;5900.35986328125;5900.35986328125;14640287
2024-12-18 15:40:00-05:00;5900.33984375;5900.33984375;5883.509765625;5892.56005859375;5892.56005859375;16855904
2024-12-18 15:41:00-05:00;5892.7001953125;5894.1201171875;5883.7099609375;5887.759765625;5887.759765625;16582425
2024-12-18 15:42:00-05:00;5889.60986328125;5896.5400390625;5888.56982421875;5890.47998046875;5890.47998046875;16325109
2024-12-18 15:43:00-05:00;5890.97998046875;5891.64990234375;5885.56982421875;5887.7099609375;5887.7099609375;14258395
2024-12-18 15:44:00-05:00;5887.06005859375;5887.39990234375;5873.52978515625;5875.39990234375;5875.39990234375;16971987
2024-12-18 15:45:00-05:00;5875.080078125;5882.3798828125;5869.41015625;5882.3798828125;5882.3798828125;18105941
2024-12-18 15:46:00-05:00;5882.72998046875;5890.3701171875;5882.72998046875;5887.8798828125;5887.8798828125;18373323
2024-12-18 15:47:00-05:00;5887.64990234375;5889.7998046875;5880.66015625;5889.7998046875;5889.7998046875;15083869
2024-12-18 15:48:00-05:00;5889.77978515625;5905.0498046875;5889.77978515625;5905.0498046875;5905.0498046875;18058090
2024-12-18 15:49:00-05:00;5904.4599609375;5904.4599609375;5897.740234375;5900.89990234375;5900.89990234375;14819621
2024-12-18 15:50:00-05:00;5903.3701171875;5907.56982421875;5898.5;5904.72021484375;5904.72021484375;19644595
2024-12-18 15:51:00-05:00;5904.47998046875;5909.02978515625;5903.14013671875;5903.97021484375;5903.97021484375;21092281
2024-12-18 15:52:00-05:00;5903.919921875;5909.89013671875;5900.9501953125;5908.56982421875;5908.56982421875;20185995
2024-12-18 15:53:00-05:00;5908.7900390625;5908.7900390625;5901.83984375;5905.2998046875;5905.2998046875;21679112
2024-12-18 15:54:00-05:00;5905.0;5911.7900390625;5905.0;5910.02001953125;5910.02001953125;22179216
2024-12-18 15:55:00-05:00;5909.83984375;5909.83984375;5892.14990234375;5892.169921875;5892.169921875;24296075
2024-12-18 15:56:00-05:00;5892.31005859375;5893.83984375;5888.419921875;5889.0400390625;5889.0400390625;24668520
2024-12-18 15:57:00-05:00;5889.259765625;5890.10986328125;5886.31982421875;5887.14990234375;5887.14990234375;22340170
2024-12-18 15:58:00-05:00;5887.02978515625;5888.25;5883.4599609375;5885.8701171875;5885.8701171875;21900206
2024-12-18 15:59:00-05:00;5885.419921875;5885.419921875;5867.7900390625;5869.22021484375;5869.22021484375;23514980
