Datetime;Open;High;Low;Close;Adj Close;Volume
2024-12-20 09:30:00-05:00;5842.0;5842.0;5832.2998046875;5836.759765625;5836.759765625;0
2024-12-20 09:31:00-05:00;5837.14013671875;5845.509765625;5837.14013671875;5845.509765625;5845.509765625;13862326
2024-12-20 09:32:00-05:00;5845.830078125;5845.830078125;5838.60986328125;5842.10986328125;5842.10986328125;17498897
2024-12-20 09:33:00-05:00;5842.72021484375;5845.77001953125;5841.2900390625;5845.60986328125;5845.60986328125;16503027
2024-12-20 09:34:00-05:00;5845.02001953125;5848.990234375;5843.47021484375;5846.8798828125;5846.8798828125;21911784
2024-12-20 09:35:00-05:00;5847.0400390625;5847.8701171875;5844.22021484375;5845.3798828125;5845.3798828125;10999318
2024-12-20 09:36:00-05:00;5845.2998046875;5847.68994140625;5841.8798828125;5842.22021484375;5842.22021484375;9297090
2024-12-20 09:37:00-05:00;5842.18994140625;5850.509765625;5841.8701171875;5850.31982421875;5850.31982421875;9432042
2024-12-20 09:38:00-05:00;5850.25;5854.10986328125;5849.7998046875;5853.919921875;5853.919921875;8836102
2024-12-20 09:39:00-05:00;5853.7998046875;5865.22998046875;5853.7998046875;5865.0498046875;5865.0498046875;8868902
2024-12-20 09:40:00-05:00;5865.080078125;5865.080078125;5858.68994140625;5860.06005859375;5860.06005859375;9886109
2024-12-20 09:41:00-05:00;5860.759765625;5861.240234375;5858.5498046875;5859.759765625;5859.759765625;8885012
2024-12-20 09:42:00-05:00;5859.830078125;5859.83984375;5853.27978515625;5854.8701171875;5854.8701171875;8263865
2024-12-20 09:43:00-05:00;5855.2099609375;5855.39990234375;5851.52001953125;5852.330078125;5852.330078125;7747424
2024-12-20 09:44:00-05:00;5852.43994140625;5854.89013671875;5851.6298828125;5853.18994140625;5853.18994140625;6504678
2024-12-20 09:45:00-05:00;5853.47021484375;5857.8701171875;5852.83984375;5854.7099609375;5854.7099609375;7645519
2024-12-20 09:46:00-05:00;5855.0;5855.66015625;5850.9501953125;5851.93994140625;5851.93994140625;8296177
2024-12-20 09:47:00-05:00;5852.18994140625;5852.18994140625;5846.9501953125;5849.0;5849.0;7600128
2024-12-20 09:48:00-05:00;5848.7099609375;5848.7099609375;5839.4599609375;5840.35986328125;5840.35986328125;8425783
2024-12-20 09:49:00-05:00;5840.2001953125;5844.31982421875;5840.2001953125;5841.990234375;5841.990234375;7478899
2024-12-20 09:50:00-05:00;5842.080078125;5842.56982421875;5835.81005859375;5837.10009765625;5837.10009765625;7702435
2024-12-20 09:51:00-05:00;5836.89013671875;5844.9501953125;5836.64990234375;5844.68994140625;5844.68994140625;7793239
2024-12-20 09:52:00-05:00;5844.31982421875;5848.56005859375;5843.740234375;5846.7099609375;5846.7099609375;6575455
2024-12-20 09:53:00-05:00;5846.97021484375;5851.7001953125;5845.97998046875;5851.7001953125;5851.7001953125;6597361
2024-12-20 09:54:00-05:00;5851.33984375;5851.5;5848.4599609375;5849.419921875;5849.419921875;5563909
2024-12-20 09:55:00-05:00;5849.6201171875;5852.93994140625;5849.22021484375;5850.81005859375;5850.81005859375;6882692
2024-12-20 09:56:00-05:00;5850.91015625;5851.7900390625;5849.68017578125;5851.52978515625;5851.52978515625;5690611
2024-12-20 09:57:00-05:00;5851.81982421875;5852.64990234375;5848.58984375;5849.169921875;5849.169921875;5414417
2024-12-20 09:58:00-05:00;5849.1201171875;5849.47021484375;5847.2001953125;5848.16015625;5848.16015625;4856434
2024-12-20 09:59:00-05:00;5848.2099609375;5848.47021484375;5844.47021484375;5846.0;5846.0;5759303
2024-12-20 10:00:00-05:00;5845.990234375;5853.85009765625;5845.990234375;5848.419921875;5848.419921875;8825104
2024-12-20 10:01:00-05:00;5848.60986328125;5855.75;5848.60986328125;5855.10009765625;5855.10009765625;6775596
2024-12-20 10:02:00-05:00;5855.22021484375;5856.0400390625;5851.72998046875;5853.3798828125;5853.3798828125;9342944
2024-12-20 10:03:00-05:00;5853.68017578125;5853.72998046875;5850.25;5851.2001953125;5851.2001953125;6757767
2024-12-20 10:04:00-05:00;5851.10009765625;5856.52978515625;5851.10009765625;5856.52978515625;5856.52978515625;5607900
2024-12-20 10:05:00-05:00;5856.52978515625;5862.740234375;5855.97021484375;5861.8798828125;5861.8798828125;7788276
2024-12-20 10:06:00-05:00;5862.0498046875;5865.0498046875;5861.60009765625;5865.0498046875;5865.0498046875;7208175
2024-12-20 10:07:00-05:00;5865.169921875;5865.2998046875;5857.7998046875;5857.8701171875;5857.8701171875;6514697
2024-12-20 10:08:00-05:00;5857.97021484375;5859.35986328125;5855.669921875;5856.75;5856.75;5846179
2024-12-20 10:09:00-05:00;5857.0;5858.0;5854.43017578125;5854.43017578125;5854.43017578125;5482712
2024-12-20 10:10:00-05:00;5853.919921875;5853.919921875;5849.33984375;5852.1298828125;5852.1298828125;6787207
2024-12-20 10:11:00-05:00;5852.169921875;5857.8701171875;5851.58984375;5857.64990234375;5857.64990234375;5267384
2024-12-20 10:12:00-05:00;5857.509765625;5864.52001953125;5857.22998046875;5864.52001953125;5864.52001953125;5899137
2024-12-20 10:13:00-05:00;5864.52001953125;5869.64013671875;5864.009765625;5869.16015625;5869.16015625;6976408
2024-12-20 10:14:00-05:00;5868.919921875;5869.5498046875;5868.39990234375;5869.39013671875;5869.39013671875;5609306
2024-12-20 10:15:00-05:00;5869.47998046875;5869.47998046875;5868.16015625;5868.83984375;5868.83984375;0
2024-12-20 10:16:00-05:00;5870.1298828125;5870.8798828125;5869.27001953125;5869.27001953125;5869.27001953125;845985968
2024-12-20 10:17:00-05:00;5869.259765625;5871.9599609375;5867.66015625;5871.9599609375;5871.9599609375;5652701
2024-12-20 10:18:00-05:00;5871.919921875;5873.02978515625;5869.72021484375;5870.16015625;5870.16015625;5399979
2024-12-20 10:19:00-05:00;5869.93994140625;5872.5498046875;5869.83984375;5871.91015625;5871.91015625;5307892
2024-12-20 10:20:00-05:00;5871.6298828125;5873.080078125;5870.47021484375;5872.1201171875;5872.1201171875;4964631
2024-12-20 10:21:00-05:00;5872.2001953125;5873.25;5869.830078125;5871.9501953125;5871.9501953125;4673278
2024-12-20 10:22:00-05:00;5871.75;5872.56982421875;5871.259765625;5872.14990234375;5872.14990234375;4742573
2024-12-20 10:23:00-05:00;5872.10009765625;5877.06005859375;5872.10009765625;5877.06005859375;5877.06005859375;5645319
2024-12-20 10:24:00-05:00;5877.1201171875;5879.080078125;5876.33984375;5878.6201171875;5878.6201171875;5184619
2024-12-20 10:25:00-05:00;5878.740234375;5880.47998046875;5876.740234375;5880.35009765625;5880.35009765625;5595882
2024-12-20 10:26:00-05:00;5880.60009765625;5885.47998046875;5880.60009765625;5885.39990234375;5885.39990234375;6954465
2024-12-20 10:27:00-05:00;5885.39990234375;5889.759765625;5885.35986328125;5889.1298828125;5889.1298828125;6317171
2024-12-20 10:28:00-05:00;5889.2099609375;5893.27001953125;5888.97998046875;5892.740234375;5892.740234375;6628870
2024-12-20 10:29:00-05:00;5892.68994140625;5895.669921875;5889.14013671875;5895.5;5895.5;6861100
2024-12-20 10:30:00-05:00;5895.64013671875;5904.080078125;5895.16015625;5902.9599609375;5902.9599609375;8493849
2024-12-20 10:31:00-05:00;5903.14990234375;5905.580078125;5901.85986328125;5905.5;5905.5;6905599
2024-12-20 10:32:00-05:00;5905.2900390625;5913.6201171875;5904.85009765625;5913.47021484375;5913.47021484375;7677854
2024-12-20 10:33:00-05:00;5913.7099609375;5913.7099609375;5907.7998046875;5910.10986328125;5910.10986328125;7198835
2024-12-20 10:34:00-05:00;5910.06005859375;5910.06005859375;5906.41015625;5906.97998046875;5906.97998046875;6745497
2024-12-20 10:35:00-05:00;5906.919921875;5907.33984375;5901.52978515625;5901.919921875;5901.919921875;7248409
2024-12-20 10:36:00-05:00;5902.47998046875;5910.16015625;5902.02978515625;5909.85986328125;5909.85986328125;6618703
2024-12-20 10:37:00-05:00;5909.990234375;5909.990234375;5905.72998046875;5905.7900390625;5905.7900390625;7463118
2024-12-20 10:38:00-05:00;5905.72998046875;5910.0;5903.85009765625;5909.06005859375;5909.06005859375;8996481
2024-12-20 10:39:00-05:00;5908.919921875;5909.77978515625;5906.27978515625;5907.7099609375;5907.7099609375;7301014
2024-12-20 10:40:00-05:00;5908.06982421875;5908.6201171875;5906.93017578125;5908.39990234375;5908.39990234375;7433563
2024-12-20 10:41:00-05:00;5908.4501953125;5908.8701171875;5904.14013671875;5906.4599609375;5906.4599609375;6981090
2024-12-20 10:42:00-05:00;5906.66015625;5907.10986328125;5904.5498046875;5905.7900390625;5905.7900390625;7113930
2024-12-20 10:43:00-05:00;5905.93017578125;5910.509765625;5905.56005859375;5910.509765625;5910.509765625;7742981
2024-12-20 10:44:00-05:00;5910.5400390625;5912.1298828125;5909.759765625;5911.22998046875;5911.22998046875;6116045
2024-12-20 10:45:00-05:00;5911.10009765625;5912.1298828125;5909.64990234375;5910.93994140625;5910.93994140625;5480093
2024-12-20 10:46:00-05:00;5910.9599609375;5911.8798828125;5909.81982421875;5910.47021484375;5910.47021484375;5370750
2024-12-20 10:47:00-05:00;5910.580078125;5911.72998046875;5906.18994140625;5906.27001953125;5906.27001953125;5637968
2024-12-20 10:48:00-05:00;5906.169921875;5908.7099609375;5905.52001953125;5908.25;5908.25;5116227
2024-12-20 10:49:00-05:00;5908.35009765625;5908.9501953125;5905.7998046875;5907.35986328125;5907.35986328125;5883407
2024-12-20 10:50:00-05:00;5907.33984375;5910.27001953125;5907.33984375;5910.27001953125;5910.27001953125;4586873
2024-12-20 10:51:00-05:00;5910.2001953125;5911.52001953125;5909.31982421875;5911.4599609375;5911.4599609375;4392636
2024-12-20 10:52:00-05:00;5911.43994140625;5915.02001953125;5911.31005859375;5914.9599609375;5914.9599609375;2563977
2024-12-20 10:54:00-05:00;5914.89990234375;5915.02978515625;5914.75;5914.97998046875;5914.97998046875;10899094
2024-12-20 10:55:00-05:00;5914.89990234375;5917.85986328125;5914.72998046875;5916.3701171875;5916.3701171875;4746287
2024-12-20 10:56:00-05:00;5915.31982421875;5915.31982421875;5913.85009765625;5914.39990234375;5914.39990234375;2136165
2024-12-20 10:58:00-05:00;5911.0;5911.0;5911.0;5911.0;5911.0;11202009
2024-12-20 10:59:00-05:00;5911.25;5911.68017578125;5908.83984375;5909.10986328125;5909.10986328125;4865090
2024-12-20 11:00:00-05:00;5909.06982421875;5910.89013671875;5907.3798828125;5910.8701171875;5910.8701171875;12041717
2024-12-20 11:01:00-05:00;5910.7900390625;5913.6298828125;5910.14013671875;5913.6298828125;5913.6298828125;5098470
2024-12-20 11:02:00-05:00;5914.1201171875;5920.31982421875;5913.81982421875;5920.14990234375;5920.14990234375;9810834
2024-12-20 11:03:00-05:00;5920.35009765625;5923.68994140625;5919.97998046875;5923.68994140625;5923.68994140625;5180474
2024-12-20 11:04:00-05:00;5923.8798828125;5928.0400390625;5923.68994140625;5928.0400390625;5928.0400390625;5134452
2024-12-20 11:05:00-05:00;5928.0498046875;5932.0;5927.97021484375;5931.9501953125;5931.9501953125;6064683
2024-12-20 11:06:00-05:00;5931.919921875;5932.0400390625;5930.60009765625;5931.2001953125;5931.2001953125;5060583
2024-12-20 11:07:00-05:00;5931.64013671875;5931.68994140625;5927.22021484375;5931.56005859375;5931.56005859375;5165553
2024-12-20 11:08:00-05:00;5931.669921875;5932.56982421875;5930.419921875;5931.93017578125;5931.93017578125;4559199
2024-12-20 11:09:00-05:00;5931.9599609375;5932.68017578125;5928.759765625;5929.759765625;5929.759765625;4368639
2024-12-20 11:10:00-05:00;5929.85009765625;5931.64013671875;5929.56982421875;5931.0;5931.0;4903192
2024-12-20 11:11:00-05:00;5931.2099609375;5934.85009765625;5930.93994140625;5933.64990234375;5933.64990234375;4750282
2024-12-20 11:12:00-05:00;5933.75;5935.6201171875;5932.18017578125;5935.6201171875;5935.6201171875;5624476
2024-12-20 11:13:00-05:00;5935.7900390625;5936.06005859375;5934.83984375;5935.31982421875;5935.31982421875;7674678
2024-12-20 11:14:00-05:00;5935.419921875;5935.7900390625;5934.580078125;5935.35009765625;5935.35009765625;5520528
2024-12-20 11:15:00-05:00;5935.6298828125;5935.8798828125;5933.83984375;5934.93017578125;5934.93017578125;4974340
2024-12-20 11:16:00-05:00;5934.64990234375;5938.33984375;5934.64990234375;5938.33984375;5938.33984375;6631720
2024-12-20 11:17:00-05:00;5938.5400390625;5942.97021484375;5937.9501953125;5942.72021484375;5942.72021484375;5968455
2024-12-20 11:18:00-05:00;5942.85009765625;5944.89990234375;5942.7001953125;5944.81005859375;5944.81005859375;6187185
2024-12-20 11:19:00-05:00;5944.64013671875;5944.64013671875;5940.10009765625;5941.5498046875;5941.5498046875;6186429
2024-12-20 11:20:00-05:00;5941.52001953125;5941.75;5939.8798828125;5940.81005859375;5940.81005859375;5554593
2024-12-20 11:21:00-05:00;5940.93994140625;5944.75;5940.009765625;5944.4599609375;5944.4599609375;5265816
2024-12-20 11:22:00-05:00;5944.5498046875;5946.5400390625;5944.52978515625;5946.43994140625;5946.43994140625;5691642
2024-12-20 11:23:00-05:00;5946.2998046875;5946.2998046875;5944.66015625;5945.93017578125;5945.93017578125;5141526
2024-12-20 11:24:00-05:00;5945.97021484375;5947.75;5945.60009765625;5947.27978515625;5947.27978515625;5362383
2024-12-20 11:25:00-05:00;5947.2998046875;5947.7001953125;5945.43994140625;5947.68017578125;5947.68017578125;6460012
2024-12-20 11:26:00-05:00;5947.6201171875;5947.6201171875;5944.0;5944.77001953125;5944.77001953125;4708731
2024-12-20 11:27:00-05:00;5945.169921875;5946.3701171875;5944.7900390625;5945.490234375;5945.490234375;4502504
2024-12-20 11:28:00-05:00;5945.43017578125;5946.33984375;5944.35009765625;5945.39013671875;5945.39013671875;4801299
2024-12-20 11:29:00-05:00;5945.47998046875;5948.22021484375;5944.22998046875;5948.08984375;5948.08984375;4860130
2024-12-20 11:30:00-05:00;5948.259765625;5949.9501953125;5948.02978515625;5949.93017578125;5949.93017578125;6247424
2024-12-20 11:31:00-05:00;5949.85009765625;5952.9599609375;5949.85009765625;5951.4501953125;5951.4501953125;6370263
2024-12-20 11:32:00-05:00;5951.14990234375;5953.330078125;5949.66015625;5952.56005859375;5952.56005859375;5424761
2024-12-20 11:33:00-05:00;5952.60009765625;5952.81005859375;5950.3798828125;5952.509765625;5952.509765625;4862199
2024-12-20 11:34:00-05:00;5952.4599609375;5952.56982421875;5951.08984375;5952.16015625;5952.16015625;4829491
2024-12-20 11:35:00-05:00;5952.0498046875;5956.68017578125;5951.740234375;5956.490234375;5956.490234375;5731342
2024-12-20 11:36:00-05:00;5956.58984375;5960.77001953125;5956.58984375;5960.77001953125;5960.77001953125;5755886
2024-12-20 11:37:00-05:00;5960.83984375;5961.89013671875;5960.35986328125;5961.89013671875;5961.89013671875;5420319
2024-12-20 11:38:00-05:00;5961.9599609375;5963.52001953125;5961.3798828125;5963.509765625;5963.509765625;5765952
2024-12-20 11:39:00-05:00;5963.39013671875;5967.7099609375;5963.18994140625;5967.68017578125;5967.68017578125;5857051
2024-12-20 11:40:00-05:00;5967.68994140625;5967.68994140625;5964.02978515625;5965.75;5965.75;5291810
2024-12-20 11:41:00-05:00;5965.81005859375;5968.759765625;5965.22998046875;5968.75;5968.75;6414238
2024-12-20 11:42:00-05:00;5968.7099609375;5972.64013671875;5968.14013671875;5971.7900390625;5971.7900390625;6941725
2024-12-20 11:43:00-05:00;5971.669921875;5973.2900390625;5970.39990234375;5973.2900390625;5973.2900390625;5268855
2024-12-20 11:44:00-05:00;5973.22021484375;5973.56982421875;5972.1201171875;5973.22021484375;5973.22021484375;5429736
2024-12-20 11:45:00-05:00;5973.2099609375;5973.2099609375;5967.0400390625;5967.0400390625;5967.0400390625;6061734
2024-12-20 11:46:00-05:00;5966.97998046875;5969.14990234375;5966.58984375;5966.919921875;5966.919921875;6133579
2024-12-20 11:47:00-05:00;5967.2001953125;5968.06005859375;5966.6298828125;5966.6298828125;5966.6298828125;4210967
2024-12-20 11:48:00-05:00;5966.669921875;5968.35986328125;5966.27001953125;5967.5498046875;5967.5498046875;5978861
2024-12-20 11:49:00-05:00;5967.419921875;5967.8798828125;5966.10009765625;5966.7998046875;5966.7998046875;4745066
2024-12-20 11:50:00-05:00;5966.990234375;5967.66015625;5966.5498046875;5966.83984375;5966.83984375;4477739
2024-12-20 11:51:00-05:00;5966.7998046875;5968.009765625;5966.2099609375;5966.5400390625;5966.5400390625;5293915
2024-12-20 11:52:00-05:00;5966.490234375;5966.490234375;5958.35986328125;5958.35986328125;5958.35986328125;7570296
2024-12-20 11:53:00-05:00;5958.27001953125;5962.60009765625;5957.43994140625;5962.02978515625;5962.02978515625;5737043
2024-12-20 11:54:00-05:00;5961.9501953125;5961.9501953125;5959.5400390625;5960.1298828125;5960.1298828125;4935123
2024-12-20 11:55:00-05:00;5960.240234375;5963.4599609375;5960.240234375;5963.4599609375;5963.4599609375;4488996
2024-12-20 11:56:00-05:00;5963.47021484375;5967.580078125;5963.47021484375;5966.919921875;5966.919921875;5256829
2024-12-20 11:57:00-05:00;5967.0400390625;5970.27978515625;5966.52001953125;5970.1298828125;5970.1298828125;5360806
2024-12-20 11:58:00-05:00;5970.0400390625;5971.77001953125;5969.66015625;5971.27001953125;5971.27001953125;4909945
2024-12-20 11:59:00-05:00;5971.08984375;5971.08984375;5969.6298828125;5969.77001953125;5969.77001953125;5340787
2024-12-20 12:00:00-05:00;5969.52978515625;5969.7099609375;5964.27001953125;5966.009765625;5966.009765625;5458775
2024-12-20 12:01:00-05:00;5965.990234375;5968.81982421875;5965.85009765625;5968.64013671875;5968.64013671875;4245909
2024-12-20 12:02:00-05:00;5968.66015625;5970.06982421875;5967.5498046875;5968.330078125;5968.330078125;3924629
2024-12-20 12:03:00-05:00;5968.31982421875;5969.91015625;5967.8701171875;5969.740234375;5969.740234375;4053185
2024-12-20 12:04:00-05:00;5969.68994140625;5969.93994140625;5967.93017578125;5968.22021484375;5968.22021484375;3876506
2024-12-20 12:05:00-05:00;5968.27978515625;5969.31005859375;5967.60986328125;5968.39013671875;5968.39013671875;4575055
2024-12-20 12:06:00-05:00;5968.14990234375;5969.56982421875;5967.72021484375;5968.0498046875;5968.0498046875;4416379
2024-12-20 12:07:00-05:00;5968.0498046875;5969.47021484375;5967.77001953125;5968.990234375;5968.990234375;3713364
2024-12-20 12:08:00-05:00;5968.97021484375;5971.08984375;5968.740234375;5969.080078125;5969.080078125;4569119
2024-12-20 12:09:00-05:00;5969.2900390625;5972.39990234375;5968.97998046875;5972.39990234375;5972.39990234375;3992133
2024-12-20 12:10:00-05:00;5972.2099609375;5974.2099609375;5972.2099609375;5972.7900390625;5972.7900390625;4984574
2024-12-20 12:11:00-05:00;5972.7099609375;5973.009765625;5971.2998046875;5972.60009765625;5972.60009765625;3957481
2024-12-20 12:12:00-05:00;5972.64013671875;5974.6298828125;5972.56005859375;5972.56005859375;5972.56005859375;4636223
2024-12-20 12:13:00-05:00;5972.47998046875;5972.52978515625;5971.60986328125;5972.10009765625;5972.10009765625;4049500
2024-12-20 12:14:00-05:00;5972.14990234375;5973.25;5970.97021484375;5973.25;5973.25;4234410
2024-12-20 12:15:00-05:00;5973.33984375;5973.33984375;5971.7900390625;5973.31005859375;5973.31005859375;3625407
2024-12-20 12:16:00-05:00;5973.1298828125;5973.14013671875;5971.68017578125;5972.580078125;5972.580078125;3711941
2024-12-20 12:17:00-05:00;5973.06005859375;5974.64990234375;5972.919921875;5973.4599609375;5973.4599609375;3984530
2024-12-20 12:18:00-05:00;5973.5498046875;5976.18994140625;5973.5498046875;5974.77978515625;5974.77978515625;4277326
2024-12-20 12:19:00-05:00;5975.06982421875;5975.14013671875;5973.2099609375;5973.72021484375;5973.72021484375;4586271
2024-12-20 12:20:00-05:00;5973.830078125;5974.72998046875;5973.2001953125;5974.169921875;5974.169921875;4619123
2024-12-20 12:21:00-05:00;5974.31982421875;5974.66015625;5972.7001953125;5973.3798828125;5973.3798828125;4109680
2024-12-20 12:22:00-05:00;5973.31005859375;5973.43994140625;5971.169921875;5971.830078125;5971.830078125;4042795
2024-12-20 12:23:00-05:00;5971.9501953125;5974.3701171875;5971.9501953125;5974.31982421875;5974.31982421875;4330046
2024-12-20 12:24:00-05:00;5974.43017578125;5975.72021484375;5974.43017578125;5975.330078125;5975.330078125;3887908
2024-12-20 12:25:00-05:00;5975.3701171875;5975.3701171875;5974.25;5974.419921875;5974.419921875;3974619
2024-12-20 12:26:00-05:00;5974.509765625;5976.81982421875;5974.3798828125;5976.31005859375;5976.31005859375;5192229
2024-12-20 12:27:00-05:00;5976.5;5976.89990234375;5974.9501953125;5976.72998046875;5976.72998046875;3619436
2024-12-20 12:28:00-05:00;5976.830078125;5982.06005859375;5976.830078125;5981.7099609375;5981.7099609375;6403513
2024-12-20 12:29:00-05:00;5981.60986328125;5981.97998046875;5979.56982421875;5981.33984375;5981.33984375;4569295
2024-12-20 12:30:00-05:00;5981.39990234375;5981.39990234375;5979.25;5979.25;5979.25;4378608
2024-12-20 12:31:00-05:00;5979.27978515625;5979.27978515625;5973.85986328125;5973.85986328125;5973.85986328125;4616817
2024-12-20 12:32:00-05:00;5973.9501953125;5974.080078125;5970.89013671875;5972.02001953125;5972.02001953125;4207444
2024-12-20 12:33:00-05:00;5972.0498046875;5972.0498046875;5967.31005859375;5967.31005859375;5967.31005859375;4103403
2024-12-20 12:34:00-05:00;5967.25;5969.0;5964.990234375;5968.85986328125;5968.85986328125;5391731
2024-12-20 12:35:00-05:00;5968.919921875;5969.580078125;5967.759765625;5969.35986328125;5969.35986328125;3939056
2024-12-20 12:36:00-05:00;5969.2998046875;5972.33984375;5968.85986328125;5972.18017578125;5972.18017578125;4574050
2024-12-20 12:37:00-05:00;5972.41015625;5975.02978515625;5972.02001953125;5974.68994140625;5974.68994140625;4286173
2024-12-20 12:38:00-05:00;5974.52001953125;5974.60009765625;5973.27001953125;5973.68994140625;5973.68994140625;4633962
2024-12-20 12:39:00-05:00;5973.72998046875;5975.93994140625;5973.64990234375;5974.7998046875;5974.7998046875;4803840
2024-12-20 12:40:00-05:00;5974.919921875;5975.580078125;5974.0498046875;5975.0498046875;5975.0498046875;3746685
2024-12-20 12:41:00-05:00;5975.259765625;5975.259765625;5974.06982421875;5974.52001953125;5974.52001953125;3547215
2024-12-20 12:42:00-05:00;5974.56005859375;5974.7998046875;5972.6201171875;5972.6201171875;5972.6201171875;3575079
2024-12-20 12:43:00-05:00;5972.56005859375;5972.56005859375;5970.2001953125;5971.83984375;5971.83984375;3835698
2024-12-20 12:44:00-05:00;5971.7900390625;5972.18994140625;5971.27978515625;5971.43017578125;5971.43017578125;3252285
2024-12-20 12:45:00-05:00;5971.47998046875;5972.60986328125;5970.7900390625;5971.4599609375;5971.4599609375;4208479
2024-12-20 12:46:00-05:00;5971.43994140625;5972.580078125;5969.22998046875;5969.64013671875;5969.64013671875;3723102
2024-12-20 12:47:00-05:00;5969.56005859375;5970.93017578125;5969.33984375;5969.919921875;5969.919921875;3595792
2024-12-20 12:48:00-05:00;5969.52001953125;5971.06982421875;5968.41015625;5970.66015625;5970.66015625;5297816
2024-12-20 12:49:00-05:00;5970.64013671875;5975.06982421875;5970.1201171875;5974.97998046875;5974.97998046875;4803601
2024-12-20 12:50:00-05:00;5974.97998046875;5976.2099609375;5974.419921875;5974.419921875;5974.419921875;3657075
2024-12-20 12:51:00-05:00;5974.27001953125;5974.68994140625;5973.08984375;5973.64990234375;5973.64990234375;14780636
2024-12-20 12:52:00-05:00;5973.64990234375;5976.60009765625;5973.06982421875;5976.419921875;5976.419921875;4459576
2024-12-20 12:53:00-05:00;5976.33984375;5976.60986328125;5973.7900390625;5974.47021484375;5974.47021484375;5265143
2024-12-20 12:54:00-05:00;5974.52001953125;5976.85009765625;5973.830078125;5976.85009765625;5976.85009765625;3922192
2024-12-20 12:55:00-05:00;5976.7900390625;5978.009765625;5975.81982421875;5977.240234375;5977.240234375;3757353
2024-12-20 12:56:00-05:00;5977.27001953125;5978.27978515625;5976.2001953125;5976.2001953125;5976.2001953125;3574438
2024-12-20 12:57:00-05:00;5976.16015625;5976.2900390625;5974.259765625;5974.3798828125;5974.3798828125;3358881
2024-12-20 12:58:00-05:00;5974.419921875;5975.1201171875;5973.47021484375;5973.68017578125;5973.68017578125;3516708
2024-12-20 12:59:00-05:00;5973.39990234375;5973.7900390625;5970.6201171875;5970.83984375;5970.83984375;4021791
2024-12-20 13:00:00-05:00;5970.77978515625;5970.77978515625;5969.18994140625;5969.3798828125;5969.3798828125;4212509
2024-12-20 13:01:00-05:00;5969.419921875;5971.3798828125;5968.89990234375;5970.60986328125;5970.60986328125;4037152
2024-12-20 13:02:00-05:00;5970.56982421875;5970.60986328125;5968.81005859375;5968.97021484375;5968.97021484375;3715501
2024-12-20 13:03:00-05:00;5968.990234375;5970.009765625;5968.0400390625;5968.259765625;5968.259765625;4350652
2024-12-20 13:04:00-05:00;5968.27978515625;5968.52978515625;5965.81982421875;5965.81982421875;5965.81982421875;3892196
2024-12-20 13:05:00-05:00;5965.89013671875;5966.27001953125;5964.31982421875;5965.9599609375;5965.9599609375;4174019
2024-12-20 13:06:00-05:00;5965.81982421875;5966.18017578125;5962.7998046875;5962.89990234375;5962.89990234375;4026850
2024-12-20 13:07:00-05:00;5963.0400390625;5965.81982421875;5963.0400390625;5965.81982421875;5965.81982421875;4218138
2024-12-20 13:08:00-05:00;5965.97998046875;5966.02001953125;5964.9501953125;5965.18017578125;5965.18017578125;3374940
2024-12-20 13:09:00-05:00;5965.31005859375;5965.43017578125;5963.66015625;5963.66015625;5963.66015625;3701486
2024-12-20 13:10:00-05:00;5963.330078125;5963.60986328125;5961.75;5961.75;5961.75;3696897
2024-12-20 13:11:00-05:00;5961.759765625;5963.18994140625;5961.27001953125;5963.0400390625;5963.0400390625;3563462
2024-12-20 13:12:00-05:00;5962.990234375;5963.47998046875;5961.58984375;5961.77978515625;5961.77978515625;3469156
2024-12-20 13:13:00-05:00;5961.9599609375;5962.52001953125;5961.31005859375;5961.419921875;5961.419921875;4094756
2024-12-20 13:14:00-05:00;5961.3798828125;5962.64013671875;5961.18994140625;5962.10009765625;5962.10009765625;4121280
2024-12-20 13:15:00-05:00;5962.1201171875;5962.669921875;5957.330078125;5957.330078125;5957.330078125;4774391
2024-12-20 13:16:00-05:00;5957.419921875;5957.43017578125;5954.2001953125;5954.419921875;5954.419921875;6080782
2024-12-20 13:17:00-05:00;5954.419921875;5955.35009765625;5953.35986328125;5954.1298828125;5954.1298828125;3987490
2024-12-20 13:18:00-05:00;5954.10009765625;5957.9501953125;5954.10009765625;5957.9501953125;5957.9501953125;4771018
2024-12-20 13:19:00-05:00;5958.080078125;5958.83984375;5955.9501953125;5958.39013671875;5958.39013671875;4279627
2024-12-20 13:20:00-05:00;5958.330078125;5958.330078125;5953.8798828125;5953.8798828125;5953.8798828125;3810202
2024-12-20 13:21:00-05:00;5953.830078125;5953.830078125;5949.7900390625;5952.02978515625;5952.02978515625;5032751
2024-12-20 13:22:00-05:00;5951.85986328125;5953.3701171875;5951.580078125;5953.3701171875;5953.3701171875;3627672
2024-12-20 13:23:00-05:00;5953.240234375;5954.740234375;5952.990234375;5953.9599609375;5953.9599609375;3649334
2024-12-20 13:24:00-05:00;5953.990234375;5953.990234375;5951.740234375;5952.83984375;5952.83984375;3380000
2024-12-20 13:25:00-05:00;5952.830078125;5953.5400390625;5950.0498046875;5952.7001953125;5952.7001953125;5915626
2024-12-20 13:26:00-05:00;5952.759765625;5953.509765625;5951.97021484375;5952.10986328125;5952.10986328125;3881815
2024-12-20 13:27:00-05:00;5951.990234375;5952.68017578125;5951.419921875;5952.669921875;5952.669921875;3139443
2024-12-20 13:28:00-05:00;5952.72021484375;5952.72021484375;5949.39013671875;5949.39013671875;5949.39013671875;4641196
2024-12-20 13:29:00-05:00;5949.33984375;5949.3798828125;5947.169921875;5947.31005859375;5947.31005859375;4359011
2024-12-20 13:30:00-05:00;5947.10986328125;5949.52978515625;5946.5400390625;5948.27978515625;5948.27978515625;4000722
2024-12-20 13:31:00-05:00;5948.3798828125;5952.18017578125;5948.3798828125;5952.14990234375;5952.14990234375;4315612
2024-12-20 13:32:00-05:00;5952.06982421875;5952.669921875;5950.18994140625;5951.06005859375;5951.06005859375;3540236
2024-12-20 13:33:00-05:00;5951.22998046875;5951.93017578125;5950.10986328125;5950.3701171875;5950.3701171875;4035419
2024-12-20 13:34:00-05:00;5950.27978515625;5950.66015625;5948.91015625;5949.60009765625;5949.60009765625;3412427
2024-12-20 13:35:00-05:00;5949.93017578125;5953.91015625;5949.91015625;5953.5400390625;5953.5400390625;4128057
2024-12-20 13:36:00-05:00;5953.47998046875;5954.47021484375;5953.3798828125;5954.2001953125;5954.2001953125;3495920
2024-12-20 13:37:00-05:00;5954.22021484375;5954.22021484375;5952.06005859375;5952.490234375;5952.490234375;3877908
2024-12-20 13:38:00-05:00;5952.39990234375;5952.72021484375;5950.64013671875;5950.68994140625;5950.68994140625;3301334
2024-12-20 13:39:00-05:00;5950.64990234375;5950.75;5948.89990234375;5949.08984375;5949.08984375;3766956
2024-12-20 13:40:00-05:00;5949.419921875;5950.35986328125;5949.2099609375;5949.9599609375;5949.9599609375;3577592
2024-12-20 13:41:00-05:00;5949.9599609375;5950.27978515625;5949.02978515625;5949.58984375;5949.58984375;3222128
2024-12-20 13:42:00-05:00;5949.68994140625;5949.68994140625;5947.2998046875;5947.31982421875;5947.31982421875;3687769
2024-12-20 13:43:00-05:00;5946.89990234375;5949.89013671875;5946.8701171875;5949.89013671875;5949.89013671875;3912214
2024-12-20 13:44:00-05:00;5949.97998046875;5950.8798828125;5949.419921875;5949.60009765625;5949.60009765625;3350712
2024-12-20 13:45:00-05:00;5949.56982421875;5949.56982421875;5947.009765625;5948.58984375;5948.58984375;4328468
2024-12-20 13:46:00-05:00;5948.64013671875;5950.18017578125;5948.64013671875;5948.81982421875;5948.81982421875;3379863
2024-12-20 13:47:00-05:00;5948.91015625;5949.759765625;5948.2900390625;5948.81982421875;5948.81982421875;14479478
2024-12-20 13:48:00-05:00;5948.919921875;5949.2998046875;5948.18994140625;5948.330078125;5948.330078125;3059537
2024-12-20 13:49:00-05:00;5948.3701171875;5948.3701171875;5946.4501953125;5946.77978515625;5946.77978515625;3737070
2024-12-20 13:50:00-05:00;5946.7998046875;5946.93017578125;5944.990234375;5946.77978515625;5946.77978515625;3576741
2024-12-20 13:51:00-05:00;5946.56005859375;5946.66015625;5945.31982421875;5945.5400390625;5945.5400390625;3154565
2024-12-20 13:52:00-05:00;5945.47998046875;5948.330078125;5944.72021484375;5948.330078125;5948.330078125;4512742
2024-12-20 13:53:00-05:00;5948.33984375;5952.169921875;5948.33984375;5952.10009765625;5952.10009765625;4352420
2024-12-20 13:54:00-05:00;5952.10009765625;5955.81005859375;5951.8701171875;5955.75;5955.75;4984104
2024-12-20 13:55:00-05:00;5955.85009765625;5958.81982421875;5955.830078125;5957.43994140625;5957.43994140625;5164589
2024-12-20 13:56:00-05:00;5957.27978515625;5957.68994140625;5953.14013671875;5953.5400390625;5953.5400390625;4404173
2024-12-20 13:57:00-05:00;5953.60986328125;5956.10986328125;5953.60986328125;5955.81982421875;5955.81982421875;3817749
2024-12-20 13:58:00-05:00;5955.85009765625;5955.85986328125;5953.2001953125;5953.22998046875;5953.22998046875;3589948
2024-12-20 13:59:00-05:00;5953.240234375;5953.240234375;5946.06982421875;5946.7001953125;5946.7001953125;5044185
2024-12-20 14:00:00-05:00;5946.68994140625;5947.10009765625;5945.06005859375;5946.68994140625;5946.68994140625;3822220
2024-12-20 14:01:00-05:00;5946.81005859375;5947.64013671875;5946.10009765625;5947.39990234375;5947.39990234375;3164128
2024-12-20 14:02:00-05:00;5947.419921875;5947.419921875;5944.56005859375;5944.93994140625;5944.93994140625;4512990
2024-12-20 14:03:00-05:00;5944.83984375;5946.18017578125;5944.83984375;5946.080078125;5946.080078125;3523300
2024-12-20 14:04:00-05:00;5946.1201171875;5946.27001953125;5944.33984375;5944.97998046875;5944.97998046875;3579670
2024-12-20 14:05:00-05:00;5944.93994140625;5945.81005859375;5944.81005859375;5944.81005859375;5944.81005859375;3421974
2024-12-20 14:06:00-05:00;5944.7900390625;5948.1298828125;5944.759765625;5947.5498046875;5947.5498046875;4392065
2024-12-20 14:07:00-05:00;5947.5498046875;5947.5498046875;5944.27001953125;5944.7900390625;5944.7900390625;4459873
2024-12-20 14:08:00-05:00;5944.72021484375;5944.72998046875;5942.72998046875;5943.330078125;5943.330078125;5767249
2024-12-20 14:09:00-05:00;5943.7900390625;5947.3701171875;5943.7900390625;5947.3701171875;5947.3701171875;5176965
2024-12-20 14:10:00-05:00;5947.5498046875;5948.83984375;5947.4599609375;5947.81982421875;5947.81982421875;3734484
2024-12-20 14:11:00-05:00;5947.85009765625;5948.5498046875;5946.9599609375;5947.22021484375;5947.22021484375;4859995
2024-12-20 14:12:00-05:00;5947.240234375;5947.47021484375;5945.52001953125;5945.93994140625;5945.93994140625;3913247
2024-12-20 14:13:00-05:00;5945.8798828125;5945.91015625;5944.5400390625;5944.9501953125;5944.9501953125;3483441
2024-12-20 14:14:00-05:00;5944.83984375;5947.27001953125;5944.7900390625;5946.81982421875;5946.81982421875;3213673
2024-12-20 14:15:00-05:00;5946.8701171875;5947.0400390625;5946.0400390625;5946.490234375;5946.490234375;3510486
2024-12-20 14:16:00-05:00;5946.35009765625;5948.169921875;5945.9501953125;5948.1298828125;5948.1298828125;3516587
2024-12-20 14:17:00-05:00;5948.0498046875;5949.9599609375;5947.6201171875;5949.8798828125;5949.8798828125;3807596
2024-12-20 14:18:00-05:00;5949.669921875;5950.259765625;5948.009765625;5949.60009765625;5949.60009765625;3875215
2024-12-20 14:19:00-05:00;5949.490234375;5949.919921875;5948.68994140625;5949.85986328125;5949.85986328125;3356400
2024-12-20 14:20:00-05:00;5949.919921875;5952.56005859375;5949.56005859375;5951.7099609375;5951.7099609375;5257535
2024-12-20 14:21:00-05:00;5951.60009765625;5951.60009765625;5949.39990234375;5949.39990234375;5949.39990234375;5939203
2024-12-20 14:22:00-05:00;5949.39013671875;5950.509765625;5947.75;5950.0498046875;5950.0498046875;5791391
2024-12-20 14:23:00-05:00;5950.0;5952.169921875;5949.669921875;5952.169921875;5952.169921875;4311698
2024-12-20 14:24:00-05:00;5952.1298828125;5952.580078125;5951.7998046875;5952.18994140625;5952.18994140625;3857845
2024-12-20 14:25:00-05:00;5952.10986328125;5952.3701171875;5951.14990234375;5951.14990234375;5951.14990234375;3572052
2024-12-20 14:26:00-05:00;5951.27978515625;5953.759765625;5951.27978515625;5953.64990234375;5953.64990234375;4977608
2024-12-20 14:27:00-05:00;5953.68994140625;5955.4501953125;5953.56982421875;5955.31005859375;5955.31005859375;5027042
2024-12-20 14:28:00-05:00;5955.330078125;5956.08984375;5954.5400390625;5956.08984375;5956.08984375;4378917
2024-12-20 14:29:00-05:00;5956.1201171875;5958.3798828125;5956.02978515625;5958.06982421875;5958.06982421875;5735252
2024-12-20 14:30:00-05:00;5958.14990234375;5961.52978515625;5957.52978515625;5961.52978515625;5961.52978515625;7329355
2024-12-20 14:31:00-05:00;5961.64990234375;5963.25;5961.22021484375;5961.77001953125;5961.77001953125;5643528
2024-12-20 14:32:00-05:00;5961.9599609375;5962.4501953125;5961.5498046875;5961.75;5961.75;4417232
2024-12-20 14:33:00-05:00;5961.85986328125;5962.75;5961.39990234375;5962.35009765625;5962.35009765625;4175739
2024-12-20 14:34:00-05:00;5962.22998046875;5963.0400390625;5961.81005859375;5963.0400390625;5963.0400390625;3847894
2024-12-20 14:35:00-05:00;5963.0498046875;5964.02978515625;5962.56982421875;5963.81982421875;5963.81982421875;4090857
2024-12-20 14:36:00-05:00;5963.7998046875;5964.72998046875;5963.7998046875;5964.4501953125;5964.4501953125;4422384
2024-12-20 14:37:00-05:00;5964.41015625;5964.41015625;5961.72021484375;5962.33984375;5962.33984375;4715207
2024-12-20 14:38:00-05:00;5962.31982421875;5962.330078125;5960.83984375;5961.0400390625;5961.0400390625;4597930
2024-12-20 14:39:00-05:00;5961.06005859375;5961.75;5960.169921875;5960.43017578125;5960.43017578125;5236086
2024-12-20 14:40:00-05:00;5960.31982421875;5960.5400390625;5958.3798828125;5958.7099609375;5958.7099609375;4893453
2024-12-20 14:41:00-05:00;5958.68994140625;5958.89990234375;5957.56005859375;5958.22998046875;5958.22998046875;4286813
2024-12-20 14:42:00-05:00;5958.25;5958.85009765625;5957.39990234375;5958.08984375;5958.08984375;3805584
2024-12-20 14:43:00-05:00;5958.10986328125;5959.85009765625;5957.9501953125;5959.830078125;5959.830078125;4845362
2024-12-20 14:44:00-05:00;5959.89990234375;5959.9599609375;5958.009765625;5958.1201171875;5958.1201171875;4453023
2024-12-20 14:45:00-05:00;5958.06982421875;5958.6201171875;5957.3701171875;5957.4501953125;5957.4501953125;4377058
2024-12-20 14:46:00-05:00;5957.56005859375;5958.52001953125;5957.56005859375;5958.25;5958.25;3466776
2024-12-20 14:47:00-05:00;5958.2998046875;5958.2998046875;5955.66015625;5955.85986328125;5955.85986328125;4258703
2024-12-20 14:48:00-05:00;5955.81005859375;5957.10009765625;5955.81005859375;5956.60986328125;5956.60986328125;3933837
2024-12-20 14:49:00-05:00;5956.5;5956.5498046875;5953.3798828125;5953.509765625;5953.509765625;4281763
2024-12-20 14:50:00-05:00;5953.81005859375;5955.08984375;5952.35986328125;5955.08984375;5955.08984375;4937759
2024-12-20 14:51:00-05:00;5955.31982421875;5955.31982421875;5952.06982421875;5952.1298828125;5952.1298828125;4176892
2024-12-20 14:52:00-05:00;5951.7998046875;5951.7998046875;5950.06982421875;5950.06982421875;5950.06982421875;4056289
2024-12-20 14:53:00-05:00;5949.89990234375;5950.2998046875;5948.25;5949.47998046875;5949.47998046875;3879112
2024-12-20 14:54:00-05:00;5949.47021484375;5950.7900390625;5949.31005859375;5950.7900390625;5950.7900390625;3273166
2024-12-20 14:55:00-05:00;5950.81005859375;5951.68017578125;5949.18994140625;5951.2099609375;5951.2099609375;4749964
2024-12-20 14:56:00-05:00;5951.35986328125;5951.97998046875;5950.66015625;5950.72021484375;5950.72021484375;4223193
2024-12-20 14:57:00-05:00;5950.77978515625;5950.83984375;5949.35009765625;5950.419921875;5950.419921875;5469854
2024-12-20 14:58:00-05:00;5950.52978515625;5952.8798828125;5950.52978515625;5952.02001953125;5952.02001953125;4829933
2024-12-20 14:59:00-05:00;5951.60009765625;5951.60009765625;5950.2900390625;5950.5498046875;5950.5498046875;4414355
2024-12-20 15:00:00-05:00;5950.60009765625;5952.91015625;5950.60009765625;5951.33984375;5951.33984375;6166353
2024-12-20 15:01:00-05:00;5951.3798828125;5953.5;5951.2998046875;5952.2998046875;5952.2998046875;4927291
2024-12-20 15:02:00-05:00;5952.2998046875;5954.06005859375;5951.4599609375;5953.490234375;5953.490234375;4820113
2024-12-20 15:03:00-05:00;5953.43017578125;5953.43017578125;5952.1201171875;5952.1201171875;5952.1201171875;3897032
2024-12-20 15:04:00-05:00;5952.1298828125;5953.75;5952.10986328125;5952.60009765625;5952.60009765625;4454796
2024-12-20 15:05:00-05:00;5952.2099609375;5953.60986328125;5951.990234375;5953.580078125;5953.580078125;3833369
2024-12-20 15:06:00-05:00;5953.669921875;5954.330078125;5951.08984375;5951.259765625;5951.259765625;0
2024-12-20 15:07:00-05:00;5951.16015625;5951.85986328125;5950.41015625;5951.72998046875;5951.72998046875;4382298
2024-12-20 15:08:00-05:00;5951.77001953125;5952.4599609375;5949.85009765625;5952.43994140625;5952.43994140625;4805393
2024-12-20 15:09:00-05:00;5952.4501953125;5952.4501953125;5950.009765625;5950.009765625;5950.009765625;4160229
2024-12-20 15:10:00-05:00;5949.93017578125;5951.4599609375;5949.56005859375;5950.08984375;5950.08984375;5289262
2024-12-20 15:11:00-05:00;5949.97998046875;5949.97998046875;5948.259765625;5949.669921875;5949.669921875;6005154
2024-12-20 15:12:00-05:00;5949.64013671875;5950.81982421875;5949.43017578125;5950.81982421875;5950.81982421875;5028604
2024-12-20 15:13:00-05:00;5950.81982421875;5951.33984375;5949.259765625;5949.259765625;5949.259765625;4529213
2024-12-20 15:14:00-05:00;5949.31005859375;5949.31005859375;5948.0498046875;5948.3798828125;5948.3798828125;4778619
2024-12-20 15:15:00-05:00;5948.2900390625;5948.5498046875;5947.14990234375;5948.3701171875;5948.3701171875;5604023
2024-12-20 15:16:00-05:00;5948.35009765625;5949.41015625;5948.35009765625;5948.740234375;5948.740234375;5005610
2024-12-20 15:17:00-05:00;5948.68017578125;5948.8798828125;5947.0498046875;5947.0498046875;5947.0498046875;5847606
2024-12-20 15:18:00-05:00;5947.02001953125;5949.56982421875;5947.02001953125;5949.47998046875;5949.47998046875;5179895
2024-12-20 15:19:00-05:00;5949.60986328125;5949.7099609375;5948.16015625;5948.16015625;5948.16015625;6229321
2024-12-20 15:20:00-05:00;5948.25;5948.25;5946.6298828125;5947.0400390625;5947.0400390625;5194993
2024-12-20 15:21:00-05:00;5947.02978515625;5947.02978515625;5943.7099609375;5943.8701171875;5943.8701171875;6085042
2024-12-20 15:22:00-05:00;5943.77001953125;5944.91015625;5942.240234375;5944.60009765625;5944.60009765625;5883343
2024-12-20 15:23:00-05:00;5944.72998046875;5948.259765625;5944.72998046875;5948.240234375;5948.240234375;5752413
2024-12-20 15:24:00-05:00;5948.35986328125;5948.5400390625;5945.39990234375;5945.39990234375;5945.39990234375;5188520
2024-12-20 15:25:00-05:00;5945.43017578125;5947.5498046875;5944.5498046875;5947.509765625;5947.509765625;5486725
2024-12-20 15:26:00-05:00;5947.5;5948.93994140625;5946.25;5946.25;5946.25;7528605
2024-12-20 15:27:00-05:00;5946.240234375;5947.1298828125;5945.8701171875;5946.47021484375;5946.47021484375;4501529
2024-12-20 15:28:00-05:00;5946.4599609375;5946.60986328125;5943.97998046875;5945.419921875;5945.419921875;6095885
2024-12-20 15:29:00-05:00;5945.33984375;5945.3701171875;5943.66015625;5943.919921875;5943.919921875;5948116
2024-12-20 15:30:00-05:00;5943.97021484375;5946.0400390625;5938.27001953125;5938.27001953125;5938.27001953125;8345035
2024-12-20 15:31:00-05:00;5938.4501953125;5938.4501953125;5933.27978515625;5933.39990234375;5933.39990234375;7838132
2024-12-20 15:32:00-05:00;5933.419921875;5933.509765625;5930.919921875;5930.919921875;5930.919921875;7387332
2024-12-20 15:33:00-05:00;5930.8701171875;5931.27978515625;5926.509765625;5927.39990234375;5927.39990234375;8338337
2024-12-20 15:34:00-05:00;5927.330078125;5928.6201171875;5925.8701171875;5927.580078125;5927.580078125;7092121
2024-12-20 15:35:00-05:00;5927.2900390625;5933.81982421875;5927.2900390625;5933.7900390625;5933.7900390625;9638090
2024-12-20 15:36:00-05:00;5933.64990234375;5940.58984375;5933.47021484375;5940.27001953125;5940.27001953125;9265562
2024-12-20 15:37:00-05:00;5940.33984375;5943.02001953125;5940.16015625;5942.31005859375;5942.31005859375;8134613
2024-12-20 15:38:00-05:00;5942.39013671875;5945.3798828125;5942.33984375;5945.27001953125;5945.27001953125;7519494
2024-12-20 15:39:00-05:00;5945.39990234375;5945.68994140625;5941.4599609375;5942.22998046875;5942.22998046875;7753911
2024-12-20 15:40:00-05:00;5942.2001953125;5946.91015625;5942.14013671875;5943.2099609375;5943.2099609375;9031732
2024-12-20 15:41:00-05:00;5943.1298828125;5943.43994140625;5940.31005859375;5942.35009765625;5942.35009765625;7662909
2024-12-20 15:42:00-05:00;5942.4501953125;5942.52978515625;5936.7001953125;5936.7001953125;5936.7001953125;8766293
2024-12-20 15:43:00-05:00;5936.22021484375;5939.93994140625;5936.22021484375;5938.81005859375;5938.81005859375;7636584
2024-12-20 15:44:00-05:00;5938.60009765625;5940.830078125;5937.68994140625;5940.16015625;5940.16015625;7722059
2024-12-20 15:45:00-05:00;5940.169921875;5943.6201171875;5940.169921875;5943.18994140625;5943.18994140625;9774145
2024-12-20 15:46:00-05:00;5943.22998046875;5947.419921875;5943.0;5946.47021484375;5946.47021484375;9620768
2024-12-20 15:47:00-05:00;5946.43017578125;5948.64990234375;5944.85009765625;5944.85009765625;5944.85009765625;10641920
2024-12-20 15:48:00-05:00;5944.77001953125;5947.02001953125;5943.89013671875;5945.56982421875;5945.56982421875;10119451
2024-12-20 15:49:00-05:00;5945.7001953125;5946.080078125;5941.52001953125;5941.81982421875;5941.81982421875;11669947
2024-12-20 15:50:00-05:00;5941.830078125;5941.830078125;5932.6298828125;5934.669921875;5934.669921875;20271559
2024-12-20 15:51:00-05:00;5934.5498046875;5934.5498046875;5929.97998046875;5930.330078125;5930.330078125;22689689
2024-12-20 15:52:00-05:00;5930.2998046875;5931.39013671875;5927.39013671875;5927.9599609375;5927.9599609375;21625426
2024-12-20 15:53:00-05:00;5927.68994140625;5928.990234375;5924.580078125;5925.240234375;5925.240234375;20511249
2024-12-20 15:54:00-05:00;5925.2001953125;5931.3701171875;5924.6201171875;5931.3701171875;5931.3701171875;20999450
2024-12-20 15:55:00-05:00;5931.2998046875;5933.0498046875;5926.5498046875;5927.0498046875;5927.0498046875;24398670
2024-12-20 15:56:00-05:00;5927.080078125;5929.22998046875;5926.0498046875;5926.93994140625;5926.93994140625;25833001
2024-12-20 15:57:00-05:00;5926.77001953125;5926.77001953125;5921.0498046875;5923.5498046875;5923.5498046875;24728345
2024-12-20 15:58:00-05:00;5923.64013671875;5927.7900390625;5923.31005859375;5926.080078125;5926.080078125;24992868
2024-12-20 15:59:00-05:00;5926.27978515625;5935.009765625;5926.27978515625;5932.7998046875;5932.7998046875;23902738
