Datetime;Open;High;Low;Close;Adj Close;Volume
2024-10-22 09:30:00-04:00;5832.7001953125;5832.7001953125;5824.91015625;5824.91015625;5824.91015625;0
2024-10-22 09:31:00-04:00;5824.93994140625;5825.68994140625;5821.169921875;5823.009765625;5823.009765625;13409548
2024-10-22 09:32:00-04:00;5822.759765625;5823.830078125;5821.43017578125;5823.830078125;5823.830078125;13288828
2024-10-22 09:33:00-04:00;5823.60009765625;5826.6298828125;5823.60009765625;5826.0;5826.0;10572922
2024-10-22 09:34:00-04:00;5826.169921875;5826.91015625;5825.2099609375;5826.68994140625;5826.68994140625;9318297
2024-10-22 09:35:00-04:00;5826.759765625;5828.509765625;5826.0;5827.31982421875;5827.31982421875;10047646
2024-10-22 09:36:00-04:00;5827.39990234375;5828.1298828125;5824.22998046875;5825.35009765625;5825.35009765625;9907871
2024-10-22 09:37:00-04:00;5825.14013671875;5826.10986328125;5824.5400390625;5825.5;5825.5;8687344
2024-10-22 09:38:00-04:00;5825.669921875;5827.2900390625;5824.0;5827.2900390625;5827.2900390625;8591380
2024-10-22 09:39:00-04:00;5827.490234375;5829.22021484375;5826.93994140625;5827.52001953125;5827.52001953125;8380394
2024-10-22 09:40:00-04:00;5827.7001953125;5828.830078125;5826.33984375;5827.47998046875;5827.47998046875;7630494
2024-10-22 09:41:00-04:00;5827.490234375;5827.490234375;5825.39990234375;5827.08984375;5827.08984375;7574196
2024-10-22 09:42:00-04:00;5827.0400390625;5829.66015625;5826.7001953125;5829.52978515625;5829.52978515625;8761807
2024-10-22 09:43:00-04:00;5829.52978515625;5830.97998046875;5828.9501953125;5828.9501953125;5828.9501953125;8177199
2024-10-22 09:44:00-04:00;5828.89990234375;5828.9599609375;5826.9599609375;5827.97021484375;5827.97021484375;7202260
2024-10-22 09:45:00-04:00;5827.81005859375;5831.7998046875;5827.77978515625;5831.6201171875;5831.6201171875;9458542
2024-10-22 09:46:00-04:00;5831.759765625;5832.7998046875;5829.22998046875;5829.8798828125;5829.8798828125;8742048
2024-10-22 09:47:00-04:00;5829.97998046875;5830.97998046875;5829.240234375;5830.47998046875;5830.47998046875;8106466
2024-10-22 09:48:00-04:00;5830.5400390625;5831.009765625;5829.97021484375;5830.580078125;5830.580078125;6829267
2024-10-22 09:49:00-04:00;5830.47021484375;5831.27978515625;5830.18017578125;5831.0;5831.0;7259577
2024-10-22 09:50:00-04:00;5830.97998046875;5831.93994140625;5829.47998046875;5829.52001953125;5829.52001953125;7804855
2024-10-22 09:51:00-04:00;5829.4599609375;5829.990234375;5828.509765625;5829.759765625;5829.759765625;7434263
2024-10-22 09:52:00-04:00;5829.68017578125;5830.08984375;5827.7001953125;5827.72021484375;5827.72021484375;7633836
2024-10-22 09:53:00-04:00;5827.56005859375;5828.490234375;5827.14013671875;5828.06005859375;5828.06005859375;6092196
2024-10-22 09:54:00-04:00;5828.18994140625;5831.81982421875;5828.18994140625;5831.7900390625;5831.7900390625;7648719
2024-10-22 09:55:00-04:00;5831.81982421875;5832.509765625;5828.97998046875;5828.97998046875;5828.97998046875;7723371
2024-10-22 09:56:00-04:00;5828.93994140625;5829.0498046875;5827.39013671875;5829.0498046875;5829.0498046875;7575791
2024-10-22 09:57:00-04:00;5829.080078125;5830.31005859375;5828.6298828125;5830.14990234375;5830.14990234375;6088165
2024-10-22 09:58:00-04:00;5830.22998046875;5831.6298828125;5829.0;5829.72998046875;5829.72998046875;6070195
2024-10-22 09:59:00-04:00;5829.6201171875;5831.91015625;5829.52001953125;5831.89990234375;5831.89990234375;7022320
2024-10-22 10:00:00-04:00;5832.47021484375;5832.72998046875;5830.5498046875;5831.77978515625;5831.77978515625;8241671
2024-10-22 10:01:00-04:00;5831.81005859375;5832.89990234375;5831.06005859375;5832.740234375;5832.740234375;6680702
2024-10-22 10:02:00-04:00;5832.16015625;5832.16015625;5829.52978515625;5830.16015625;5830.16015625;6460538
2024-10-22 10:03:00-04:00;5829.93017578125;5831.75;5829.31982421875;5830.93017578125;5830.93017578125;5704244
2024-10-22 10:04:00-04:00;5830.919921875;5832.10009765625;5830.490234375;5832.0400390625;5832.0400390625;5788046
2024-10-22 10:05:00-04:00;5831.91015625;5833.52978515625;5831.31982421875;5832.490234375;5832.490234375;8127400
2024-10-22 10:06:00-04:00;5832.35986328125;5840.0400390625;5832.22021484375;5838.64990234375;5838.64990234375;8293852
2024-10-22 10:07:00-04:00;5838.4599609375;5838.580078125;5836.83984375;5838.27001953125;5838.27001953125;5900401
2024-10-22 10:08:00-04:00;5838.18994140625;5839.39990234375;5836.85986328125;5838.9501953125;5838.9501953125;6724771
2024-10-22 10:09:00-04:00;5838.81982421875;5838.97998046875;5833.8701171875;5834.81982421875;5834.81982421875;7000625
2024-10-22 10:10:00-04:00;5834.8701171875;5836.06005859375;5833.68017578125;5835.669921875;5835.669921875;5882669
2024-10-22 10:11:00-04:00;5835.72021484375;5837.509765625;5834.240234375;5837.18994140625;5837.18994140625;5712731
2024-10-22 10:12:00-04:00;5837.16015625;5837.16015625;5834.81982421875;5834.89990234375;5834.89990234375;5007672
2024-10-22 10:13:00-04:00;5835.02001953125;5837.2998046875;5834.9599609375;5836.4501953125;5836.4501953125;4694144
2024-10-22 10:14:00-04:00;5836.3701171875;5838.89990234375;5836.35986328125;5838.8701171875;5838.8701171875;5301695
2024-10-22 10:15:00-04:00;5838.93017578125;5839.72021484375;5838.77001953125;5838.93994140625;5838.93994140625;5518313
2024-10-22 10:16:00-04:00;5838.919921875;5838.97021484375;5837.43017578125;5838.1298828125;5838.1298828125;4914158
2024-10-22 10:17:00-04:00;5838.18017578125;5838.490234375;5837.0400390625;5837.6201171875;5837.6201171875;4769047
2024-10-22 10:18:00-04:00;5837.43017578125;5837.6298828125;5834.9599609375;5835.330078125;5835.330078125;6274520
2024-10-22 10:19:00-04:00;5835.330078125;5835.580078125;5834.56005859375;5835.0;5835.0;4611380
2024-10-22 10:20:00-04:00;5834.85009765625;5835.16015625;5833.27978515625;5834.35009765625;5834.35009765625;5361574
2024-10-22 10:21:00-04:00;5834.35009765625;5834.72021484375;5832.990234375;5833.31005859375;5833.31005859375;4814073
2024-10-22 10:22:00-04:00;5833.27001953125;5833.740234375;5830.990234375;5832.56005859375;5832.56005859375;6036932
2024-10-22 10:23:00-04:00;5832.490234375;5833.56005859375;5831.3798828125;5833.56005859375;5833.56005859375;4678955
2024-10-22 10:24:00-04:00;5833.7099609375;5834.490234375;5833.2001953125;5833.77978515625;5833.77978515625;4249766
2024-10-22 10:25:00-04:00;5834.0498046875;5835.64013671875;5833.3798828125;5834.169921875;5834.169921875;4759315
2024-10-22 10:26:00-04:00;5834.009765625;5834.4599609375;5833.35009765625;5833.35009765625;5833.35009765625;5877795
2024-10-22 10:27:00-04:00;5833.39013671875;5834.0400390625;5833.169921875;5833.97998046875;5833.97998046875;4574855
2024-10-22 10:28:00-04:00;5834.08984375;5834.7998046875;5833.5400390625;5834.72998046875;5834.72998046875;5470673
2024-10-22 10:29:00-04:00;5834.64013671875;5834.64013671875;5833.2099609375;5833.2099609375;5833.2099609375;5492049
2024-10-22 10:30:00-04:00;5833.27978515625;5835.27001953125;5833.27978515625;5835.27001953125;5835.27001953125;5235105
2024-10-22 10:31:00-04:00;5835.330078125;5835.33984375;5832.2998046875;5833.509765625;5833.509765625;5117239
2024-10-22 10:32:00-04:00;5833.56005859375;5834.08984375;5831.8798828125;5832.56005859375;5832.56005859375;4387415
2024-10-22 10:33:00-04:00;5832.52001953125;5832.52001953125;5831.06005859375;5832.31982421875;5832.31982421875;4414725
2024-10-22 10:34:00-04:00;5832.16015625;5832.25;5831.10009765625;5832.02978515625;5832.02978515625;4112384
2024-10-22 10:35:00-04:00;5832.02001953125;5834.47021484375;5832.02001953125;5833.64013671875;5833.64013671875;4368419
2024-10-22 10:36:00-04:00;5833.58984375;5834.419921875;5832.4501953125;5832.93017578125;5832.93017578125;3814877
2024-10-22 10:37:00-04:00;5832.83984375;5832.89990234375;5831.97021484375;5832.89990234375;5832.89990234375;4235014
2024-10-22 10:38:00-04:00;5832.8798828125;5832.9501953125;5831.58984375;5832.64990234375;5832.64990234375;4895050
2024-10-22 10:39:00-04:00;5832.64013671875;5833.68994140625;5831.5;5831.5;5831.5;4325105
2024-10-22 10:40:00-04:00;5831.580078125;5832.8798828125;5831.56005859375;5832.22021484375;5832.22021484375;3929104
2024-10-22 10:41:00-04:00;5832.22998046875;5833.31982421875;5832.22021484375;5832.89013671875;5832.89013671875;3983469
2024-10-22 10:42:00-04:00;5832.7099609375;5833.990234375;5832.7099609375;5833.31982421875;5833.31982421875;4439406
2024-10-22 10:43:00-04:00;5833.259765625;5833.259765625;5830.85009765625;5831.759765625;5831.759765625;4783543
2024-10-22 10:44:00-04:00;5831.919921875;5832.14990234375;5830.4501953125;5830.5498046875;5830.5498046875;4565519
2024-10-22 10:45:00-04:00;5830.56005859375;5831.89990234375;5829.490234375;5831.759765625;5831.759765625;4624079
2024-10-22 10:46:00-04:00;5831.81982421875;5832.0400390625;5830.5498046875;5830.72998046875;5830.72998046875;4391316
2024-10-22 10:47:00-04:00;5830.81005859375;5831.31005859375;5829.35009765625;5829.740234375;5829.740234375;5042290
2024-10-22 10:48:00-04:00;5829.77978515625;5829.81005859375;5829.02978515625;5829.72998046875;5829.72998046875;4723752
2024-10-22 10:49:00-04:00;5829.72021484375;5832.93994140625;5829.509765625;5832.60009765625;5832.60009765625;5614186
2024-10-22 10:50:00-04:00;5832.47021484375;5833.56982421875;5832.41015625;5833.35009765625;5833.35009765625;4385181
2024-10-22 10:51:00-04:00;5833.3798828125;5834.0;5833.2998046875;5834.0;5834.0;4168746
2024-10-22 10:52:00-04:00;5834.06982421875;5836.5400390625;5833.66015625;5836.0400390625;5836.0400390625;4205738
2024-10-22 10:53:00-04:00;5836.1201171875;5837.080078125;5835.83984375;5836.39013671875;5836.39013671875;3455299
2024-10-22 10:54:00-04:00;5836.33984375;5838.1298828125;5836.14013671875;5837.93017578125;5837.93017578125;4538525
2024-10-22 10:55:00-04:00;5838.06982421875;5839.56005859375;5837.85986328125;5838.31982421875;5838.31982421875;4566892
2024-10-22 10:56:00-04:00;5838.22021484375;5838.39990234375;5837.02001953125;5837.5498046875;5837.5498046875;3677090
2024-10-22 10:57:00-04:00;5837.6298828125;5838.60986328125;5837.52001953125;5838.080078125;5838.080078125;3344198
2024-10-22 10:58:00-04:00;5838.06982421875;5838.169921875;5837.06005859375;5837.56005859375;5837.56005859375;3511300
2024-10-22 10:59:00-04:00;5837.77001953125;5838.4599609375;5837.77001953125;5838.31982421875;5838.31982421875;4729651
2024-10-22 11:00:00-04:00;5838.27001953125;5838.759765625;5838.02978515625;5838.56982421875;5838.56982421875;5865249
2024-10-22 11:01:00-04:00;5838.60009765625;5839.14990234375;5837.919921875;5838.8798828125;5838.8798828125;3562214
2024-10-22 11:02:00-04:00;5838.77001953125;5839.990234375;5838.2900390625;5839.93994140625;5839.93994140625;4625089
2024-10-22 11:03:00-04:00;5840.009765625;5840.580078125;5838.7900390625;5838.85009765625;5838.85009765625;4289996
2024-10-22 11:04:00-04:00;5838.72021484375;5839.1201171875;5837.5400390625;5838.169921875;5838.169921875;4133266
2024-10-22 11:05:00-04:00;5838.1298828125;5838.14013671875;5837.14013671875;5837.64990234375;5837.64990234375;3614132
2024-10-22 11:06:00-04:00;5837.56005859375;5838.93994140625;5837.27001953125;5838.5;5838.5;3737907
2024-10-22 11:07:00-04:00;5838.64013671875;5839.1298828125;5838.14990234375;5838.35009765625;5838.35009765625;3910485
2024-10-22 11:08:00-04:00;5838.31005859375;5838.91015625;5838.14013671875;5838.7099609375;5838.7099609375;3542731
2024-10-22 11:09:00-04:00;5838.64990234375;5839.10986328125;5837.8798828125;5838.2900390625;5838.2900390625;4153378
2024-10-22 11:10:00-04:00;5838.240234375;5838.85009765625;5838.0;5838.490234375;5838.490234375;4400832
2024-10-22 11:11:00-04:00;5838.56982421875;5839.7998046875;5838.56982421875;5839.66015625;5839.66015625;4106667
2024-10-22 11:12:00-04:00;5839.60009765625;5839.60009765625;5838.56982421875;5839.080078125;5839.080078125;5822182
2024-10-22 11:13:00-04:00;5839.0400390625;5839.14990234375;5838.72021484375;5838.93994140625;5838.93994140625;4563468
2024-10-22 11:14:00-04:00;5838.8701171875;5839.2001953125;5838.66015625;5838.830078125;5838.830078125;3582011
2024-10-22 11:15:00-04:00;5838.68994140625;5839.580078125;5838.58984375;5838.68017578125;5838.68017578125;3875228
2024-10-22 11:16:00-04:00;5838.7001953125;5839.22998046875;5838.60986328125;5839.22021484375;5839.22021484375;2214176
2024-10-22 11:18:00-04:00;5840.509765625;5840.77978515625;5839.77001953125;5839.77001953125;5839.77001953125;11116339
2024-10-22 11:19:00-04:00;5839.72998046875;5840.81982421875;5839.27001953125;5840.25;5840.25;6116854
2024-10-22 11:20:00-04:00;5840.39013671875;5840.6201171875;5839.8701171875;5839.93994140625;5839.93994140625;4601262
2024-10-22 11:21:00-04:00;5840.080078125;5840.2099609375;5838.740234375;5838.759765625;5838.759765625;3994016
2024-10-22 11:22:00-04:00;5838.9599609375;5839.8701171875;5838.81005859375;5838.81005859375;5838.81005859375;3495254
2024-10-22 11:23:00-04:00;5838.8798828125;5839.77978515625;5838.669921875;5839.330078125;5839.330078125;3973661
2024-10-22 11:24:00-04:00;5839.31982421875;5839.31982421875;5838.43017578125;5838.68994140625;5838.68994140625;4632637
2024-10-22 11:25:00-04:00;5838.77978515625;5839.0400390625;5837.97021484375;5838.02978515625;5838.02978515625;3738861
2024-10-22 11:26:00-04:00;5838.2900390625;5838.47998046875;5834.39013671875;5836.39013671875;5836.39013671875;4972372
2024-10-22 11:27:00-04:00;5836.419921875;5838.56005859375;5836.419921875;5838.18017578125;5838.18017578125;3945204
2024-10-22 11:28:00-04:00;5838.259765625;5838.83984375;5838.06005859375;5838.06005859375;5838.06005859375;3867207
2024-10-22 11:29:00-04:00;5838.0400390625;5839.169921875;5837.7001953125;5838.8798828125;5838.8798828125;4381024
2024-10-22 11:30:00-04:00;5838.91015625;5840.43017578125;5838.8798828125;5840.080078125;5840.080078125;3856847
2024-10-22 11:31:00-04:00;5840.06005859375;5840.4599609375;5839.68017578125;5839.97021484375;5839.97021484375;3405598
2024-10-22 11:32:00-04:00;5840.1298828125;5841.18017578125;5840.1298828125;5841.18017578125;5841.18017578125;3194077
2024-10-22 11:33:00-04:00;5841.10986328125;5841.43994140625;5840.740234375;5841.169921875;5841.169921875;3473033
2024-10-22 11:34:00-04:00;5841.18017578125;5841.2099609375;5840.58984375;5841.02001953125;5841.02001953125;3322026
2024-10-22 11:35:00-04:00;5840.97998046875;5841.1201171875;5840.18994140625;5840.33984375;5840.33984375;3466657
2024-10-22 11:36:00-04:00;5840.330078125;5840.330078125;5839.72998046875;5839.919921875;5839.919921875;3113457
2024-10-22 11:37:00-04:00;5840.0;5840.0400390625;5839.43017578125;5839.89990234375;5839.89990234375;3712442
2024-10-22 11:38:00-04:00;5839.83984375;5840.22021484375;5839.4599609375;5840.10986328125;5840.10986328125;3356294
2024-10-22 11:39:00-04:00;5840.06005859375;5840.81005859375;5839.52001953125;5840.81005859375;5840.81005859375;3774637
2024-10-22 11:40:00-04:00;5840.83984375;5841.669921875;5840.830078125;5841.56982421875;5841.56982421875;3216546
2024-10-22 11:41:00-04:00;5841.56982421875;5841.7099609375;5840.97021484375;5841.1298828125;5841.1298828125;3907320
2024-10-22 11:42:00-04:00;5841.1201171875;5841.64990234375;5840.72021484375;5841.64990234375;5841.64990234375;3267466
2024-10-22 11:43:00-04:00;5841.5498046875;5841.5498046875;5839.58984375;5839.97021484375;5839.97021484375;2950671
2024-10-22 11:44:00-04:00;5839.919921875;5840.35009765625;5839.85009765625;5840.35009765625;5840.35009765625;2737206
2024-10-22 11:45:00-04:00;5840.43994140625;5840.68994140625;5839.919921875;5839.919921875;5839.919921875;2845951
2024-10-22 11:46:00-04:00;5839.77978515625;5840.6298828125;5839.77978515625;5840.419921875;5840.419921875;2940344
2024-10-22 11:47:00-04:00;5840.47998046875;5840.85986328125;5840.33984375;5840.60986328125;5840.60986328125;2964843
2024-10-22 11:48:00-04:00;5840.60986328125;5840.77978515625;5839.41015625;5839.41015625;5839.41015625;3010094
2024-10-22 11:49:00-04:00;5839.419921875;5839.4599609375;5838.830078125;5838.89990234375;5838.89990234375;2670553
2024-10-22 11:50:00-04:00;5838.89013671875;5839.259765625;5838.77001953125;5839.0;5839.0;2787025
2024-10-22 11:51:00-04:00;5839.0498046875;5839.35009765625;5838.35009765625;5839.35009765625;5839.35009765625;2738381
2024-10-22 11:52:00-04:00;5839.35009765625;5839.6298828125;5838.56005859375;5838.6201171875;5838.6201171875;2905631
2024-10-22 11:53:00-04:00;5838.7099609375;5839.41015625;5838.7099609375;5838.97021484375;5838.97021484375;2321089
2024-10-22 11:54:00-04:00;5838.93017578125;5839.56982421875;5838.93017578125;5839.33984375;5839.33984375;2958202
2024-10-22 11:55:00-04:00;5839.33984375;5841.0400390625;5839.22021484375;5841.0400390625;5841.0400390625;3235870
2024-10-22 11:56:00-04:00;5841.02978515625;5841.22021484375;5840.7001953125;5840.7998046875;5840.7998046875;3319471
2024-10-22 11:57:00-04:00;5840.68017578125;5840.8701171875;5840.5400390625;5840.68017578125;5840.68017578125;2245262
2024-10-22 11:58:00-04:00;5840.7099609375;5840.81982421875;5840.169921875;5840.169921875;5840.169921875;2593221
2024-10-22 11:59:00-04:00;5840.02978515625;5840.10986328125;5838.7099609375;5838.7099609375;5838.7099609375;2610933
2024-10-22 12:00:00-04:00;5838.72998046875;5838.72998046875;5837.0498046875;5837.64013671875;5837.64013671875;5348041
2024-10-22 12:01:00-04:00;5837.64990234375;5837.8798828125;5837.2001953125;5837.330078125;5837.330078125;3062461
2024-10-22 12:02:00-04:00;5837.27978515625;5837.66015625;5837.0;5837.2001953125;5837.2001953125;2716048
2024-10-22 12:03:00-04:00;5837.27001953125;5838.91015625;5837.27001953125;5837.68994140625;5837.68994140625;3216765
2024-10-22 12:04:00-04:00;5837.64013671875;5837.85009765625;5837.16015625;5837.16015625;5837.16015625;2224458
2024-10-22 12:05:00-04:00;5837.14990234375;5837.60986328125;5836.68994140625;5836.740234375;5836.740234375;2798264
2024-10-22 12:06:00-04:00;5836.7099609375;5837.7099609375;5836.58984375;5837.2099609375;5837.2099609375;3338454
2024-10-22 12:07:00-04:00;5837.080078125;5837.1298828125;5836.5400390625;5836.580078125;5836.580078125;2492300
2024-10-22 12:08:00-04:00;5836.56982421875;5836.56982421875;5835.5;5836.10986328125;5836.10986328125;3540254
2024-10-22 12:09:00-04:00;5836.06005859375;5836.10009765625;5835.02001953125;5835.27001953125;5835.27001953125;2645394
2024-10-22 12:10:00-04:00;5835.2001953125;5836.14990234375;5834.97998046875;5836.1201171875;5836.1201171875;3043136
2024-10-22 12:11:00-04:00;5835.91015625;5835.91015625;5835.10986328125;5835.8701171875;5835.8701171875;2803338
2024-10-22 12:12:00-04:00;5835.9599609375;5837.1298828125;5835.66015625;5837.0498046875;5837.0498046875;2801351
2024-10-22 12:13:00-04:00;5837.02001953125;5838.60009765625;5837.02001953125;5838.509765625;5838.509765625;4098754
2024-10-22 12:14:00-04:00;5838.3798828125;5838.7998046875;5837.64990234375;5837.8798828125;5837.8798828125;2293017
2024-10-22 12:15:00-04:00;5837.89990234375;5838.93994140625;5837.759765625;5838.93994140625;5838.93994140625;2804241
2024-10-22 12:16:00-04:00;5838.93994140625;5839.64013671875;5838.77978515625;5839.60009765625;5839.60009765625;2579709
2024-10-22 12:17:00-04:00;5839.68994140625;5839.89990234375;5838.93994140625;5839.02001953125;5839.02001953125;2696517
2024-10-22 12:18:00-04:00;5838.990234375;5839.2001953125;5838.6201171875;5838.6201171875;5838.6201171875;2205868
2024-10-22 12:19:00-04:00;5838.58984375;5838.7099609375;5838.06982421875;5838.39013671875;5838.39013671875;2654781
2024-10-22 12:20:00-04:00;5838.33984375;5838.3701171875;5837.9599609375;5838.14013671875;5838.14013671875;2154629
2024-10-22 12:21:00-04:00;5838.10009765625;5838.5400390625;5838.10009765625;5838.330078125;5838.330078125;2250365
2024-10-22 12:22:00-04:00;5838.31982421875;5838.6201171875;5838.27001953125;5838.490234375;5838.490234375;2762871
2024-10-22 12:23:00-04:00;5838.509765625;5838.68994140625;5837.77001953125;5837.7998046875;5837.7998046875;2525014
2024-10-22 12:24:00-04:00;5837.77001953125;5837.77001953125;5837.169921875;5837.169921875;5837.169921875;2855251
2024-10-22 12:25:00-04:00;5837.10986328125;5837.1201171875;5834.97998046875;5834.97998046875;5834.97998046875;3724069
2024-10-22 12:26:00-04:00;5835.02001953125;5835.85986328125;5834.5400390625;5835.75;5835.75;3953507
2024-10-22 12:27:00-04:00;5835.7900390625;5836.759765625;5835.39990234375;5836.43994140625;5836.43994140625;3014737
2024-10-22 12:28:00-04:00;5836.5;5836.72998046875;5835.25;5835.27001953125;5835.27001953125;3277228
2024-10-22 12:29:00-04:00;5835.18994140625;5835.6201171875;5834.8798828125;5835.580078125;5835.580078125;2992023
2024-10-22 12:30:00-04:00;5835.39990234375;5836.580078125;5835.33984375;5836.56005859375;5836.56005859375;2641977
2024-10-22 12:31:00-04:00;5836.39990234375;5837.7099609375;5836.39990234375;5837.7001953125;5837.7001953125;6557880
2024-10-22 12:32:00-04:00;5837.669921875;5838.669921875;5837.669921875;5838.43994140625;5838.43994140625;3025235
2024-10-22 12:33:00-04:00;5838.43994140625;5839.43017578125;5838.31005859375;5839.39013671875;5839.39013671875;3798169
2024-10-22 12:34:00-04:00;5839.3798828125;5839.8798828125;5839.2998046875;5839.39990234375;5839.39990234375;2943730
2024-10-22 12:35:00-04:00;5839.39013671875;5839.58984375;5839.18994140625;5839.18994140625;5839.18994140625;3696785
2024-10-22 12:36:00-04:00;5839.18017578125;5839.240234375;5837.3701171875;5837.419921875;5837.419921875;3103982
2024-10-22 12:37:00-04:00;5837.3798828125;5837.3798828125;5836.4501953125;5837.1201171875;5837.1201171875;3919370
2024-10-22 12:38:00-04:00;5837.1201171875;5837.97021484375;5836.58984375;5836.64013671875;5836.64013671875;2784209
2024-10-22 12:39:00-04:00;5836.58984375;5836.919921875;5836.39013671875;5836.919921875;5836.919921875;2751070
2024-10-22 12:40:00-04:00;5837.02978515625;5837.2998046875;5836.06005859375;5836.3701171875;5836.3701171875;3427878
2024-10-22 12:41:00-04:00;5836.3798828125;5836.81982421875;5835.7001953125;5835.9599609375;5835.9599609375;2719145
2024-10-22 12:42:00-04:00;5835.8701171875;5836.39013671875;5834.89990234375;5835.9599609375;5835.9599609375;4339334
2024-10-22 12:43:00-04:00;5836.080078125;5836.58984375;5835.8798828125;5836.58984375;5836.58984375;2441561
2024-10-22 12:44:00-04:00;5836.64013671875;5837.7001953125;5836.3798828125;5836.3798828125;5836.3798828125;3120521
2024-10-22 12:45:00-04:00;5836.35986328125;5837.3798828125;5836.259765625;5837.10986328125;5837.10986328125;2960892
2024-10-22 12:46:00-04:00;5837.0400390625;5837.31005859375;5836.2001953125;5836.56005859375;5836.56005859375;2852761
2024-10-22 12:47:00-04:00;5836.52978515625;5838.10986328125;5836.52978515625;5838.02978515625;5838.02978515625;2879184
2024-10-22 12:48:00-04:00;5838.06005859375;5838.330078125;5837.580078125;5838.31005859375;5838.31005859375;2603866
2024-10-22 12:49:00-04:00;5838.41015625;5839.5400390625;5838.2998046875;5839.52001953125;5839.52001953125;3076885
2024-10-22 12:50:00-04:00;5839.5;5841.58984375;5839.1201171875;5841.58984375;5841.58984375;3425722
2024-10-22 12:51:00-04:00;5841.56982421875;5842.18994140625;5841.22021484375;5842.18994140625;5842.18994140625;2725226
2024-10-22 12:52:00-04:00;5842.3701171875;5843.7001953125;5842.080078125;5843.60986328125;5843.60986328125;3526922
2024-10-22 12:53:00-04:00;5843.7001953125;5844.33984375;5843.7001953125;5844.10009765625;5844.10009765625;2810015
2024-10-22 12:54:00-04:00;5844.10009765625;5844.259765625;5843.7998046875;5844.06005859375;5844.06005859375;3330283
2024-10-22 12:55:00-04:00;5843.33984375;5843.919921875;5843.16015625;5843.5400390625;5843.5400390625;3358836
2024-10-22 12:56:00-04:00;5843.5;5844.580078125;5843.5;5844.02978515625;5844.02978515625;2997403
2024-10-22 12:57:00-04:00;5843.9501953125;5844.06005859375;5843.5;5843.85986328125;5843.85986328125;2937202
2024-10-22 12:58:00-04:00;5843.9501953125;5844.5;5843.83984375;5844.4501953125;5844.4501953125;3081328
2024-10-22 12:59:00-04:00;5844.4599609375;5844.4599609375;5843.18994140625;5843.93017578125;5843.93017578125;2885199
2024-10-22 13:00:00-04:00;5843.85986328125;5844.5;5843.68017578125;5843.85986328125;5843.85986328125;2626008
2024-10-22 13:01:00-04:00;5843.85009765625;5845.02978515625;5843.85009765625;5845.009765625;5845.009765625;2602820
2024-10-22 13:02:00-04:00;5844.97998046875;5844.990234375;5844.39013671875;5844.990234375;5844.990234375;2795419
2024-10-22 13:03:00-04:00;5844.93994140625;5845.0400390625;5844.68017578125;5844.7001953125;5844.7001953125;2555534
2024-10-22 13:04:00-04:00;5844.77001953125;5844.830078125;5843.77001953125;5843.919921875;5843.919921875;2819626
2024-10-22 13:05:00-04:00;5843.8798828125;5844.72998046875;5843.81982421875;5844.72998046875;5844.72998046875;2420033
2024-10-22 13:06:00-04:00;5844.7001953125;5844.7001953125;5842.7099609375;5842.72998046875;5842.72998046875;2646952
2024-10-22 13:07:00-04:00;5842.60986328125;5842.97998046875;5842.4599609375;5842.60009765625;5842.60009765625;2543706
2024-10-22 13:08:00-04:00;5842.60009765625;5843.68017578125;5842.1201171875;5843.52978515625;5843.52978515625;2966620
2024-10-22 13:09:00-04:00;5843.490234375;5843.6201171875;5843.240234375;5843.35009765625;5843.35009765625;2308065
2024-10-22 13:10:00-04:00;5843.2900390625;5843.669921875;5843.169921875;5843.669921875;5843.669921875;2132949
2024-10-22 13:11:00-04:00;5843.669921875;5843.740234375;5842.58984375;5842.58984375;5842.58984375;2207420
2024-10-22 13:12:00-04:00;5842.5;5843.06005859375;5841.52001953125;5843.02978515625;5843.02978515625;2673817
2024-10-22 13:13:00-04:00;5842.9501953125;5843.22021484375;5842.81982421875;5843.22021484375;5843.22021484375;2231000
2024-10-22 13:14:00-04:00;5843.330078125;5843.60986328125;5843.169921875;5843.31005859375;5843.31005859375;2045640
2024-10-22 13:15:00-04:00;5843.330078125;5843.41015625;5842.93994140625;5843.259765625;5843.259765625;2610594
2024-10-22 13:16:00-04:00;5843.31005859375;5843.35986328125;5843.06005859375;5843.1298828125;5843.1298828125;2112590
2024-10-22 13:17:00-04:00;5843.14013671875;5843.83984375;5842.8701171875;5843.58984375;5843.58984375;2543004
2024-10-22 13:18:00-04:00;5843.5498046875;5843.5498046875;5842.7998046875;5843.4599609375;5843.4599609375;2522172
2024-10-22 13:19:00-04:00;5843.31005859375;5843.93017578125;5843.25;5843.25;5843.25;2342175
2024-10-22 13:20:00-04:00;5843.2900390625;5843.77001953125;5843.169921875;5843.580078125;5843.580078125;2457517
2024-10-22 13:21:00-04:00;5843.6298828125;5844.330078125;5843.2998046875;5843.47998046875;5843.47998046875;2675269
2024-10-22 13:22:00-04:00;5843.52001953125;5843.9501953125;5843.419921875;5843.93017578125;5843.93017578125;2673044
2024-10-22 13:23:00-04:00;5843.97021484375;5844.16015625;5843.6201171875;5843.64013671875;5843.64013671875;2413377
2024-10-22 13:24:00-04:00;5843.6298828125;5844.0;5843.080078125;5843.2099609375;5843.2099609375;2513864
2024-10-22 13:25:00-04:00;5843.2001953125;5844.7900390625;5843.2001953125;5844.7900390625;5844.7900390625;2729462
2024-10-22 13:26:00-04:00;5844.77001953125;5845.18017578125;5844.60986328125;5844.72021484375;5844.72021484375;3116055
2024-10-22 13:27:00-04:00;5844.7001953125;5844.77978515625;5844.35009765625;5844.56005859375;5844.56005859375;2670082
2024-10-22 13:28:00-04:00;5844.58984375;5844.740234375;5844.259765625;5844.47021484375;5844.47021484375;2609370
2024-10-22 13:29:00-04:00;5844.4599609375;5845.2001953125;5844.35009765625;5845.14990234375;5845.14990234375;3329861
2024-10-22 13:30:00-04:00;5845.18994140625;5846.06005859375;5845.0;5845.91015625;5845.91015625;3677489
2024-10-22 13:31:00-04:00;5845.89013671875;5845.990234375;5845.39990234375;5845.64990234375;5845.64990234375;2940199
2024-10-22 13:32:00-04:00;5845.68017578125;5846.08984375;5845.240234375;5846.02001953125;5846.02001953125;2752158
2024-10-22 13:33:00-04:00;5846.009765625;5846.009765625;5845.47021484375;5845.83984375;5845.83984375;3525246
2024-10-22 13:34:00-04:00;5845.85009765625;5847.22021484375;5845.85009765625;5847.2099609375;5847.2099609375;3113966
2024-10-22 13:35:00-04:00;5847.2001953125;5849.7900390625;5847.2001953125;5848.580078125;5848.580078125;4372024
2024-10-22 13:36:00-04:00;5848.68017578125;5849.06982421875;5848.6201171875;5848.81982421875;5848.81982421875;2827115
2024-10-22 13:37:00-04:00;5848.83984375;5850.06005859375;5848.669921875;5850.06005859375;5850.06005859375;3090580
2024-10-22 13:38:00-04:00;5850.06005859375;5850.83984375;5849.919921875;5850.83984375;5850.83984375;3695678
2024-10-22 13:39:00-04:00;5850.7998046875;5851.490234375;5850.419921875;5850.52001953125;5850.52001953125;3263283
2024-10-22 13:40:00-04:00;5850.52978515625;5854.43994140625;5850.52978515625;5853.77001953125;5853.77001953125;4605850
2024-10-22 13:41:00-04:00;5853.81005859375;5853.919921875;5853.2998046875;5853.64990234375;5853.64990234375;3268263
2024-10-22 13:42:00-04:00;5853.68994140625;5853.7900390625;5852.85986328125;5853.0;5853.0;3142529
2024-10-22 13:43:00-04:00;5852.990234375;5853.18017578125;5851.8798828125;5852.14990234375;5852.14990234375;3429164
2024-10-22 13:44:00-04:00;5852.1298828125;5852.81982421875;5851.68017578125;5852.759765625;5852.759765625;3477210
2024-10-22 13:45:00-04:00;5852.77001953125;5853.1201171875;5852.43994140625;5853.1201171875;5853.1201171875;2614139
2024-10-22 13:46:00-04:00;5853.14013671875;5853.89990234375;5853.14013671875;5853.89990234375;5853.89990234375;2657976
2024-10-22 13:47:00-04:00;5853.93017578125;5854.080078125;5853.5400390625;5853.7001953125;5853.7001953125;2771845
2024-10-22 13:48:00-04:00;5853.669921875;5854.02001953125;5853.6201171875;5854.009765625;5854.009765625;3056969
2024-10-22 13:49:00-04:00;5853.9599609375;5854.22998046875;5853.490234375;5854.22998046875;5854.22998046875;3060711
2024-10-22 13:50:00-04:00;5854.25;5854.93017578125;5854.2099609375;5854.56982421875;5854.56982421875;3407485
2024-10-22 13:51:00-04:00;5854.580078125;5856.77978515625;5854.509765625;5856.35986328125;5856.35986328125;3401083
2024-10-22 13:52:00-04:00;5856.31982421875;5856.5498046875;5854.85009765625;5854.85009765625;5854.85009765625;3280364
2024-10-22 13:53:00-04:00;5854.81982421875;5855.18017578125;5854.81982421875;5855.14990234375;5855.14990234375;2133485
2024-10-22 13:54:00-04:00;5855.18994140625;5856.419921875;5855.18994140625;5856.18017578125;5856.18017578125;2935567
2024-10-22 13:55:00-04:00;5856.18017578125;5856.580078125;5855.97998046875;5856.52978515625;5856.52978515625;3062230
2024-10-22 13:56:00-04:00;5856.5400390625;5856.56982421875;5855.89990234375;5855.89990234375;5855.89990234375;3035162
2024-10-22 13:57:00-04:00;5855.8701171875;5856.4599609375;5855.66015625;5856.4599609375;5856.4599609375;2950095
2024-10-22 13:58:00-04:00;5856.509765625;5857.75;5856.33984375;5857.66015625;5857.66015625;3115591
2024-10-22 13:59:00-04:00;5857.669921875;5858.14990234375;5857.580078125;5858.1298828125;5858.1298828125;2838944
2024-10-22 14:00:00-04:00;5858.10986328125;5858.10986328125;5857.25;5858.0498046875;5858.0498046875;3642507
2024-10-22 14:01:00-04:00;5858.06982421875;5859.06005859375;5858.06982421875;5858.68994140625;5858.68994140625;3232198
2024-10-22 14:02:00-04:00;5858.77978515625;5861.75;5858.77978515625;5861.75;5861.75;4839944
2024-10-22 14:03:00-04:00;5861.669921875;5863.0400390625;5861.669921875;5862.58984375;5862.58984375;4282288
2024-10-22 14:04:00-04:00;5862.5400390625;5862.580078125;5861.60009765625;5862.56005859375;5862.56005859375;3648194
2024-10-22 14:05:00-04:00;5862.68017578125;5862.81005859375;5861.58984375;5861.60009765625;5861.60009765625;4287939
2024-10-22 14:06:00-04:00;5861.66015625;5861.85009765625;5859.759765625;5860.02001953125;5860.02001953125;3228190
2024-10-22 14:07:00-04:00;5860.10009765625;5860.7099609375;5859.9599609375;5860.31005859375;5860.31005859375;2733507
2024-10-22 14:08:00-04:00;5860.330078125;5860.81982421875;5859.669921875;5859.669921875;5859.669921875;2269006
2024-10-22 14:09:00-04:00;5859.6201171875;5859.6201171875;5856.2900390625;5856.7099609375;5856.7099609375;4375483
2024-10-22 14:10:00-04:00;5856.72021484375;5856.93017578125;5856.22998046875;5856.43017578125;5856.43017578125;2715395
2024-10-22 14:11:00-04:00;5856.27001953125;5857.3701171875;5856.27001953125;5856.91015625;5856.91015625;3343280
2024-10-22 14:12:00-04:00;5856.85009765625;5856.89990234375;5856.22021484375;5856.240234375;5856.240234375;3550351
2024-10-22 14:13:00-04:00;5856.259765625;5856.33984375;5854.66015625;5854.8798828125;5854.8798828125;3311645
2024-10-22 14:14:00-04:00;5854.830078125;5854.830078125;5853.759765625;5853.759765625;5853.759765625;3190796
2024-10-22 14:15:00-04:00;5853.68994140625;5856.009765625;5853.5498046875;5855.89990234375;5855.89990234375;3680438
2024-10-22 14:16:00-04:00;5855.8701171875;5855.8701171875;5855.31982421875;5855.759765625;5855.759765625;2967595
2024-10-22 14:17:00-04:00;5855.72021484375;5856.64990234375;5855.5;5855.9501953125;5855.9501953125;2940369
2024-10-22 14:18:00-04:00;5855.9599609375;5856.56982421875;5855.8701171875;5856.31005859375;5856.31005859375;2515291
2024-10-22 14:19:00-04:00;5856.33984375;5856.33984375;5855.009765625;5855.18017578125;5855.18017578125;2790586
2024-10-22 14:20:00-04:00;5855.22998046875;5855.93994140625;5855.2099609375;5855.7001953125;5855.7001953125;2789245
2024-10-22 14:21:00-04:00;5855.68994140625;5855.75;5854.39013671875;5854.7900390625;5854.7900390625;2841347
2024-10-22 14:22:00-04:00;5854.83984375;5854.91015625;5854.16015625;5854.2998046875;5854.2998046875;2471735
2024-10-22 14:23:00-04:00;5854.47998046875;5855.419921875;5854.47998046875;5855.419921875;5855.419921875;2869508
2024-10-22 14:24:00-04:00;5855.39990234375;5855.97021484375;5854.93017578125;5855.68994140625;5855.68994140625;2770979
2024-10-22 14:25:00-04:00;5855.66015625;5855.66015625;5855.009765625;5855.1201171875;5855.1201171875;2731815
2024-10-22 14:26:00-04:00;5855.10986328125;5855.490234375;5854.97021484375;5855.4501953125;5855.4501953125;2579137
2024-10-22 14:27:00-04:00;5855.47021484375;5855.68017578125;5855.080078125;5855.10986328125;5855.10986328125;2680383
2024-10-22 14:28:00-04:00;5855.0400390625;5855.2900390625;5854.60986328125;5855.10986328125;5855.10986328125;3445631
2024-10-22 14:29:00-04:00;5855.1298828125;5855.27978515625;5854.8798828125;5854.93994140625;5854.93994140625;2505500
2024-10-22 14:30:00-04:00;5854.85986328125;5855.259765625;5854.4599609375;5854.580078125;5854.580078125;2705941
2024-10-22 14:31:00-04:00;5854.56005859375;5854.58984375;5853.83984375;5854.22998046875;5854.22998046875;3638617
2024-10-22 14:32:00-04:00;5854.14990234375;5854.7998046875;5854.14990234375;5854.56005859375;5854.56005859375;3261793
2024-10-22 14:33:00-04:00;5854.5498046875;5854.5498046875;5853.85986328125;5854.08984375;5854.08984375;2516204
2024-10-22 14:34:00-04:00;5854.14990234375;5854.83984375;5853.7998046875;5853.85009765625;5853.85009765625;2584546
2024-10-22 14:35:00-04:00;5853.85009765625;5854.64013671875;5853.85009765625;5854.6298828125;5854.6298828125;2905902
2024-10-22 14:36:00-04:00;5854.60009765625;5854.85986328125;5854.14990234375;5854.31982421875;5854.31982421875;3408530
2024-10-22 14:37:00-04:00;5854.33984375;5854.33984375;5853.06005859375;5853.06005859375;5853.06005859375;2844242
2024-10-22 14:38:00-04:00;5853.08984375;5853.60009765625;5852.9599609375;5853.41015625;5853.41015625;2620401
2024-10-22 14:39:00-04:00;5853.43017578125;5853.5;5852.68017578125;5852.68994140625;5852.68994140625;2591092
2024-10-22 14:40:00-04:00;5852.68994140625;5853.47021484375;5852.68994140625;5853.1201171875;5853.1201171875;3035058
2024-10-22 14:41:00-04:00;5853.10009765625;5853.169921875;5852.10986328125;5852.41015625;5852.41015625;3432536
2024-10-22 14:42:00-04:00;5852.41015625;5852.52978515625;5852.06005859375;5852.1298828125;5852.1298828125;3139685
2024-10-22 14:43:00-04:00;5852.14013671875;5852.14013671875;5851.1298828125;5851.2998046875;5851.2998046875;2943280
2024-10-22 14:44:00-04:00;5851.31982421875;5852.33984375;5851.22021484375;5852.22998046875;5852.22998046875;2856432
2024-10-22 14:45:00-04:00;5852.2900390625;5853.3798828125;5852.27978515625;5853.3798828125;5853.3798828125;3506549
2024-10-22 14:46:00-04:00;5853.39990234375;5853.509765625;5853.14990234375;5853.14990234375;5853.14990234375;3889406
2024-10-22 14:47:00-04:00;5853.10009765625;5853.22998046875;5852.97021484375;5853.0498046875;5853.0498046875;2757849
2024-10-22 14:48:00-04:00;5853.08984375;5853.27978515625;5852.2998046875;5852.509765625;5852.509765625;2645354
2024-10-22 14:49:00-04:00;5852.4599609375;5852.64013671875;5852.259765625;5852.6201171875;5852.6201171875;2374735
2024-10-22 14:50:00-04:00;5852.580078125;5852.75;5852.27001953125;5852.31005859375;5852.31005859375;3363102
2024-10-22 14:51:00-04:00;5852.39990234375;5852.4501953125;5851.5;5851.66015625;5851.66015625;2648465
2024-10-22 14:52:00-04:00;5851.6298828125;5852.169921875;5851.39990234375;5851.39990234375;5851.39990234375;2854793
2024-10-22 14:53:00-04:00;5851.3701171875;5851.39013671875;5850.419921875;5850.85986328125;5850.85986328125;2993823
2024-10-22 14:54:00-04:00;5850.81005859375;5850.8701171875;5850.31982421875;5850.419921875;5850.419921875;3429069
2024-10-22 14:55:00-04:00;5850.419921875;5851.06982421875;5850.259765625;5850.97021484375;5850.97021484375;3152945
2024-10-22 14:56:00-04:00;5850.91015625;5850.91015625;5849.77001953125;5849.830078125;5849.830078125;3263138
2024-10-22 14:57:00-04:00;5849.7998046875;5850.10986328125;5849.52978515625;5850.10986328125;5850.10986328125;2864047
2024-10-22 14:58:00-04:00;5850.18017578125;5850.41015625;5849.83984375;5849.83984375;5849.83984375;3334293
2024-10-22 14:59:00-04:00;5849.830078125;5849.89990234375;5847.39990234375;5848.72998046875;5848.72998046875;5008071
2024-10-22 15:00:00-04:00;5848.7099609375;5848.7099609375;5847.52978515625;5848.009765625;5848.009765625;4106179
2024-10-22 15:01:00-04:00;5847.89013671875;5848.759765625;5847.58984375;5848.72998046875;5848.72998046875;3780960
2024-10-22 15:02:00-04:00;5848.72998046875;5848.93994140625;5848.08984375;5848.56005859375;5848.56005859375;2786868
2024-10-22 15:03:00-04:00;5848.58984375;5849.1201171875;5848.330078125;5849.02978515625;5849.02978515625;2992400
2024-10-22 15:04:00-04:00;5848.9599609375;5849.18994140625;5848.740234375;5849.02978515625;5849.02978515625;3668781
2024-10-22 15:05:00-04:00;5849.14013671875;5850.2099609375;5849.080078125;5849.85009765625;5849.85009765625;3697071
2024-10-22 15:06:00-04:00;5849.72021484375;5849.8701171875;5849.47998046875;5849.5498046875;5849.5498046875;3266382
2024-10-22 15:07:00-04:00;5849.56005859375;5849.9501953125;5849.4501953125;5849.91015625;5849.91015625;3498471
2024-10-22 15:08:00-04:00;5849.8798828125;5850.06005859375;5849.77001953125;5849.83984375;5849.83984375;3698315
2024-10-22 15:09:00-04:00;5849.91015625;5851.25;5849.830078125;5851.240234375;5851.240234375;5561572
2024-10-22 15:10:00-04:00;5851.35009765625;5852.580078125;5851.35009765625;5852.5498046875;5852.5498046875;4114359
2024-10-22 15:11:00-04:00;5852.490234375;5852.72021484375;5852.14990234375;5852.35009765625;5852.35009765625;3841616
2024-10-22 15:12:00-04:00;5852.419921875;5852.68017578125;5852.1201171875;5852.41015625;5852.41015625;4283576
2024-10-22 15:13:00-04:00;5852.3798828125;5852.81982421875;5852.2001953125;5852.64990234375;5852.64990234375;3856551
2024-10-22 15:14:00-04:00;5852.6201171875;5852.8798828125;5852.509765625;5852.75;5852.75;3084581
2024-10-22 15:15:00-04:00;5852.7001953125;5852.990234375;5852.240234375;5852.56982421875;5852.56982421875;3348637
2024-10-22 15:16:00-04:00;5852.47021484375;5853.7001953125;5852.2900390625;5853.7001953125;5853.7001953125;3770427
2024-10-22 15:17:00-04:00;5853.77978515625;5853.93994140625;5853.66015625;5853.830078125;5853.830078125;3056595
2024-10-22 15:18:00-04:00;5854.009765625;5854.740234375;5854.0;5854.1201171875;5854.1201171875;4245421
2024-10-22 15:19:00-04:00;5854.08984375;5854.08984375;5853.419921875;5853.93017578125;5853.93017578125;4033461
2024-10-22 15:20:00-04:00;5853.990234375;5854.06982421875;5853.27001953125;5853.759765625;5853.759765625;3942251
2024-10-22 15:21:00-04:00;5853.77978515625;5854.31982421875;5853.18994140625;5853.18994140625;5853.18994140625;3330210
2024-10-22 15:22:00-04:00;5853.259765625;5853.6298828125;5853.259765625;5853.52978515625;5853.52978515625;3537623
2024-10-22 15:23:00-04:00;5853.5498046875;5853.68994140625;5852.72998046875;5852.919921875;5852.919921875;3539259
2024-10-22 15:24:00-04:00;5852.81982421875;5853.6201171875;5852.81982421875;5853.31005859375;5853.31005859375;3591401
2024-10-22 15:25:00-04:00;5853.259765625;5854.2001953125;5853.08984375;5854.10009765625;5854.10009765625;4714883
2024-10-22 15:26:00-04:00;5854.0400390625;5854.31982421875;5853.7998046875;5853.8798828125;5853.8798828125;3817925
2024-10-22 15:27:00-04:00;5853.8798828125;5854.02978515625;5853.68017578125;5854.02978515625;5854.02978515625;3761346
2024-10-22 15:28:00-04:00;5854.0400390625;5854.16015625;5853.759765625;5854.1298828125;5854.1298828125;4066055
2024-10-22 15:29:00-04:00;5854.18994140625;5854.39013671875;5854.0400390625;5854.35986328125;5854.35986328125;4613168
2024-10-22 15:30:00-04:00;5854.419921875;5856.0;5854.35986328125;5855.93017578125;5855.93017578125;5535401
2024-10-22 15:31:00-04:00;5855.759765625;5856.18994140625;5855.1298828125;5855.5;5855.5;5637146
2024-10-22 15:32:00-04:00;5855.509765625;5855.83984375;5855.259765625;5855.6201171875;5855.6201171875;5003926
2024-10-22 15:33:00-04:00;5855.759765625;5855.7900390625;5855.0498046875;5855.0498046875;5855.0498046875;4847807
2024-10-22 15:34:00-04:00;5855.14990234375;5856.39013671875;5855.06005859375;5856.3798828125;5856.3798828125;4831556
2024-10-22 15:35:00-04:00;5856.35009765625;5857.669921875;5856.22998046875;5857.60986328125;5857.60986328125;5221630
2024-10-22 15:36:00-04:00;5857.68017578125;5858.43994140625;5857.669921875;5857.85009765625;5857.85009765625;5252381
2024-10-22 15:37:00-04:00;5857.830078125;5857.830078125;5856.68994140625;5856.72021484375;5856.72021484375;4655023
2024-10-22 15:38:00-04:00;5856.75;5856.89990234375;5856.3798828125;5856.56005859375;5856.56005859375;4697106
2024-10-22 15:39:00-04:00;5856.490234375;5856.68994140625;5855.02001953125;5855.0498046875;5855.0498046875;5350857
2024-10-22 15:40:00-04:00;5855.08984375;5855.259765625;5854.83984375;5854.85986328125;5854.85986328125;5345735
2024-10-22 15:41:00-04:00;5854.8798828125;5854.97021484375;5854.14013671875;5854.97021484375;5854.97021484375;5116775
2024-10-22 15:42:00-04:00;5854.9599609375;5855.740234375;5854.93994140625;5855.47021484375;5855.47021484375;4851978
2024-10-22 15:43:00-04:00;5855.47021484375;5856.259765625;5855.1201171875;5856.259765625;5856.259765625;5034178
2024-10-22 15:44:00-04:00;5856.27001953125;5856.39013671875;5855.89013671875;5856.27001953125;5856.27001953125;5739857
2024-10-22 15:45:00-04:00;5856.25;5856.56005859375;5855.7900390625;5856.47998046875;5856.47998046875;6651720
2024-10-22 15:46:00-04:00;5856.60986328125;5857.43017578125;5856.330078125;5857.43017578125;5857.43017578125;6425303
2024-10-22 15:47:00-04:00;5857.3701171875;5858.27001953125;5857.240234375;5858.02978515625;5858.02978515625;6703185
2024-10-22 15:48:00-04:00;5858.18017578125;5859.169921875;5857.7998046875;5859.169921875;5859.169921875;7066492
2024-10-22 15:49:00-04:00;5859.22998046875;5860.3701171875;5857.490234375;5857.490234375;5857.490234375;7955492
2024-10-22 15:50:00-04:00;5857.47998046875;5857.64013671875;5855.0498046875;5855.66015625;5855.66015625;13266001
2024-10-22 15:51:00-04:00;5855.64013671875;5857.06982421875;5855.52978515625;5855.89990234375;5855.89990234375;11038720
2024-10-22 15:52:00-04:00;5855.83984375;5857.35986328125;5855.83984375;5857.35986328125;5857.35986328125;9853671
2024-10-22 15:53:00-04:00;5857.330078125;5859.2099609375;5857.330078125;5858.97998046875;5858.97998046875;12710394
2024-10-22 15:54:00-04:00;5859.02978515625;5859.52978515625;5858.3798828125;5858.93017578125;5858.93017578125;14229376
2024-10-22 15:55:00-04:00;5858.8798828125;5858.8798828125;5857.5498046875;5857.9501953125;5857.9501953125;19852965
2024-10-22 15:56:00-04:00;5858.009765625;5858.009765625;5856.77001953125;5856.97021484375;5856.97021484375;17772741
2024-10-22 15:57:00-04:00;5856.97021484375;5856.97021484375;5855.5;5856.02978515625;5856.02978515625;19753738
2024-10-22 15:58:00-04:00;5855.97021484375;5856.27978515625;5853.81005859375;5853.81005859375;5853.81005859375;22978661
2024-10-22 15:59:00-04:00;5853.64013671875;5853.64013671875;5850.6298828125;5851.08984375;5851.08984375;23139107
