Datetime;Open;High;Low;Close;Adj Close;Volume
2024-10-08 09:30:00-04:00;5719.14013671875;5723.31005859375;5719.14013671875;5720.8798828125;5720.8798828125;0
2024-10-08 09:31:00-04:00;5721.06005859375;5721.85009765625;5719.39013671875;5720.83984375;5720.83984375;12205791
2024-10-08 09:32:00-04:00;5720.60009765625;5724.39013671875;5720.5;5720.89990234375;5720.89990234375;12545602
2024-10-08 09:33:00-04:00;5720.75;5721.10009765625;5717.77001953125;5718.22021484375;5718.22021484375;10741123
2024-10-08 09:34:00-04:00;5718.080078125;5718.64013671875;5716.330078125;5717.68994140625;5717.68994140625;12475390
2024-10-08 09:35:00-04:00;5717.43017578125;5717.43017578125;5715.72998046875;5717.35986328125;5717.35986328125;10034757
2024-10-08 09:36:00-04:00;5717.64990234375;5720.52001953125;5717.64990234375;5718.490234375;5718.490234375;9768017
2024-10-08 09:37:00-04:00;5718.43994140625;5720.7001953125;5718.43994140625;5719.3798828125;5719.3798828125;10699518
2024-10-08 09:38:00-04:00;5719.330078125;5719.47998046875;5716.990234375;5717.580078125;5717.580078125;8639511
2024-10-08 09:39:00-04:00;5717.6298828125;5717.6298828125;5716.009765625;5716.25;5716.25;7611612
2024-10-08 09:40:00-04:00;5716.2998046875;5716.89990234375;5714.7998046875;5716.89013671875;5716.89013671875;8315738
2024-10-08 09:41:00-04:00;5717.31982421875;5719.1298828125;5717.31982421875;5718.8798828125;5718.8798828125;7619218
2024-10-08 09:42:00-04:00;5718.93017578125;5721.14990234375;5718.93017578125;5720.72021484375;5720.72021484375;7184470
2024-10-08 09:43:00-04:00;5720.72021484375;5720.990234375;5716.85986328125;5717.16015625;5717.16015625;6778003
2024-10-08 09:44:00-04:00;5717.08984375;5718.9501953125;5716.22021484375;5718.72998046875;5718.72998046875;6986581
2024-10-08 09:45:00-04:00;5718.85009765625;5719.5498046875;5715.43994140625;5716.16015625;5716.16015625;8373055
2024-10-08 09:46:00-04:00;5716.06005859375;5717.10986328125;5714.56005859375;5717.10986328125;5717.10986328125;8700086
2024-10-08 09:47:00-04:00;5717.14013671875;5717.60009765625;5716.5498046875;5717.16015625;5717.16015625;6610265
2024-10-08 09:48:00-04:00;5717.22021484375;5718.22021484375;5716.259765625;5717.77978515625;5717.77978515625;6572354
2024-10-08 09:49:00-04:00;5717.7998046875;5720.1298828125;5717.31005859375;5720.1298828125;5720.1298828125;6244117
2024-10-08 09:50:00-04:00;5720.06005859375;5720.33984375;5716.77978515625;5718.169921875;5718.169921875;6463727
2024-10-08 09:51:00-04:00;5718.27978515625;5719.27001953125;5716.35009765625;5718.3798828125;5718.3798828125;6924365
2024-10-08 09:52:00-04:00;5718.35009765625;5720.14990234375;5718.1201171875;5720.0;5720.0;5967805
2024-10-08 09:53:00-04:00;5720.080078125;5721.47021484375;5720.080078125;5721.10009765625;5721.10009765625;7683337
2024-10-08 09:54:00-04:00;5721.08984375;5724.68994140625;5720.27001953125;5723.97021484375;5723.97021484375;7144764
2024-10-08 09:55:00-04:00;5724.10009765625;5725.1201171875;5722.6298828125;5725.10986328125;5725.10986328125;5547373
2024-10-08 09:56:00-04:00;5725.259765625;5726.14013671875;5724.5498046875;5725.02978515625;5725.02978515625;0
2024-10-08 09:57:00-04:00;5725.9501953125;5726.7001953125;5725.919921875;5726.10009765625;5726.10009765625;299140098
2024-10-08 09:58:00-04:00;5726.25;5727.39990234375;5725.330078125;5725.89990234375;5725.89990234375;5456809
2024-10-08 09:59:00-04:00;5726.2998046875;5727.14990234375;5725.93994140625;5726.990234375;5726.990234375;5427093
2024-10-08 10:00:00-04:00;5727.259765625;5732.31982421875;5727.259765625;5732.22998046875;5732.22998046875;12439093
2024-10-08 10:01:00-04:00;5732.52978515625;5733.60009765625;5731.25;5732.759765625;5732.759765625;8001728
2024-10-08 10:02:00-04:00;5732.6201171875;5733.4501953125;5730.72021484375;5730.72021484375;5730.72021484375;7597340
2024-10-08 10:03:00-04:00;5730.740234375;5731.5400390625;5729.7001953125;5731.52001953125;5731.52001953125;6848775
2024-10-08 10:04:00-04:00;5731.5400390625;5732.66015625;5731.5400390625;5732.1201171875;5732.1201171875;7411956
2024-10-08 10:05:00-04:00;5732.0498046875;5733.33984375;5731.7099609375;5732.75;5732.75;7503442
2024-10-08 10:06:00-04:00;5732.759765625;5733.10009765625;5729.3798828125;5730.43017578125;5730.43017578125;6976153
2024-10-08 10:07:00-04:00;5730.64990234375;5731.2099609375;5729.990234375;5730.25;5730.25;5691711
2024-10-08 10:08:00-04:00;5729.8798828125;5731.5400390625;5729.56982421875;5730.31982421875;5730.31982421875;6154440
2024-10-08 10:09:00-04:00;5730.3701171875;5731.759765625;5730.3701171875;5730.8701171875;5730.8701171875;6386247
2024-10-08 10:10:00-04:00;5730.740234375;5731.39013671875;5728.91015625;5728.91015625;5728.91015625;5995691
2024-10-08 10:11:00-04:00;5728.7900390625;5729.81005859375;5727.1298828125;5728.93994140625;5728.93994140625;9157371
2024-10-08 10:12:00-04:00;5728.91015625;5729.52978515625;5727.509765625;5728.2001953125;5728.2001953125;6058329
2024-10-08 10:13:00-04:00;5728.169921875;5729.0;5726.759765625;5726.830078125;5726.830078125;4632189
2024-10-08 10:14:00-04:00;5727.0;5728.22021484375;5725.10986328125;5725.669921875;5725.669921875;5282779
2024-10-08 10:15:00-04:00;5725.740234375;5726.16015625;5724.080078125;5724.080078125;5724.080078125;6214749
2024-10-08 10:16:00-04:00;5724.0498046875;5727.080078125;5724.0498046875;5726.919921875;5726.919921875;4812713
2024-10-08 10:17:00-04:00;5727.02978515625;5727.080078125;5725.0498046875;5726.740234375;5726.740234375;5112802
2024-10-08 10:18:00-04:00;5726.6298828125;5727.10009765625;5726.33984375;5726.919921875;5726.919921875;5226877
2024-10-08 10:19:00-04:00;5726.8798828125;5727.7998046875;5726.10986328125;5727.18017578125;5727.18017578125;6295909
2024-10-08 10:20:00-04:00;5727.2001953125;5727.81982421875;5725.6298828125;5727.81982421875;5727.81982421875;5527485
2024-10-08 10:21:00-04:00;5727.830078125;5728.08984375;5725.43017578125;5727.02001953125;5727.02001953125;5217037
2024-10-08 10:22:00-04:00;5727.3798828125;5727.4599609375;5725.3798828125;5726.5400390625;5726.5400390625;5809003
2024-10-08 10:23:00-04:00;5726.580078125;5728.2001953125;5726.4599609375;5728.16015625;5728.16015625;5295491
2024-10-08 10:24:00-04:00;5728.080078125;5728.7998046875;5726.080078125;5726.169921875;5726.169921875;4731622
2024-10-08 10:25:00-04:00;5726.18994140625;5728.240234375;5725.5400390625;5727.990234375;5727.990234375;4759182
2024-10-08 10:26:00-04:00;5728.0498046875;5729.77001953125;5728.0498046875;5729.47998046875;5729.47998046875;4980306
2024-10-08 10:27:00-04:00;5729.509765625;5730.169921875;5728.25;5728.91015625;5728.91015625;4316952
2024-10-08 10:28:00-04:00;5728.759765625;5729.52978515625;5728.41015625;5729.27001953125;5729.27001953125;3994873
2024-10-08 10:29:00-04:00;5729.2900390625;5729.419921875;5728.60986328125;5729.27001953125;5729.27001953125;4544926
2024-10-08 10:30:00-04:00;5729.2998046875;5730.7900390625;5728.06982421875;5730.740234375;5730.740234375;5830988
2024-10-08 10:31:00-04:00;5730.740234375;5730.740234375;5729.080078125;5730.72021484375;5730.72021484375;4282516
2024-10-08 10:32:00-04:00;5730.56005859375;5731.06982421875;5729.68017578125;5730.06005859375;5730.06005859375;4654025
2024-10-08 10:33:00-04:00;5730.06982421875;5730.06982421875;5728.669921875;5729.14990234375;5729.14990234375;3893489
2024-10-08 10:34:00-04:00;5729.009765625;5731.89013671875;5728.64990234375;5731.2998046875;5731.2998046875;5315315
2024-10-08 10:35:00-04:00;5731.2099609375;5731.93017578125;5729.93017578125;5729.990234375;5729.990234375;5388715
2024-10-08 10:36:00-04:00;5730.0400390625;5731.669921875;5729.97998046875;5731.169921875;5731.169921875;4251261
2024-10-08 10:37:00-04:00;5730.93994140625;5731.4501953125;5729.60986328125;5730.10986328125;5730.10986328125;4509704
2024-10-08 10:38:00-04:00;5730.02001953125;5730.85009765625;5729.9501953125;5730.56982421875;5730.56982421875;3680298
2024-10-08 10:39:00-04:00;5730.5400390625;5731.52978515625;5730.240234375;5730.60986328125;5730.60986328125;4010203
2024-10-08 10:40:00-04:00;5730.56982421875;5732.0;5730.259765625;5731.68994140625;5731.68994140625;4233913
2024-10-08 10:41:00-04:00;5731.60009765625;5731.759765625;5730.60986328125;5731.16015625;5731.16015625;4994580
2024-10-08 10:42:00-04:00;5731.18017578125;5741.490234375;5731.18017578125;5741.490234375;5741.490234375;6027094
2024-10-08 10:43:00-04:00;5742.330078125;5743.75;5734.47998046875;5737.0;5737.0;17703835
2024-10-08 10:44:00-04:00;5737.10009765625;5738.93994140625;5737.02978515625;5738.830078125;5738.830078125;6310525
2024-10-08 10:45:00-04:00;5738.93017578125;5739.64990234375;5738.47998046875;5739.39990234375;5739.39990234375;6602722
2024-10-08 10:46:00-04:00;5739.64013671875;5743.2001953125;5739.64013671875;5743.2001953125;5743.2001953125;5956397
2024-10-08 10:47:00-04:00;5743.5;5745.080078125;5743.5;5744.31982421875;5744.31982421875;6172831
2024-10-08 10:48:00-04:00;5744.43994140625;5744.93994140625;5741.740234375;5742.31982421875;5742.31982421875;5023679
2024-10-08 10:49:00-04:00;5742.2900390625;5742.43017578125;5741.080078125;5741.22998046875;5741.22998046875;4189755
2024-10-08 10:50:00-04:00;5741.22021484375;5741.68017578125;5739.5400390625;5739.81005859375;5739.81005859375;4970266
2024-10-08 10:51:00-04:00;5739.7900390625;5739.7998046875;5738.35986328125;5739.1201171875;5739.1201171875;4587460
2024-10-08 10:52:00-04:00;5739.06982421875;5740.64013671875;5738.77978515625;5740.64013671875;5740.64013671875;4039426
2024-10-08 10:53:00-04:00;5740.60009765625;5741.72998046875;5740.16015625;5740.5498046875;5740.5498046875;4515922
2024-10-08 10:54:00-04:00;5740.58984375;5740.6298828125;5738.16015625;5738.7900390625;5738.7900390625;4701381
2024-10-08 10:55:00-04:00;5738.81982421875;5740.66015625;5738.259765625;5740.39990234375;5740.39990234375;4523192
2024-10-08 10:56:00-04:00;5740.35009765625;5740.89013671875;5737.52978515625;5738.47998046875;5738.47998046875;5023851
2024-10-08 10:57:00-04:00;5738.56982421875;5739.5400390625;5738.56982421875;5738.8798828125;5738.8798828125;3776924
2024-10-08 10:58:00-04:00;5738.64990234375;5739.66015625;5737.89013671875;5739.66015625;5739.66015625;3613937
2024-10-08 10:59:00-04:00;5739.68994140625;5741.16015625;5738.64013671875;5738.9599609375;5738.9599609375;4733547
2024-10-08 11:00:00-04:00;5738.60009765625;5741.60986328125;5738.60009765625;5741.43994140625;5741.43994140625;4816921
2024-10-08 11:01:00-04:00;5741.419921875;5741.419921875;5739.4501953125;5739.7900390625;5739.7900390625;3996737
2024-10-08 11:02:00-04:00;5739.81005859375;5741.169921875;5739.81005859375;5741.10009765625;5741.10009765625;3658361
2024-10-08 11:03:00-04:00;5741.10986328125;5741.2998046875;5740.52001953125;5740.91015625;5740.91015625;3853203
2024-10-08 11:04:00-04:00;5740.7998046875;5741.27978515625;5740.0;5740.60986328125;5740.60986328125;4794174
2024-10-08 11:05:00-04:00;5740.5400390625;5740.58984375;5739.6298828125;5740.1201171875;5740.1201171875;4525715
2024-10-08 11:06:00-04:00;5740.02978515625;5740.31982421875;5739.02978515625;5740.0400390625;5740.0400390625;4623120
2024-10-08 11:07:00-04:00;5739.990234375;5740.81005859375;5739.81005859375;5740.35986328125;5740.35986328125;4753265
2024-10-08 11:08:00-04:00;5740.3798828125;5740.93017578125;5739.93994140625;5739.93994140625;5739.93994140625;3324242
2024-10-08 11:09:00-04:00;5740.02001953125;5740.10009765625;5739.10986328125;5739.330078125;5739.330078125;3163742
2024-10-08 11:10:00-04:00;5739.330078125;5739.490234375;5738.35986328125;5738.35986328125;5738.35986328125;4602167
2024-10-08 11:11:00-04:00;5738.2900390625;5738.89990234375;5736.169921875;5736.330078125;5736.330078125;5293376
2024-10-08 11:12:00-04:00;5736.5498046875;5737.5400390625;5736.14990234375;5737.10986328125;5737.10986328125;4942681
2024-10-08 11:13:00-04:00;5737.25;5737.56982421875;5736.43994140625;5736.5400390625;5736.5400390625;3697952
2024-10-08 11:14:00-04:00;5736.6201171875;5736.7998046875;5735.39013671875;5736.64990234375;5736.64990234375;4282134
2024-10-08 11:15:00-04:00;5736.35986328125;5736.35986328125;5734.4599609375;5734.740234375;5734.740234375;4546222
2024-10-08 11:16:00-04:00;5734.7900390625;5736.009765625;5733.490234375;5736.009765625;5736.009765625;4190415
2024-10-08 11:17:00-04:00;5736.02001953125;5736.35986328125;5735.580078125;5735.89013671875;5735.89013671875;3477050
2024-10-08 11:18:00-04:00;5735.83984375;5736.68017578125;5735.5400390625;5736.080078125;5736.080078125;4299476
2024-10-08 11:19:00-04:00;5735.83984375;5736.08984375;5735.43994140625;5735.97998046875;5735.97998046875;3408212
2024-10-08 11:20:00-04:00;5735.8798828125;5737.77978515625;5735.68994140625;5737.77978515625;5737.77978515625;4633418
2024-10-08 11:21:00-04:00;5737.85986328125;5738.89990234375;5737.3798828125;5738.89990234375;5738.89990234375;4206758
2024-10-08 11:22:00-04:00;5739.06005859375;5739.259765625;5738.580078125;5739.259765625;5739.259765625;3478897
2024-10-08 11:23:00-04:00;5739.2099609375;5739.490234375;5738.64013671875;5738.7998046875;5738.7998046875;3814316
2024-10-08 11:24:00-04:00;5738.85009765625;5738.85009765625;5735.52978515625;5735.64990234375;5735.64990234375;5925348
2024-10-08 11:25:00-04:00;5735.64013671875;5737.0498046875;5735.64013671875;5735.93994140625;5735.93994140625;4144144
2024-10-08 11:26:00-04:00;5735.7900390625;5738.259765625;5735.4599609375;5737.89013671875;5737.89013671875;4375056
2024-10-08 11:27:00-04:00;5737.85986328125;5738.72998046875;5737.56005859375;5738.43994140625;5738.43994140625;3859640
2024-10-08 11:28:00-04:00;5738.4599609375;5738.580078125;5738.06005859375;5738.43017578125;5738.43017578125;3114932
2024-10-08 11:29:00-04:00;5738.490234375;5739.39013671875;5738.490234375;5738.81005859375;5738.81005859375;3511310
2024-10-08 11:30:00-04:00;5738.81982421875;5740.39990234375;5738.81982421875;5740.06005859375;5740.06005859375;4120550
2024-10-08 11:31:00-04:00;5740.06982421875;5740.4501953125;5739.93017578125;5739.93994140625;5739.93994140625;3745149
2024-10-08 11:32:00-04:00;5740.18017578125;5740.18017578125;5737.93994140625;5739.33984375;5739.33984375;3737854
2024-10-08 11:33:00-04:00;5739.35009765625;5740.33984375;5739.35009765625;5739.47998046875;5739.47998046875;3385754
2024-10-08 11:34:00-04:00;5739.47998046875;5739.47998046875;5738.14013671875;5738.22998046875;5738.22998046875;3018276
2024-10-08 11:35:00-04:00;5738.10986328125;5738.4599609375;5737.4599609375;5737.5;5737.5;3227449
2024-10-08 11:36:00-04:00;5737.52001953125;5738.31005859375;5737.43994140625;5737.7001953125;5737.7001953125;3078395
2024-10-08 11:37:00-04:00;5737.68994140625;5738.72021484375;5737.68994140625;5738.6298828125;5738.6298828125;3120359
2024-10-08 11:38:00-04:00;5738.66015625;5739.2099609375;5738.66015625;5738.830078125;5738.830078125;3264491
2024-10-08 11:39:00-04:00;5738.85009765625;5739.06982421875;5738.43994140625;5738.43994140625;5738.43994140625;3043761
2024-10-08 11:40:00-04:00;5738.419921875;5739.08984375;5738.419921875;5738.740234375;5738.740234375;3056680
2024-10-08 11:41:00-04:00;5738.8798828125;5739.68017578125;5738.7001953125;5739.2900390625;5739.2900390625;2796514
2024-10-08 11:42:00-04:00;5739.27978515625;5740.1201171875;5739.27978515625;5739.93017578125;5739.93017578125;3445498
2024-10-08 11:43:00-04:00;5739.93994140625;5740.16015625;5739.43017578125;5740.1298828125;5740.1298828125;2950724
2024-10-08 11:44:00-04:00;5740.14013671875;5740.14013671875;5739.39013671875;5739.5;5739.5;3048178
2024-10-08 11:45:00-04:00;5739.47998046875;5740.509765625;5739.47998046875;5740.240234375;5740.240234375;5662481
2024-10-08 11:46:00-04:00;5741.009765625;5741.169921875;5740.990234375;5741.0;5741.0;1286591
2024-10-08 11:47:00-04:00;5740.990234375;5741.52001953125;5740.5;5740.52978515625;5740.52978515625;3477268
2024-10-08 11:48:00-04:00;5740.56005859375;5740.72998046875;5739.0498046875;5739.0498046875;5739.0498046875;3154443
2024-10-08 11:49:00-04:00;5739.16015625;5739.35009765625;5738.83984375;5739.06005859375;5739.06005859375;3211128
2024-10-08 11:50:00-04:00;5739.1201171875;5741.259765625;5739.1201171875;5740.9599609375;5740.9599609375;4348605
2024-10-08 11:51:00-04:00;5741.0;5741.7998046875;5740.72021484375;5741.5498046875;5741.5498046875;2839017
2024-10-08 11:52:00-04:00;5741.5498046875;5741.93994140625;5741.490234375;5741.93994140625;5741.93994140625;2845047
2024-10-08 11:53:00-04:00;5741.97021484375;5742.419921875;5741.43994140625;5742.259765625;5742.259765625;3044611
2024-10-08 11:54:00-04:00;5742.22998046875;5742.81982421875;5741.47998046875;5742.77978515625;5742.77978515625;2955218
2024-10-08 11:55:00-04:00;5742.7001953125;5743.08984375;5742.18994140625;5742.93017578125;5742.93017578125;3427885
2024-10-08 11:56:00-04:00;5742.85986328125;5743.27001953125;5742.64990234375;5742.85009765625;5742.85009765625;2532789
2024-10-08 11:57:00-04:00;5742.8701171875;5742.8701171875;5740.4599609375;5741.419921875;5741.419921875;3613024
2024-10-08 11:58:00-04:00;5741.4599609375;5741.7900390625;5741.41015625;5741.759765625;5741.759765625;2665262
2024-10-08 11:59:00-04:00;5741.89013671875;5742.7099609375;5741.85009765625;5742.490234375;5742.490234375;3530886
2024-10-08 12:00:00-04:00;5742.3701171875;5742.3701171875;5741.2001953125;5741.58984375;5741.58984375;3081657
2024-10-08 12:01:00-04:00;5741.58984375;5743.16015625;5737.35986328125;5738.3701171875;5738.3701171875;5879119
2024-10-08 12:02:00-04:00;5738.4501953125;5739.91015625;5738.4501953125;5739.22021484375;5739.22021484375;3376381
2024-10-08 12:03:00-04:00;5739.14990234375;5739.60986328125;5738.89990234375;5739.08984375;5739.08984375;2408439
2024-10-08 12:04:00-04:00;5739.1201171875;5739.35986328125;5737.81982421875;5738.02978515625;5738.02978515625;3208457
2024-10-08 12:05:00-04:00;5738.0498046875;5738.3798828125;5737.43017578125;5737.97998046875;5737.97998046875;4054563
2024-10-08 12:06:00-04:00;5738.10986328125;5739.35986328125;5736.56005859375;5737.31005859375;5737.31005859375;4508593
2024-10-08 12:07:00-04:00;5737.31982421875;5737.77001953125;5736.43017578125;5737.1298828125;5737.1298828125;2769951
2024-10-08 12:08:00-04:00;5737.08984375;5737.08984375;5734.56982421875;5735.06005859375;5735.06005859375;3967493
2024-10-08 12:09:00-04:00;5735.18994140625;5736.89990234375;5734.990234375;5736.7001953125;5736.7001953125;4199465
2024-10-08 12:10:00-04:00;5736.9599609375;5738.9501953125;5736.8701171875;5738.89990234375;5738.89990234375;3504676
2024-10-08 12:11:00-04:00;5738.81005859375;5739.41015625;5738.81005859375;5739.14990234375;5739.14990234375;2734570
2024-10-08 12:12:00-04:00;5739.16015625;5739.5;5738.60009765625;5738.64990234375;5738.64990234375;3019810
2024-10-08 12:13:00-04:00;5738.580078125;5738.66015625;5738.02001953125;5738.0498046875;5738.0498046875;2979745
2024-10-08 12:14:00-04:00;5737.77978515625;5738.669921875;5737.77978515625;5737.8701171875;5737.8701171875;3249568
2024-10-08 12:15:00-04:00;5737.81982421875;5737.81982421875;5736.56005859375;5736.60009765625;5736.60009765625;3004474
2024-10-08 12:16:00-04:00;5736.5498046875;5736.759765625;5736.06005859375;5736.64013671875;5736.64013671875;2222935
2024-10-08 12:17:00-04:00;5736.6201171875;5738.080078125;5736.6201171875;5737.68994140625;5737.68994140625;3182998
2024-10-08 12:18:00-04:00;5737.6298828125;5738.33984375;5737.6298828125;5738.08984375;5738.08984375;2374338
2024-10-08 12:19:00-04:00;5738.14013671875;5738.490234375;5738.06982421875;5738.27001953125;5738.27001953125;2807560
2024-10-08 12:20:00-04:00;5738.27001953125;5738.47021484375;5737.60986328125;5737.81982421875;5737.81982421875;2559295
2024-10-08 12:21:00-04:00;5737.91015625;5738.990234375;5737.91015625;5738.81005859375;5738.81005859375;2151117
2024-10-08 12:22:00-04:00;5738.990234375;5738.990234375;5738.1298828125;5738.56982421875;5738.56982421875;2180495
2024-10-08 12:23:00-04:00;5738.56005859375;5738.66015625;5737.97998046875;5738.06982421875;5738.06982421875;2088585
2024-10-08 12:24:00-04:00;5738.0498046875;5738.080078125;5737.27978515625;5737.31005859375;5737.31005859375;2321123
2024-10-08 12:25:00-04:00;5737.2900390625;5738.080078125;5737.259765625;5737.93994140625;5737.93994140625;2619575
2024-10-08 12:26:00-04:00;5737.89990234375;5738.60986328125;5737.89990234375;5738.4501953125;5738.4501953125;2714882
2024-10-08 12:27:00-04:00;5738.419921875;5740.60009765625;5738.419921875;5740.43017578125;5740.43017578125;3635013
2024-10-08 12:28:00-04:00;5740.4501953125;5741.1201171875;5740.10986328125;5740.1298828125;5740.1298828125;3201812
2024-10-08 12:29:00-04:00;5740.080078125;5740.740234375;5739.91015625;5740.5498046875;5740.5498046875;2412325
2024-10-08 12:30:00-04:00;5740.56005859375;5740.580078125;5739.64013671875;5739.75;5739.75;2844720
2024-10-08 12:31:00-04:00;5739.7900390625;5740.1201171875;5739.43017578125;5739.58984375;5739.58984375;2439573
2024-10-08 12:32:00-04:00;5739.669921875;5740.18017578125;5739.47998046875;5739.66015625;5739.66015625;3059805
2024-10-08 12:33:00-04:00;5739.66015625;5740.39013671875;5739.66015625;5740.009765625;5740.009765625;2412007
2024-10-08 12:34:00-04:00;5739.97998046875;5740.080078125;5739.66015625;5740.080078125;5740.080078125;2638214
2024-10-08 12:35:00-04:00;5740.06005859375;5741.27001953125;5740.009765625;5741.22998046875;5741.22998046875;3502024
2024-10-08 12:36:00-04:00;5741.18994140625;5741.490234375;5740.18017578125;5740.77978515625;5740.77978515625;3666535
2024-10-08 12:37:00-04:00;5740.8701171875;5742.5498046875;5740.8701171875;5742.419921875;5742.419921875;3538371
2024-10-08 12:38:00-04:00;5742.39013671875;5742.39013671875;5740.9501953125;5741.009765625;5741.009765625;2587744
2024-10-08 12:39:00-04:00;5740.9501953125;5741.02001953125;5740.419921875;5740.6201171875;5740.6201171875;3230797
2024-10-08 12:40:00-04:00;5740.8798828125;5741.8798828125;5740.8798828125;5741.81005859375;5741.81005859375;3753077
2024-10-08 12:41:00-04:00;5741.8701171875;5741.8701171875;5741.1201171875;5741.259765625;5741.259765625;2528819
2024-10-08 12:42:00-04:00;5741.31005859375;5741.5400390625;5741.22998046875;5741.2900390625;5741.2900390625;2929156
2024-10-08 12:43:00-04:00;5741.240234375;5741.27001953125;5740.75;5740.919921875;5740.919921875;2638003
2024-10-08 12:44:00-04:00;5740.93994140625;5741.2099609375;5740.330078125;5740.4501953125;5740.4501953125;2342460
2024-10-08 12:45:00-04:00;5740.490234375;5741.580078125;5740.490234375;5741.5498046875;5741.5498046875;2652232
2024-10-08 12:46:00-04:00;5741.58984375;5741.8798828125;5741.490234375;5741.5498046875;5741.5498046875;2304438
2024-10-08 12:47:00-04:00;5741.5;5741.669921875;5740.419921875;5740.580078125;5740.580078125;2911866
2024-10-08 12:48:00-04:00;5740.60986328125;5740.60986328125;5737.919921875;5738.93017578125;5738.93017578125;4332461
2024-10-08 12:49:00-04:00;5739.06005859375;5739.39990234375;5737.009765625;5737.9599609375;5737.9599609375;3116399
2024-10-08 12:50:00-04:00;5737.97998046875;5738.169921875;5737.18994140625;5737.490234375;5737.490234375;2684137
2024-10-08 12:51:00-04:00;5737.02978515625;5737.7998046875;5737.02978515625;5737.56982421875;5737.56982421875;2065832
2024-10-08 12:52:00-04:00;5737.27978515625;5737.77001953125;5737.18994140625;5737.490234375;5737.490234375;2194150
2024-10-08 12:53:00-04:00;5737.41015625;5738.7099609375;5737.41015625;5738.47998046875;5738.47998046875;2477640
2024-10-08 12:54:00-04:00;5738.509765625;5739.68017578125;5738.509765625;5739.39013671875;5739.39013671875;2368681
2024-10-08 12:55:00-04:00;5739.35986328125;5739.52978515625;5739.1201171875;5739.52978515625;5739.52978515625;2303128
2024-10-08 12:56:00-04:00;5739.43994140625;5739.47998046875;5738.7099609375;5739.169921875;5739.169921875;2366453
2024-10-08 12:57:00-04:00;5739.169921875;5739.68017578125;5739.0400390625;5739.33984375;5739.33984375;2304046
2024-10-08 12:58:00-04:00;5739.35986328125;5739.35986328125;5738.75;5738.830078125;5738.830078125;2327643
2024-10-08 12:59:00-04:00;5738.830078125;5739.27978515625;5738.669921875;5738.72998046875;5738.72998046875;2791548
2024-10-08 13:00:00-04:00;5738.72998046875;5739.7001953125;5738.18017578125;5739.580078125;5739.580078125;3165054
2024-10-08 13:01:00-04:00;5739.41015625;5739.41015625;5738.4599609375;5738.47998046875;5738.47998046875;1831473
2024-10-08 13:02:00-04:00;5738.52978515625;5738.56005859375;5737.77978515625;5737.77978515625;5737.77978515625;2514818
2024-10-08 13:03:00-04:00;5737.77001953125;5737.77001953125;5735.830078125;5735.8701171875;5735.8701171875;3007397
2024-10-08 13:04:00-04:00;5735.83984375;5736.25;5735.0400390625;5735.0498046875;5735.0498046875;3051351
2024-10-08 13:05:00-04:00;5735.14013671875;5735.35986328125;5731.27978515625;5731.27978515625;5731.27978515625;4874038
2024-10-08 13:06:00-04:00;5731.2900390625;5733.89013671875;5731.2900390625;5733.83984375;5733.83984375;3294152
2024-10-08 13:07:00-04:00;5733.89013671875;5734.64013671875;5733.3798828125;5734.009765625;5734.009765625;3191551
2024-10-08 13:08:00-04:00;5734.009765625;5734.10986328125;5728.47998046875;5728.97021484375;5728.97021484375;4786708
2024-10-08 13:09:00-04:00;5729.08984375;5729.08984375;5726.56005859375;5728.08984375;5728.08984375;4772087
2024-10-08 13:10:00-04:00;5728.1298828125;5729.02978515625;5726.93017578125;5727.4501953125;5727.4501953125;4201760
2024-10-08 13:11:00-04:00;5727.39013671875;5728.22021484375;5726.8798828125;5727.919921875;5727.919921875;3430331
2024-10-08 13:12:00-04:00;5727.990234375;5731.75;5727.990234375;5731.7099609375;5731.7099609375;4077195
2024-10-08 13:13:00-04:00;5731.56982421875;5732.3798828125;5730.669921875;5730.919921875;5730.919921875;3059515
2024-10-08 13:14:00-04:00;5730.9599609375;5732.740234375;5730.81982421875;5732.7099609375;5732.7099609375;2678910
2024-10-08 13:15:00-04:00;5732.77001953125;5732.81005859375;5731.1298828125;5731.31005859375;5731.31005859375;3605042
2024-10-08 13:16:00-04:00;5731.10986328125;5731.31982421875;5728.759765625;5730.1201171875;5730.1201171875;2890341
2024-10-08 13:17:00-04:00;5730.1201171875;5730.1201171875;5728.56982421875;5728.56982421875;5728.56982421875;2702056
2024-10-08 13:18:00-04:00;5728.5498046875;5730.22021484375;5728.3798828125;5729.830078125;5729.830078125;3056461
2024-10-08 13:19:00-04:00;5729.81005859375;5730.52001953125;5729.72021484375;5730.4599609375;5730.4599609375;2505428
2024-10-08 13:20:00-04:00;5730.47021484375;5731.31982421875;5730.27978515625;5730.89990234375;5730.89990234375;2395092
2024-10-08 13:21:00-04:00;5730.7998046875;5732.27978515625;5730.7998046875;5731.93017578125;5731.93017578125;3992690
2024-10-08 13:22:00-04:00;5731.9501953125;5732.06982421875;5731.2900390625;5731.4501953125;5731.4501953125;2866332
2024-10-08 13:23:00-04:00;5731.5;5732.6298828125;5731.35986328125;5732.6298828125;5732.6298828125;2925891
2024-10-08 13:24:00-04:00;5732.669921875;5733.27001953125;5732.669921875;5733.22998046875;5733.22998046875;2949837
2024-10-08 13:25:00-04:00;5733.169921875;5733.3701171875;5732.72021484375;5733.35986328125;5733.35986328125;2543479
2024-10-08 13:26:00-04:00;5733.35009765625;5734.27978515625;5733.16015625;5733.2001953125;5733.2001953125;2970698
2024-10-08 13:27:00-04:00;5733.259765625;5733.990234375;5733.259765625;5733.52001953125;5733.52001953125;2220370
2024-10-08 13:28:00-04:00;5733.580078125;5733.68017578125;5732.6298828125;5733.3798828125;5733.3798828125;2632421
2024-10-08 13:29:00-04:00;5733.330078125;5733.6201171875;5732.6201171875;5733.1201171875;5733.1201171875;2505879
2024-10-08 13:30:00-04:00;5733.1201171875;5733.14013671875;5731.81982421875;5732.22021484375;5732.22021484375;2809170
2024-10-08 13:31:00-04:00;5732.240234375;5733.06982421875;5732.240234375;5732.7998046875;5732.7998046875;2403046
2024-10-08 13:32:00-04:00;5732.93017578125;5733.06982421875;5732.4599609375;5732.60009765625;5732.60009765625;1915645
2024-10-08 13:33:00-04:00;5732.60986328125;5733.31005859375;5732.490234375;5733.27001953125;5733.27001953125;2112342
2024-10-08 13:34:00-04:00;5733.27001953125;5733.85009765625;5732.9501953125;5733.81982421875;5733.81982421875;2761696
2024-10-08 13:35:00-04:00;5733.93017578125;5735.25;5733.8798828125;5735.16015625;5735.16015625;3502504
2024-10-08 13:36:00-04:00;5734.97998046875;5735.06005859375;5733.8798828125;5734.22021484375;5734.22021484375;2924044
2024-10-08 13:37:00-04:00;5734.169921875;5734.5;5733.669921875;5733.75;5733.75;2647563
2024-10-08 13:38:00-04:00;5733.7900390625;5734.47021484375;5733.7900390625;5734.14013671875;5734.14013671875;2782000
2024-10-08 13:39:00-04:00;5734.169921875;5734.169921875;5732.9599609375;5733.2998046875;5733.2998046875;2354689
2024-10-08 13:40:00-04:00;5733.2998046875;5733.9599609375;5733.14990234375;5733.39990234375;5733.39990234375;2900833
2024-10-08 13:41:00-04:00;5733.33984375;5734.35009765625;5733.14013671875;5734.31982421875;5734.31982421875;2566080
2024-10-08 13:42:00-04:00;5734.1298828125;5734.2099609375;5733.60986328125;5733.9599609375;5733.9599609375;2171289
2024-10-08 13:43:00-04:00;5733.9599609375;5734.77978515625;5733.7900390625;5734.77978515625;5734.77978515625;2505004
2024-10-08 13:44:00-04:00;5734.75;5734.81005859375;5734.3701171875;5734.669921875;5734.669921875;2362455
2024-10-08 13:45:00-04:00;5734.66015625;5734.97998046875;5733.58984375;5733.89013671875;5733.89013671875;2458334
2024-10-08 13:46:00-04:00;5733.8798828125;5734.0498046875;5733.25;5733.25;5733.25;2099573
2024-10-08 13:47:00-04:00;5733.18994140625;5733.72998046875;5732.93994140625;5733.52001953125;5733.52001953125;2568217
2024-10-08 13:48:00-04:00;5733.5;5733.97021484375;5733.41015625;5733.64013671875;5733.64013671875;2107246
2024-10-08 13:49:00-04:00;5733.58984375;5734.43994140625;5733.31982421875;5734.10986328125;5734.10986328125;2209605
2024-10-08 13:50:00-04:00;5734.1201171875;5734.22998046875;5733.60009765625;5733.72998046875;5733.72998046875;2638202
2024-10-08 13:51:00-04:00;5733.7900390625;5733.8701171875;5733.22998046875;5733.6201171875;5733.6201171875;2604278
2024-10-08 13:52:00-04:00;5733.6201171875;5734.77001953125;5733.6201171875;5734.77001953125;5734.77001953125;5454586
2024-10-08 13:53:00-04:00;5734.7900390625;5735.5498046875;5734.31982421875;5735.39990234375;5735.39990234375;3466795
2024-10-08 13:54:00-04:00;5735.3798828125;5735.4501953125;5734.990234375;5735.080078125;5735.080078125;2404583
2024-10-08 13:55:00-04:00;5735.1298828125;5735.25;5734.919921875;5735.10986328125;5735.10986328125;2929989
2024-10-08 13:56:00-04:00;5735.02001953125;5735.47021484375;5734.7099609375;5735.10986328125;5735.10986328125;3035038
2024-10-08 13:57:00-04:00;5735.169921875;5736.56005859375;5734.919921875;5736.3701171875;5736.3701171875;3284297
2024-10-08 13:58:00-04:00;5736.3701171875;5737.2900390625;5736.22021484375;5736.9501953125;5736.9501953125;3315324
2024-10-08 13:59:00-04:00;5736.9501953125;5737.41015625;5736.66015625;5737.39013671875;5737.39013671875;2920166
2024-10-08 14:00:00-04:00;5737.3798828125;5738.02001953125;5737.35986328125;5737.64013671875;5737.64013671875;3225283
2024-10-08 14:01:00-04:00;5737.9501953125;5739.18017578125;5737.9501953125;5739.10009765625;5739.10009765625;2572868
2024-10-08 14:02:00-04:00;5739.02978515625;5739.0400390625;5738.6298828125;5738.669921875;5738.669921875;2733242
2024-10-08 14:03:00-04:00;5738.64013671875;5738.64013671875;5738.08984375;5738.18994140625;5738.18994140625;2827583
2024-10-08 14:04:00-04:00;5738.22998046875;5738.60009765625;5737.740234375;5738.58984375;5738.58984375;2867554
2024-10-08 14:05:00-04:00;5738.669921875;5739.2001953125;5738.6201171875;5739.18994140625;5739.18994140625;2887767
2024-10-08 14:06:00-04:00;5739.2001953125;5739.3701171875;5738.93994140625;5739.16015625;5739.16015625;2760573
2024-10-08 14:07:00-04:00;5739.1201171875;5739.1298828125;5738.72998046875;5738.72998046875;5738.72998046875;3016466
2024-10-08 14:08:00-04:00;5738.740234375;5739.08984375;5738.41015625;5738.740234375;5738.740234375;3325002
2024-10-08 14:09:00-04:00;5738.75;5738.75;5737.9501953125;5738.14990234375;5738.14990234375;2735930
2024-10-08 14:10:00-04:00;5738.16015625;5738.83984375;5738.02978515625;5738.759765625;5738.759765625;2651505
2024-10-08 14:11:00-04:00;5738.7998046875;5739.5498046875;5738.7998046875;5739.43017578125;5739.43017578125;3600918
2024-10-08 14:12:00-04:00;5739.39990234375;5739.85009765625;5739.14990234375;5739.72998046875;5739.72998046875;2640321
2024-10-08 14:13:00-04:00;5739.75;5739.97021484375;5738.6298828125;5738.64013671875;5738.64013671875;2539049
2024-10-08 14:14:00-04:00;5738.66015625;5739.2998046875;5738.56005859375;5739.259765625;5739.259765625;2426568
2024-10-08 14:15:00-04:00;5739.22998046875;5740.0498046875;5739.22998046875;5739.68017578125;5739.68017578125;2812882
2024-10-08 14:16:00-04:00;5739.68994140625;5739.7099609375;5738.91015625;5739.4599609375;5739.4599609375;3213086
2024-10-08 14:17:00-04:00;5739.419921875;5739.56005859375;5739.10986328125;5739.419921875;5739.419921875;2524473
2024-10-08 14:18:00-04:00;5739.3798828125;5739.89990234375;5739.35986328125;5739.740234375;5739.740234375;2484167
2024-10-08 14:19:00-04:00;5739.740234375;5740.0;5739.58984375;5739.7001953125;5739.7001953125;2561592
2024-10-08 14:20:00-04:00;5739.60986328125;5739.97998046875;5739.14990234375;5739.93017578125;5739.93017578125;2800134
2024-10-08 14:21:00-04:00;5739.93017578125;5740.14013671875;5739.43994140625;5739.56982421875;5739.56982421875;2843809
2024-10-08 14:22:00-04:00;5739.56982421875;5739.77978515625;5738.3798828125;5738.509765625;5738.509765625;2876069
2024-10-08 14:23:00-04:00;5738.43994140625;5738.56005859375;5737.8798828125;5737.93017578125;5737.93017578125;2795408
2024-10-08 14:24:00-04:00;5737.97021484375;5739.06005859375;5737.97021484375;5739.06005859375;5739.06005859375;2629010
2024-10-08 14:25:00-04:00;5739.0400390625;5739.7001953125;5738.9501953125;5739.7001953125;5739.7001953125;3004028
2024-10-08 14:26:00-04:00;5739.72021484375;5739.85986328125;5739.43994140625;5739.56982421875;5739.56982421875;2873282
2024-10-08 14:27:00-04:00;5739.509765625;5740.0498046875;5739.2900390625;5739.97021484375;5739.97021484375;3117502
2024-10-08 14:28:00-04:00;5739.97021484375;5740.02978515625;5739.580078125;5739.740234375;5739.740234375;2911173
2024-10-08 14:29:00-04:00;5739.72021484375;5740.06005859375;5739.47998046875;5740.009765625;5740.009765625;2891774
2024-10-08 14:30:00-04:00;5740.02978515625;5740.02978515625;5739.22021484375;5739.22021484375;5739.22021484375;2728364
2024-10-08 14:31:00-04:00;5739.240234375;5739.31982421875;5738.68994140625;5738.7099609375;5738.7099609375;3343041
2024-10-08 14:32:00-04:00;5738.7001953125;5738.7001953125;5738.0400390625;5738.1201171875;5738.1201171875;2889333
2024-10-08 14:33:00-04:00;5738.1201171875;5739.25;5737.97998046875;5739.1298828125;5739.1298828125;3123188
2024-10-08 14:34:00-04:00;5739.10009765625;5740.06005859375;5738.85986328125;5740.0400390625;5740.0400390625;3241805
2024-10-08 14:35:00-04:00;5740.0498046875;5741.56982421875;5740.0498046875;5741.56982421875;5741.56982421875;3650937
2024-10-08 14:36:00-04:00;5741.7099609375;5742.1298828125;5741.56005859375;5742.10009765625;5742.10009765625;3597628
2024-10-08 14:37:00-04:00;5742.10009765625;5747.18017578125;5742.10009765625;5745.7998046875;5745.7998046875;7301573
2024-10-08 14:38:00-04:00;5745.740234375;5745.740234375;5744.85009765625;5745.27001953125;5745.27001953125;2909088
2024-10-08 14:39:00-04:00;5745.259765625;5745.75;5744.6201171875;5745.75;5745.75;2894638
2024-10-08 14:40:00-04:00;5745.7900390625;5745.89990234375;5745.4501953125;5745.47021484375;5745.47021484375;3331290
2024-10-08 14:41:00-04:00;5745.4501953125;5745.81005859375;5745.27978515625;5745.64013671875;5745.64013671875;3149698
2024-10-08 14:42:00-04:00;5745.60009765625;5745.669921875;5743.7001953125;5743.919921875;5743.919921875;3955085
2024-10-08 14:43:00-04:00;5743.9501953125;5743.97998046875;5743.490234375;5743.6298828125;5743.6298828125;2897226
2024-10-08 14:44:00-04:00;5743.64013671875;5743.77001953125;5743.25;5743.56005859375;5743.56005859375;3466468
2024-10-08 14:45:00-04:00;5743.6201171875;5743.64013671875;5743.22021484375;5743.33984375;5743.33984375;2729994
2024-10-08 14:46:00-04:00;5743.22998046875;5744.08984375;5743.169921875;5743.990234375;5743.990234375;2711730
2024-10-08 14:47:00-04:00;5744.0;5744.43017578125;5743.89990234375;5744.31982421875;5744.31982421875;2623372
2024-10-08 14:48:00-04:00;5744.33984375;5744.47998046875;5744.0400390625;5744.259765625;5744.259765625;3268635
2024-10-08 14:49:00-04:00;5744.240234375;5744.52978515625;5744.02001953125;5744.509765625;5744.509765625;3113780
2024-10-08 14:50:00-04:00;5744.52001953125;5745.33984375;5744.52001953125;5744.89990234375;5744.89990234375;3316161
2024-10-08 14:51:00-04:00;5744.89013671875;5746.14013671875;5744.83984375;5746.02978515625;5746.02978515625;3600179
2024-10-08 14:52:00-04:00;5746.0400390625;5747.080078125;5746.02001953125;5747.080078125;5747.080078125;3297508
2024-10-08 14:53:00-04:00;5747.080078125;5747.6201171875;5746.9599609375;5746.9599609375;5746.9599609375;2830800
2024-10-08 14:54:00-04:00;5746.9501953125;5746.9501953125;5746.2099609375;5746.27001953125;5746.27001953125;3195215
2024-10-08 14:55:00-04:00;5746.25;5747.02001953125;5746.2099609375;5746.8701171875;5746.8701171875;3782414
2024-10-08 14:56:00-04:00;5746.85009765625;5747.93017578125;5746.83984375;5747.81005859375;5747.81005859375;4128942
2024-10-08 14:57:00-04:00;5747.759765625;5748.83984375;5747.60986328125;5747.89990234375;5747.89990234375;3937817
2024-10-08 14:58:00-04:00;5747.919921875;5747.97021484375;5747.2900390625;5747.85009765625;5747.85009765625;3608649
2024-10-08 14:59:00-04:00;5747.83984375;5747.8701171875;5747.5400390625;5747.5400390625;5747.5400390625;3137493
2024-10-08 15:00:00-04:00;5747.5498046875;5747.5498046875;5746.669921875;5747.08984375;5747.08984375;3819427
2024-10-08 15:01:00-04:00;5747.1201171875;5747.1201171875;5745.06005859375;5746.1298828125;5746.1298828125;5435383
2024-10-08 15:02:00-04:00;5746.31005859375;5746.5;5745.10986328125;5745.1298828125;5745.1298828125;3572174
2024-10-08 15:03:00-04:00;5745.1201171875;5745.35986328125;5744.14013671875;5744.830078125;5744.830078125;3701519
2024-10-08 15:04:00-04:00;5744.8701171875;5745.47021484375;5744.83984375;5745.47021484375;5745.47021484375;3263567
2024-10-08 15:05:00-04:00;5745.47998046875;5746.43994140625;5745.35009765625;5746.330078125;5746.330078125;3681033
2024-10-08 15:06:00-04:00;5746.35986328125;5746.47021484375;5745.43994140625;5745.77001953125;5745.77001953125;4417044
2024-10-08 15:07:00-04:00;5745.77001953125;5745.7998046875;5744.33984375;5744.33984375;5744.33984375;3263344
2024-10-08 15:08:00-04:00;5744.330078125;5744.9599609375;5744.06005859375;5744.9599609375;5744.9599609375;3459221
2024-10-08 15:09:00-04:00;5744.93994140625;5745.18017578125;5744.89013671875;5745.0498046875;5745.0498046875;3101876
2024-10-08 15:10:00-04:00;5745.0400390625;5745.35986328125;5744.990234375;5745.35986328125;5745.35986328125;3775834
2024-10-08 15:11:00-04:00;5745.35986328125;5745.7001953125;5744.89013671875;5745.64013671875;5745.64013671875;3111027
2024-10-08 15:12:00-04:00;5745.669921875;5746.06982421875;5745.2998046875;5746.06982421875;5746.06982421875;4054629
2024-10-08 15:13:00-04:00;5746.02978515625;5746.27978515625;5745.56982421875;5745.6298828125;5745.6298828125;3641710
2024-10-08 15:14:00-04:00;5745.5498046875;5745.77001953125;5745.22998046875;5745.35009765625;5745.35009765625;3296470
2024-10-08 15:15:00-04:00;5745.43017578125;5745.9501953125;5745.14990234375;5745.93017578125;5745.93017578125;3800551
2024-10-08 15:16:00-04:00;5745.91015625;5746.85009765625;5745.89990234375;5746.85009765625;5746.85009765625;3794494
2024-10-08 15:17:00-04:00;5746.7998046875;5747.259765625;5746.7998046875;5747.18994140625;5747.18994140625;3878414
2024-10-08 15:18:00-04:00;5747.14990234375;5747.89990234375;5747.10009765625;5747.56982421875;5747.56982421875;4953863
2024-10-08 15:19:00-04:00;5747.60009765625;5749.1201171875;5747.5400390625;5749.08984375;5749.08984375;5187638
2024-10-08 15:20:00-04:00;5749.02978515625;5749.02978515625;5748.06982421875;5748.9501953125;5748.9501953125;4687778
2024-10-08 15:21:00-04:00;5748.93994140625;5749.3701171875;5748.60009765625;5749.18994140625;5749.18994140625;4965614
2024-10-08 15:22:00-04:00;5749.080078125;5749.080078125;5747.68017578125;5748.85986328125;5748.85986328125;5016989
2024-10-08 15:23:00-04:00;5748.9599609375;5749.22998046875;5748.740234375;5748.9599609375;5748.9599609375;3701737
2024-10-08 15:24:00-04:00;5748.9501953125;5749.0;5748.39990234375;5748.89013671875;5748.89013671875;5978191
2024-10-08 15:25:00-04:00;5748.93017578125;5749.08984375;5748.009765625;5749.08984375;5749.08984375;5449010
2024-10-08 15:26:00-04:00;5749.080078125;5749.39013671875;5748.919921875;5749.0498046875;5749.0498046875;4676927
2024-10-08 15:27:00-04:00;5749.06982421875;5749.89990234375;5748.81982421875;5749.89990234375;5749.89990234375;4720048
2024-10-08 15:28:00-04:00;5749.919921875;5750.2001953125;5749.3701171875;5749.3701171875;5749.3701171875;4331322
2024-10-08 15:29:00-04:00;5749.419921875;5749.7099609375;5748.97021484375;5749.1201171875;5749.1201171875;4523352
2024-10-08 15:30:00-04:00;5749.10009765625;5749.7099609375;5747.93017578125;5749.7099609375;5749.7099609375;5979637
2024-10-08 15:31:00-04:00;5749.7998046875;5750.580078125;5749.77978515625;5750.2998046875;5750.2998046875;5819289
2024-10-08 15:32:00-04:00;5750.39013671875;5750.81982421875;5750.02001953125;5750.5498046875;5750.5498046875;5568360
2024-10-08 15:33:00-04:00;5750.580078125;5751.2900390625;5750.27001953125;5751.169921875;5751.169921875;4615208
2024-10-08 15:34:00-04:00;5751.2001953125;5754.14990234375;5750.85009765625;5753.2001953125;5753.2001953125;7067320
2024-10-08 15:35:00-04:00;5753.22998046875;5753.669921875;5752.64013671875;5753.64990234375;5753.64990234375;5330400
2024-10-08 15:36:00-04:00;5753.580078125;5754.0498046875;5753.39990234375;5753.830078125;5753.830078125;5466601
2024-10-08 15:37:00-04:00;5753.9501953125;5754.72998046875;5753.9501953125;5754.7001953125;5754.7001953125;5277932
2024-10-08 15:38:00-04:00;5754.740234375;5755.41015625;5754.7099609375;5755.16015625;5755.16015625;4458073
2024-10-08 15:39:00-04:00;5755.080078125;5756.490234375;5755.009765625;5755.759765625;5755.759765625;6737323
2024-10-08 15:40:00-04:00;5755.81005859375;5756.10009765625;5755.18017578125;5755.75;5755.75;6071168
2024-10-08 15:41:00-04:00;5755.66015625;5755.81982421875;5753.91015625;5754.41015625;5754.41015625;6294749
2024-10-08 15:42:00-04:00;5754.419921875;5755.77001953125;5754.419921875;5755.77001953125;5755.77001953125;5720591
2024-10-08 15:43:00-04:00;5755.7900390625;5755.89013671875;5754.39013671875;5754.64990234375;5754.64990234375;6448861
2024-10-08 15:44:00-04:00;5754.58984375;5754.75;5753.990234375;5753.990234375;5753.990234375;6065444
2024-10-08 15:45:00-04:00;5753.93994140625;5754.490234375;5753.740234375;5753.81982421875;5753.81982421875;6794608
2024-10-08 15:46:00-04:00;5753.830078125;5753.919921875;5752.75;5753.52001953125;5753.52001953125;8767931
2024-10-08 15:47:00-04:00;5753.5400390625;5754.0498046875;5753.3701171875;5753.58984375;5753.58984375;7256421
2024-10-08 15:48:00-04:00;5753.52978515625;5754.580078125;5753.33984375;5754.27001953125;5754.27001953125;8189227
2024-10-08 15:49:00-04:00;5754.3798828125;5755.06982421875;5754.080078125;5754.5;5754.5;7548901
2024-10-08 15:50:00-04:00;5754.490234375;5754.490234375;5753.5498046875;5754.06005859375;5754.06005859375;13949664
2024-10-08 15:51:00-04:00;5754.2001953125;5754.35009765625;5753.31982421875;5753.43994140625;5753.43994140625;10369839
2024-10-08 15:52:00-04:00;5753.4501953125;5755.0498046875;5753.39990234375;5755.0400390625;5755.0400390625;10901346
2024-10-08 15:53:00-04:00;5755.02978515625;5757.60009765625;5755.02978515625;5756.2998046875;5756.2998046875;14260454
2024-10-08 15:54:00-04:00;5756.22998046875;5757.1201171875;5755.490234375;5756.02001953125;5756.02001953125;14776937
2024-10-08 15:55:00-04:00;5755.7900390625;5756.0400390625;5754.08984375;5754.169921875;5754.169921875;17898879
2024-10-08 15:56:00-04:00;5754.2001953125;5754.85986328125;5754.14990234375;5754.580078125;5754.580078125;17644775
2024-10-08 15:57:00-04:00;5754.64013671875;5755.169921875;5754.33984375;5754.97021484375;5754.97021484375;17517660
2024-10-08 15:58:00-04:00;5755.0498046875;5755.0498046875;5753.47998046875;5753.47998046875;5753.47998046875;18890492
2024-10-08 15:59:00-04:00;5753.43017578125;5753.47021484375;5749.97998046875;5750.68994140625;5750.68994140625;19800994
