Datetime;Open;High;Low;Close;Adj Close;Volume
2024-10-11 09:30:00-04:00;5775.08984375;5780.43017578125;5775.08984375;5779.41015625;5779.41015625;0
2024-10-11 09:31:00-04:00;5779.669921875;5784.669921875;5778.77001953125;5784.669921875;5784.669921875;13499337
2024-10-11 09:32:00-04:00;5784.68994140625;5787.08984375;5784.68994140625;5786.27978515625;5786.27978515625;11183747
2024-10-11 09:33:00-04:00;5786.47021484375;5788.10009765625;5784.7998046875;5788.10009765625;5788.10009765625;10464928
2024-10-11 09:34:00-04:00;5788.0400390625;5790.47021484375;5786.72021484375;5790.1298828125;5790.1298828125;11743410
2024-10-11 09:35:00-04:00;5789.5;5789.5;5784.81982421875;5785.77978515625;5785.77978515625;9850548
2024-10-11 09:36:00-04:00;5786.02001953125;5786.580078125;5784.56982421875;5784.56982421875;5784.56982421875;7632335
2024-10-11 09:37:00-04:00;5784.52001953125;5787.330078125;5784.52001953125;5786.490234375;5786.490234375;8430292
2024-10-11 09:38:00-04:00;5786.18994140625;5787.41015625;5785.06982421875;5785.33984375;5785.33984375;8531032
2024-10-11 09:39:00-04:00;5785.4501953125;5786.2099609375;5784.81982421875;5785.64013671875;5785.64013671875;7777872
2024-10-11 09:40:00-04:00;5785.259765625;5786.5498046875;5784.68994140625;5786.2900390625;5786.2900390625;8017580
2024-10-11 09:41:00-04:00;5786.43017578125;5788.1298828125;5785.68994140625;5787.64013671875;5787.64013671875;7189659
2024-10-11 09:42:00-04:00;5787.60009765625;5789.2900390625;5787.35986328125;5788.60986328125;5788.60986328125;7938156
2024-10-11 09:43:00-04:00;5788.60986328125;5788.89990234375;5787.68017578125;5788.8798828125;5788.8798828125;7000879
2024-10-11 09:44:00-04:00;5788.93994140625;5789.52978515625;5787.7998046875;5788.1201171875;5788.1201171875;7438679
2024-10-11 09:45:00-04:00;5787.8701171875;5789.759765625;5787.580078125;5788.4501953125;5788.4501953125;7644439
2024-10-11 09:46:00-04:00;5788.43994140625;5790.509765625;5788.080078125;5790.14990234375;5790.14990234375;6733052
2024-10-11 09:47:00-04:00;5790.10009765625;5791.41015625;5789.81982421875;5790.14990234375;5790.14990234375;6767130
2024-10-11 09:48:00-04:00;5790.080078125;5790.18017578125;5787.91015625;5788.35986328125;5788.35986328125;6538525
2024-10-11 09:49:00-04:00;5788.330078125;5790.6201171875;5788.330078125;5789.68994140625;5789.68994140625;6731617
2024-10-11 09:50:00-04:00;5789.6201171875;5791.1201171875;5789.33984375;5791.1201171875;5791.1201171875;7952390
2024-10-11 09:51:00-04:00;5791.06005859375;5792.64013671875;5791.06005859375;5791.830078125;5791.830078125;7724443
2024-10-11 09:52:00-04:00;5791.91015625;5792.1298828125;5790.81005859375;5790.81005859375;5790.81005859375;8188419
2024-10-11 09:53:00-04:00;5790.81982421875;5792.35009765625;5790.2998046875;5792.35009765625;5792.35009765625;8137931
2024-10-11 09:54:00-04:00;5792.490234375;5793.5400390625;5792.08984375;5792.25;5792.25;6201066
2024-10-11 09:55:00-04:00;5792.2998046875;5794.72998046875;5792.240234375;5794.419921875;5794.419921875;5860768
2024-10-11 09:56:00-04:00;5794.43994140625;5794.77978515625;5793.259765625;5793.259765625;5793.259765625;6851754
2024-10-11 09:57:00-04:00;5793.330078125;5794.490234375;5793.10009765625;5793.97998046875;5793.97998046875;7501173
2024-10-11 09:58:00-04:00;5793.7001953125;5794.6201171875;5793.02978515625;5793.509765625;5793.509765625;6283197
2024-10-11 09:59:00-04:00;5793.52978515625;5794.490234375;5793.259765625;5793.97998046875;5793.97998046875;6221360
2024-10-11 10:00:00-04:00;5794.080078125;5794.080078125;5790.39013671875;5790.759765625;5790.759765625;8034074
2024-10-11 10:01:00-04:00;5790.85986328125;5792.509765625;5790.02978515625;5792.31982421875;5792.31982421875;7202622
2024-10-11 10:02:00-04:00;5792.2001953125;5797.0;5792.2001953125;5793.56982421875;5793.56982421875;7536233
2024-10-11 10:03:00-04:00;5793.58984375;5793.97998046875;5793.18994140625;5793.60986328125;5793.60986328125;5622739
2024-10-11 10:04:00-04:00;5793.77978515625;5794.759765625;5793.2001953125;5794.759765625;5794.759765625;4943105
2024-10-11 10:05:00-04:00;5794.7900390625;5796.0498046875;5794.0;5796.0498046875;5796.0498046875;6472860
2024-10-11 10:06:00-04:00;5796.0400390625;5801.580078125;5795.990234375;5800.91015625;5800.91015625;7836874
2024-10-11 10:07:00-04:00;5800.85986328125;5804.33984375;5800.25;5803.52001953125;5803.52001953125;6748019
2024-10-11 10:08:00-04:00;5803.6298828125;5804.080078125;5802.8798828125;5803.830078125;5803.830078125;5833589
2024-10-11 10:09:00-04:00;5803.77978515625;5805.759765625;5803.669921875;5805.759765625;5805.759765625;5785115
2024-10-11 10:10:00-04:00;5805.7998046875;5806.5;5805.52001953125;5806.43017578125;5806.43017578125;6955473
2024-10-11 10:11:00-04:00;5806.5400390625;5810.72998046875;5806.5400390625;5808.39990234375;5808.39990234375;10468231
2024-10-11 10:12:00-04:00;5808.5;5809.39990234375;5808.08984375;5808.52978515625;5808.52978515625;7108998
2024-10-11 10:13:00-04:00;5808.43994140625;5809.2099609375;5808.31005859375;5808.72021484375;5808.72021484375;5744573
2024-10-11 10:14:00-04:00;5808.740234375;5810.1298828125;5807.89013671875;5810.080078125;5810.080078125;6009678
2024-10-11 10:15:00-04:00;5810.18017578125;5812.85986328125;5810.0;5812.7900390625;5812.7900390625;6435674
2024-10-11 10:16:00-04:00;5812.7900390625;5813.8701171875;5812.580078125;5812.580078125;5812.580078125;5833268
2024-10-11 10:17:00-04:00;5812.47021484375;5813.10986328125;5812.14990234375;5812.830078125;5812.830078125;5437792
2024-10-11 10:18:00-04:00;5812.9599609375;5814.52978515625;5812.9599609375;5813.68017578125;5813.68017578125;5750410
2024-10-11 10:19:00-04:00;5813.64013671875;5814.68994140625;5813.52001953125;5814.2099609375;5814.2099609375;5371204
2024-10-11 10:20:00-04:00;5814.1298828125;5814.72998046875;5812.580078125;5812.89013671875;5812.89013671875;5884728
2024-10-11 10:21:00-04:00;5812.93017578125;5812.93017578125;5811.06982421875;5811.60986328125;5811.60986328125;5844197
2024-10-11 10:22:00-04:00;5811.77978515625;5813.02978515625;5811.77978515625;5812.7099609375;5812.7099609375;5430211
2024-10-11 10:23:00-04:00;5813.56005859375;5814.72021484375;5813.47021484375;5813.47021484375;5813.47021484375;4651317
2024-10-11 10:24:00-04:00;5813.47998046875;5814.2998046875;5813.009765625;5813.39013671875;5813.39013671875;4836793
2024-10-11 10:25:00-04:00;5813.2099609375;5816.1201171875;5812.56005859375;5815.47021484375;5815.47021484375;6158510
2024-10-11 10:26:00-04:00;5815.490234375;5818.4599609375;5815.490234375;5817.14013671875;5817.14013671875;6344145
2024-10-11 10:27:00-04:00;5817.169921875;5819.41015625;5816.7099609375;5817.66015625;5817.66015625;5507145
2024-10-11 10:28:00-04:00;5817.81005859375;5819.39990234375;5817.81005859375;5819.06982421875;5819.06982421875;5413338
2024-10-11 10:29:00-04:00;5819.22998046875;5819.47021484375;5817.10986328125;5817.10986328125;5817.10986328125;6125904
2024-10-11 10:30:00-04:00;5817.2099609375;5818.56982421875;5816.97998046875;5818.56982421875;5818.56982421875;5698443
2024-10-11 10:31:00-04:00;5818.56982421875;5818.56982421875;5816.1298828125;5816.47021484375;5816.47021484375;6137340
2024-10-11 10:32:00-04:00;5816.52978515625;5817.41015625;5816.2099609375;5816.8701171875;5816.8701171875;4492179
2024-10-11 10:33:00-04:00;5816.830078125;5817.4501953125;5814.75;5815.2900390625;5815.2900390625;4963569
2024-10-11 10:34:00-04:00;5815.43994140625;5817.580078125;5815.43994140625;5817.35009765625;5817.35009765625;5507544
2024-10-11 10:35:00-04:00;5817.47021484375;5818.5498046875;5817.43994140625;5818.509765625;5818.509765625;4551039
2024-10-11 10:36:00-04:00;5818.5400390625;5818.97021484375;5818.02978515625;5818.39990234375;5818.39990234375;4774810
2024-10-11 10:37:00-04:00;5818.31005859375;5818.41015625;5815.85009765625;5816.06005859375;5816.06005859375;5142504
2024-10-11 10:38:00-04:00;5816.10986328125;5816.31982421875;5815.16015625;5815.31005859375;5815.31005859375;5075486
2024-10-11 10:39:00-04:00;5815.3798828125;5817.14990234375;5815.3798828125;5817.10986328125;5817.10986328125;5485783
2024-10-11 10:40:00-04:00;5817.08984375;5818.22021484375;5817.08984375;5817.330078125;5817.330078125;4428181
2024-10-11 10:41:00-04:00;5817.2001953125;5817.91015625;5816.97998046875;5816.990234375;5816.990234375;5048593
2024-10-11 10:42:00-04:00;5817.009765625;5817.580078125;5815.490234375;5815.77001953125;5815.77001953125;4703009
2024-10-11 10:43:00-04:00;5815.759765625;5815.759765625;5813.89990234375;5813.89990234375;5813.89990234375;5040178
2024-10-11 10:44:00-04:00;5813.60986328125;5813.81982421875;5812.68994140625;5812.68994140625;5812.68994140625;4656020
2024-10-11 10:45:00-04:00;5812.68994140625;5813.08984375;5811.5400390625;5811.85009765625;5811.85009765625;6447035
2024-10-11 10:46:00-04:00;5811.8701171875;5813.97998046875;5811.830078125;5813.64990234375;5813.64990234375;4991430
2024-10-11 10:47:00-04:00;5813.68994140625;5814.16015625;5810.39990234375;5810.56982421875;5810.56982421875;4754613
2024-10-11 10:48:00-04:00;5810.58984375;5810.58984375;5807.9501953125;5808.18994140625;5808.18994140625;5635958
2024-10-11 10:49:00-04:00;5808.25;5810.56982421875;5807.93994140625;5810.52978515625;5810.52978515625;4968404
2024-10-11 10:50:00-04:00;5810.5;5810.56982421875;5809.2001953125;5809.72998046875;5809.72998046875;4247247
2024-10-11 10:51:00-04:00;5809.72021484375;5809.72021484375;5807.1298828125;5807.6298828125;5807.6298828125;5007582
2024-10-11 10:52:00-04:00;5807.72021484375;5807.9501953125;5806.669921875;5807.830078125;5807.830078125;5100947
2024-10-11 10:53:00-04:00;5807.91015625;5809.740234375;5806.91015625;5809.7001953125;5809.7001953125;4715559
2024-10-11 10:54:00-04:00;5809.64990234375;5809.85009765625;5807.7900390625;5808.52978515625;5808.52978515625;4611912
2024-10-11 10:55:00-04:00;5808.60009765625;5810.759765625;5808.25;5810.64013671875;5810.64013671875;4768783
2024-10-11 10:56:00-04:00;5810.7900390625;5812.08984375;5810.7900390625;5811.31005859375;5811.31005859375;2849223
2024-10-11 10:57:00-04:00;5812.93017578125;5812.990234375;5812.93017578125;5812.93017578125;5812.93017578125;6308974
2024-10-11 10:58:00-04:00;5813.16015625;5813.72021484375;5812.39013671875;5812.43994140625;5812.43994140625;4076540
2024-10-11 10:59:00-04:00;5812.4501953125;5812.52978515625;5810.58984375;5810.58984375;5810.58984375;4438891
2024-10-11 11:00:00-04:00;5810.5498046875;5810.60009765625;5809.919921875;5810.2099609375;5810.2099609375;4250261
2024-10-11 11:01:00-04:00;5810.240234375;5810.5;5809.669921875;5810.2998046875;5810.2998046875;3896226
2024-10-11 11:02:00-04:00;5810.33984375;5811.3701171875;5810.33984375;5811.31982421875;5811.31982421875;5296922
2024-10-11 11:03:00-04:00;5811.39013671875;5811.75;5810.10009765625;5810.14013671875;5810.14013671875;4866708
2024-10-11 11:04:00-04:00;5810.4501953125;5812.14013671875;5810.4501953125;5811.97998046875;5811.97998046875;4046487
2024-10-11 11:05:00-04:00;5811.85986328125;5812.16015625;5810.97021484375;5811.8798828125;5811.8798828125;4877981
2024-10-11 11:06:00-04:00;5811.85986328125;5813.0498046875;5811.85009765625;5812.72998046875;5812.72998046875;3369013
2024-10-11 11:07:00-04:00;5812.759765625;5813.4501953125;5812.39013671875;5813.31005859375;5813.31005859375;3396184
2024-10-11 11:08:00-04:00;5813.35009765625;5816.669921875;5813.35009765625;5816.0;5816.0;4894696
2024-10-11 11:09:00-04:00;5815.97998046875;5816.43017578125;5814.1201171875;5814.1201171875;5814.1201171875;4091366
2024-10-11 11:10:00-04:00;5814.0400390625;5815.22021484375;5814.0400390625;5814.490234375;5814.490234375;3482076
2024-10-11 11:11:00-04:00;5814.5400390625;5814.72021484375;5814.0400390625;5814.47021484375;5814.47021484375;3840105
2024-10-11 11:12:00-04:00;5814.6201171875;5815.27978515625;5813.740234375;5815.27978515625;5815.27978515625;4757295
2024-10-11 11:13:00-04:00;5815.2099609375;5815.2099609375;5813.81005859375;5814.490234375;5814.490234375;4283123
2024-10-11 11:14:00-04:00;5814.3798828125;5814.8798828125;5813.75;5814.330078125;5814.330078125;3963649
2024-10-11 11:15:00-04:00;5814.25;5814.8701171875;5813.97998046875;5814.669921875;5814.669921875;5464404
2024-10-11 11:16:00-04:00;5814.669921875;5814.669921875;5813.43994140625;5814.169921875;5814.169921875;4552087
2024-10-11 11:17:00-04:00;5814.25;5814.47998046875;5813.52001953125;5814.2900390625;5814.2900390625;3546111
2024-10-11 11:18:00-04:00;5814.18994140625;5814.240234375;5811.89990234375;5812.3798828125;5812.3798828125;3661593
2024-10-11 11:19:00-04:00;5812.27001953125;5812.27001953125;5810.22021484375;5810.22021484375;5810.22021484375;3745646
2024-10-11 11:20:00-04:00;5810.18994140625;5811.8701171875;5809.68017578125;5811.580078125;5811.580078125;3826220
2024-10-11 11:21:00-04:00;5811.740234375;5812.27001953125;5810.5;5811.47021484375;5811.47021484375;3463796
2024-10-11 11:22:00-04:00;5811.6201171875;5811.7099609375;5810.5498046875;5810.91015625;5810.91015625;3109918
2024-10-11 11:23:00-04:00;5810.8701171875;5811.22998046875;5810.31982421875;5811.10986328125;5811.10986328125;2946020
2024-10-11 11:24:00-04:00;5811.06005859375;5811.25;5809.85009765625;5810.080078125;5810.080078125;3619478
2024-10-11 11:25:00-04:00;5810.06982421875;5811.25;5810.0498046875;5811.25;5811.25;3721313
2024-10-11 11:26:00-04:00;5811.259765625;5811.39013671875;5810.240234375;5810.3798828125;5810.3798828125;3725402
2024-10-11 11:27:00-04:00;5810.52001953125;5812.08984375;5810.2001953125;5811.8701171875;5811.8701171875;3812682
2024-10-11 11:28:00-04:00;5811.759765625;5811.77001953125;5810.85009765625;5811.27001953125;5811.27001953125;3548667
2024-10-11 11:29:00-04:00;5811.31982421875;5811.4501953125;5810.85009765625;5810.89990234375;5810.89990234375;2979288
2024-10-11 11:30:00-04:00;5811.0498046875;5811.4501953125;5810.509765625;5811.4501953125;5811.4501953125;3275306
2024-10-11 11:31:00-04:00;5811.47998046875;5811.47998046875;5810.81005859375;5810.9501953125;5810.9501953125;3814947
2024-10-11 11:32:00-04:00;5810.97998046875;5812.10986328125;5810.97998046875;5811.39013671875;5811.39013671875;4264924
2024-10-11 11:33:00-04:00;5811.47021484375;5812.91015625;5811.47021484375;5812.85986328125;5812.85986328125;3012132
2024-10-11 11:34:00-04:00;5812.89990234375;5814.9501953125;5812.89990234375;5814.22021484375;5814.22021484375;3993055
2024-10-11 11:35:00-04:00;5814.2998046875;5814.419921875;5813.7900390625;5813.93017578125;5813.93017578125;3175668
2024-10-11 11:36:00-04:00;5813.9501953125;5813.97998046875;5812.60986328125;5813.64013671875;5813.64013671875;3536277
2024-10-11 11:37:00-04:00;5813.740234375;5814.4501953125;5813.740234375;5814.259765625;5814.259765625;3149976
2024-10-11 11:38:00-04:00;5814.25;5814.25;5813.4599609375;5813.4599609375;5813.4599609375;3810998
2024-10-11 11:39:00-04:00;5813.5400390625;5814.1201171875;5813.39990234375;5814.10009765625;5814.10009765625;3073528
2024-10-11 11:40:00-04:00;5814.0498046875;5814.39990234375;5813.91015625;5814.3701171875;5814.3701171875;3822255
2024-10-11 11:41:00-04:00;5814.35986328125;5814.39990234375;5813.16015625;5813.490234375;5813.490234375;3851963
2024-10-11 11:42:00-04:00;5813.5498046875;5814.35009765625;5813.35009765625;5814.25;5814.25;3969005
2024-10-11 11:43:00-04:00;5814.1201171875;5814.7099609375;5813.97998046875;5814.52001953125;5814.52001953125;3243984
2024-10-11 11:44:00-04:00;5814.81005859375;5815.419921875;5814.259765625;5814.259765625;5814.259765625;3115898
2024-10-11 11:45:00-04:00;5814.2099609375;5814.85009765625;5813.93017578125;5814.85009765625;5814.85009765625;3042996
2024-10-11 11:46:00-04:00;5814.830078125;5815.009765625;5814.27001953125;5814.27001953125;5814.27001953125;3377062
2024-10-11 11:47:00-04:00;5814.1298828125;5814.1298828125;5812.7998046875;5812.7998046875;5812.7998046875;3055226
2024-10-11 11:48:00-04:00;5812.8798828125;5812.93017578125;5811.47998046875;5812.1298828125;5812.1298828125;3960248
2024-10-11 11:49:00-04:00;5812.18017578125;5813.06982421875;5812.18017578125;5812.5;5812.5;3284172
2024-10-11 11:50:00-04:00;5812.5;5813.25;5812.3798828125;5813.009765625;5813.009765625;3118684
2024-10-11 11:51:00-04:00;5812.9501953125;5813.080078125;5812.22998046875;5812.47021484375;5812.47021484375;3226017
2024-10-11 11:52:00-04:00;5812.5;5813.2998046875;5812.5;5813.14990234375;5813.14990234375;3478964
2024-10-11 11:53:00-04:00;5813.10009765625;5813.740234375;5813.02978515625;5813.25;5813.25;3558308
2024-10-11 11:54:00-04:00;5813.259765625;5814.27978515625;5813.2001953125;5814.080078125;5814.080078125;3971749
2024-10-11 11:55:00-04:00;5814.0498046875;5814.990234375;5813.740234375;5814.93017578125;5814.93017578125;3208122
2024-10-11 11:56:00-04:00;5815.009765625;5815.4599609375;5814.7001953125;5815.2998046875;5815.2998046875;2780173
2024-10-11 11:57:00-04:00;5815.31005859375;5815.35986328125;5814.68017578125;5814.68017578125;5814.68017578125;3554880
2024-10-11 11:58:00-04:00;5814.7099609375;5815.18994140625;5814.47998046875;5814.93017578125;5814.93017578125;3547186
2024-10-11 11:59:00-04:00;5814.919921875;5815.72998046875;5814.919921875;5815.68994140625;5815.68994140625;3285759
2024-10-11 12:00:00-04:00;5815.60986328125;5815.64990234375;5814.2998046875;5814.2998046875;5814.2998046875;3589344
2024-10-11 12:01:00-04:00;5814.33984375;5814.97998046875;5813.990234375;5814.72021484375;5814.72021484375;2948269
2024-10-11 12:02:00-04:00;5814.66015625;5814.740234375;5813.7001953125;5813.81982421875;5813.81982421875;2934814
2024-10-11 12:03:00-04:00;5813.81982421875;5814.68994140625;5813.77001953125;5814.5400390625;5814.5400390625;2894014
2024-10-11 12:04:00-04:00;5814.56005859375;5815.10986328125;5814.56005859375;5814.68017578125;5814.68017578125;2935051
2024-10-11 12:05:00-04:00;5814.7099609375;5815.14013671875;5814.6201171875;5814.93994140625;5814.93994140625;3429416
2024-10-11 12:06:00-04:00;5814.8701171875;5815.64013671875;5814.8701171875;5814.919921875;5814.919921875;2971805
2024-10-11 12:07:00-04:00;5814.8701171875;5814.97021484375;5813.39013671875;5813.41015625;5813.41015625;3517390
2024-10-11 12:08:00-04:00;5813.33984375;5813.3701171875;5812.41015625;5812.669921875;5812.669921875;3092396
2024-10-11 12:09:00-04:00;5812.64990234375;5812.64990234375;5812.16015625;5812.31982421875;5812.31982421875;3823343
2024-10-11 12:10:00-04:00;5812.27978515625;5812.47021484375;5811.91015625;5812.240234375;5812.240234375;3273340
2024-10-11 12:11:00-04:00;5812.2900390625;5812.41015625;5811.35986328125;5812.2998046875;5812.2998046875;3365137
2024-10-11 12:12:00-04:00;5812.2900390625;5812.2900390625;5810.06005859375;5810.5;5810.5;3347484
2024-10-11 12:13:00-04:00;5810.47998046875;5810.68994140625;5809.240234375;5809.6201171875;5809.6201171875;3507891
2024-10-11 12:14:00-04:00;5809.68994140625;5809.77978515625;5809.33984375;5809.56982421875;5809.56982421875;2676064
2024-10-11 12:15:00-04:00;5809.52001953125;5810.22998046875;5809.52001953125;5809.66015625;5809.66015625;2941770
2024-10-11 12:16:00-04:00;5809.7001953125;5809.81982421875;5809.31982421875;5809.56005859375;5809.56005859375;2588805
2024-10-11 12:17:00-04:00;5809.5498046875;5810.259765625;5809.47998046875;5810.10009765625;5810.10009765625;2982017
2024-10-11 12:18:00-04:00;5810.1298828125;5810.169921875;5809.509765625;5809.6298828125;5809.6298828125;2621164
2024-10-11 12:19:00-04:00;5809.64013671875;5809.66015625;5808.85986328125;5808.85986328125;5808.85986328125;2475550
2024-10-11 12:20:00-04:00;5808.759765625;5808.759765625;5807.4501953125;5807.81982421875;5807.81982421875;3102498
2024-10-11 12:21:00-04:00;5807.740234375;5808.22998046875;5807.43017578125;5807.43017578125;5807.43017578125;2661799
2024-10-11 12:22:00-04:00;5807.4599609375;5808.1201171875;5807.2998046875;5808.1201171875;5808.1201171875;2978411
2024-10-11 12:23:00-04:00;5808.08984375;5808.08984375;5806.91015625;5807.25;5807.25;2803105
2024-10-11 12:24:00-04:00;5807.22998046875;5808.35986328125;5807.22998046875;5808.0;5808.0;2742179
2024-10-11 12:25:00-04:00;5808.009765625;5808.080078125;5806.60986328125;5806.60986328125;5806.60986328125;2669616
2024-10-11 12:26:00-04:00;5806.47021484375;5806.93017578125;5806.27001953125;5806.759765625;5806.759765625;2928945
2024-10-11 12:27:00-04:00;5806.68994140625;5806.740234375;5805.43017578125;5805.43017578125;5805.43017578125;3292796
2024-10-11 12:28:00-04:00;5805.47998046875;5805.47998046875;5804.6298828125;5805.1201171875;5805.1201171875;2844603
2024-10-11 12:29:00-04:00;5805.08984375;5807.14990234375;5805.08984375;5807.0400390625;5807.0400390625;2440538
2024-10-11 12:30:00-04:00;5807.02978515625;5807.02978515625;5806.0;5806.27978515625;5806.27978515625;2712311
2024-10-11 12:31:00-04:00;5806.31005859375;5807.83984375;5806.27978515625;5807.68017578125;5807.68017578125;2726958
2024-10-11 12:32:00-04:00;5807.7001953125;5808.259765625;5807.35009765625;5807.47998046875;5807.47998046875;2623055
2024-10-11 12:33:00-04:00;5807.41015625;5807.77001953125;5807.31005859375;5807.77001953125;5807.77001953125;2947159
2024-10-11 12:34:00-04:00;5807.72021484375;5808.06982421875;5807.60009765625;5807.97021484375;5807.97021484375;2819436
2024-10-11 12:35:00-04:00;5807.97998046875;5808.009765625;5806.669921875;5806.7900390625;5806.7900390625;2552083
2024-10-11 12:36:00-04:00;5806.7900390625;5806.81982421875;5805.490234375;5805.7900390625;5805.7900390625;3061205
2024-10-11 12:37:00-04:00;5805.7900390625;5806.7900390625;5805.7900390625;5805.990234375;5805.990234375;2283365
2024-10-11 12:38:00-04:00;5805.97998046875;5806.31982421875;5805.2998046875;5806.31005859375;5806.31005859375;2594823
2024-10-11 12:39:00-04:00;5806.33984375;5806.58984375;5805.68017578125;5805.919921875;5805.919921875;2274546
2024-10-11 12:40:00-04:00;5805.93017578125;5806.33984375;5805.259765625;5806.1298828125;5806.1298828125;2165857
2024-10-11 12:41:00-04:00;5806.1201171875;5806.1201171875;5804.89013671875;5805.009765625;5805.009765625;1951536
2024-10-11 12:42:00-04:00;5805.009765625;5806.47998046875;5805.009765625;5806.31982421875;5806.31982421875;2432248
2024-10-11 12:43:00-04:00;5806.27978515625;5806.2998046875;5804.7099609375;5804.7099609375;5804.7099609375;3019024
2024-10-11 12:44:00-04:00;5804.72021484375;5805.0;5804.330078125;5804.83984375;5804.83984375;2366916
2024-10-11 12:45:00-04:00;5804.77978515625;5804.7900390625;5804.2001953125;5804.2900390625;5804.2900390625;2920984
2024-10-11 12:46:00-04:00;5804.2998046875;5804.56005859375;5803.3701171875;5803.509765625;5803.509765625;2098842
2024-10-11 12:47:00-04:00;5803.5;5803.60986328125;5802.56005859375;5802.7900390625;5802.7900390625;2560921
2024-10-11 12:48:00-04:00;5802.77978515625;5802.919921875;5801.580078125;5801.93994140625;5801.93994140625;3125958
2024-10-11 12:49:00-04:00;5801.919921875;5803.31005859375;5801.77978515625;5803.259765625;5803.259765625;3137972
2024-10-11 12:50:00-04:00;5803.18994140625;5804.10009765625;5803.06005859375;5803.259765625;5803.259765625;2845949
2024-10-11 12:51:00-04:00;5803.27978515625;5804.77001953125;5803.27978515625;5804.60009765625;5804.60009765625;2785406
2024-10-11 12:52:00-04:00;5804.56005859375;5805.0;5804.56005859375;5804.7900390625;5804.7900390625;2274416
2024-10-11 12:53:00-04:00;5804.77001953125;5804.81005859375;5803.41015625;5803.52001953125;5803.52001953125;2437759
2024-10-11 12:54:00-04:00;5803.52001953125;5803.52978515625;5801.7099609375;5802.02001953125;5802.02001953125;3093637
2024-10-11 12:55:00-04:00;5801.97998046875;5802.75;5800.7099609375;5802.27001953125;5802.27001953125;5650612
2024-10-11 12:56:00-04:00;5802.240234375;5804.47998046875;5802.10986328125;5804.25;5804.25;2982842
2024-10-11 12:57:00-04:00;5804.22021484375;5805.7998046875;5804.10986328125;5805.7998046875;5805.7998046875;2315109
2024-10-11 12:58:00-04:00;5805.81982421875;5807.580078125;5805.77978515625;5807.4501953125;5807.4501953125;3269117
2024-10-11 12:59:00-04:00;5807.39990234375;5807.91015625;5807.22021484375;5807.8701171875;5807.8701171875;2662482
2024-10-11 13:00:00-04:00;5807.7998046875;5809.68994140625;5807.7998046875;5809.02978515625;5809.02978515625;3270697
2024-10-11 13:01:00-04:00;5809.02978515625;5809.5400390625;5808.60009765625;5808.60009765625;5808.60009765625;3220774
2024-10-11 13:02:00-04:00;5808.6298828125;5808.669921875;5807.77978515625;5807.81005859375;5807.81005859375;3476543
2024-10-11 13:03:00-04:00;5807.759765625;5807.77978515625;5806.83984375;5806.93017578125;5806.93017578125;2795661
2024-10-11 13:04:00-04:00;5807.02978515625;5807.0400390625;5806.60986328125;5806.72998046875;5806.72998046875;2198755
2024-10-11 13:05:00-04:00;5806.68017578125;5806.68017578125;5806.0;5806.0;5806.0;2316214
2024-10-11 13:06:00-04:00;5806.1201171875;5806.25;5805.240234375;5805.330078125;5805.330078125;2956384
2024-10-11 13:07:00-04:00;5805.35009765625;5805.35009765625;5804.81982421875;5805.16015625;5805.16015625;2094796
2024-10-11 13:08:00-04:00;5805.16015625;5805.93994140625;5805.14990234375;5805.72021484375;5805.72021484375;2725812
2024-10-11 13:09:00-04:00;5805.7001953125;5805.89013671875;5805.52978515625;5805.68017578125;5805.68017578125;2047102
2024-10-11 13:10:00-04:00;5805.669921875;5806.14990234375;5805.330078125;5805.66015625;5805.66015625;2485456
2024-10-11 13:11:00-04:00;5805.6298828125;5806.10009765625;5805.2998046875;5805.35009765625;5805.35009765625;2704071
2024-10-11 13:12:00-04:00;5805.3701171875;5805.3701171875;5804.33984375;5804.3701171875;5804.3701171875;2476386
2024-10-11 13:13:00-04:00;5804.33984375;5805.22998046875;5804.330078125;5804.89013671875;5804.89013671875;2451019
2024-10-11 13:14:00-04:00;5804.9501953125;5805.43994140625;5804.7900390625;5805.18994140625;5805.18994140625;2566255
2024-10-11 13:15:00-04:00;5805.240234375;5805.31982421875;5804.35009765625;5804.3798828125;5804.3798828125;2542152
2024-10-11 13:16:00-04:00;5804.3798828125;5804.919921875;5804.0400390625;5804.22021484375;5804.22021484375;2689148
2024-10-11 13:17:00-04:00;5804.25;5804.31005859375;5803.97998046875;5804.0;5804.0;2157609
2024-10-11 13:18:00-04:00;5803.91015625;5803.9599609375;5803.490234375;5803.85009765625;5803.85009765625;2613540
2024-10-11 13:19:00-04:00;5803.83984375;5803.919921875;5803.2998046875;5803.81005859375;5803.81005859375;1935736
2024-10-11 13:20:00-04:00;5803.89013671875;5805.35986328125;5803.89013671875;5805.2998046875;5805.2998046875;2483624
2024-10-11 13:21:00-04:00;5805.27978515625;5805.7001953125;5805.240234375;5805.68017578125;5805.68017578125;2326739
2024-10-11 13:22:00-04:00;5805.68994140625;5805.68994140625;5804.93017578125;5805.2001953125;5805.2001953125;1975612
2024-10-11 13:23:00-04:00;5805.2099609375;5805.2900390625;5804.89990234375;5805.0498046875;5805.0498046875;2290783
2024-10-11 13:24:00-04:00;5805.14013671875;5806.330078125;5805.14013671875;5806.2099609375;5806.2099609375;2630856
2024-10-11 13:25:00-04:00;5806.240234375;5806.9501953125;5806.14013671875;5806.7099609375;5806.7099609375;2486962
2024-10-11 13:26:00-04:00;5806.77001953125;5807.1201171875;5806.66015625;5806.830078125;5806.830078125;2262266
2024-10-11 13:27:00-04:00;5806.8798828125;5807.64990234375;5806.83984375;5807.56005859375;5807.56005859375;2398011
2024-10-11 13:28:00-04:00;5807.580078125;5807.6298828125;5807.10986328125;5807.10986328125;5807.10986328125;2248544
2024-10-11 13:29:00-04:00;5807.06982421875;5807.85986328125;5807.0400390625;5807.7099609375;5807.7099609375;2012620
2024-10-11 13:30:00-04:00;5807.7099609375;5808.39013671875;5807.68994140625;5808.3798828125;5808.3798828125;2125194
2024-10-11 13:31:00-04:00;5808.33984375;5809.08984375;5808.31005859375;5809.0498046875;5809.0498046875;2014325
2024-10-11 13:32:00-04:00;5809.02978515625;5809.14013671875;5808.41015625;5808.43017578125;5808.43017578125;2253341
2024-10-11 13:33:00-04:00;5808.47021484375;5808.47021484375;5808.10009765625;5808.1298828125;5808.1298828125;2401816
2024-10-11 13:34:00-04:00;5808.02978515625;5808.02978515625;5806.97998046875;5807.0400390625;5807.0400390625;2482034
2024-10-11 13:35:00-04:00;5807.06005859375;5807.10986328125;5806.080078125;5806.1298828125;5806.1298828125;2755174
2024-10-11 13:36:00-04:00;5806.169921875;5807.2998046875;5806.169921875;5806.93994140625;5806.93994140625;2568912
2024-10-11 13:37:00-04:00;5806.8701171875;5807.60009765625;5806.8701171875;5807.60009765625;5807.60009765625;2441893
2024-10-11 13:38:00-04:00;5807.6201171875;5807.91015625;5807.5;5807.91015625;5807.91015625;2736017
2024-10-11 13:39:00-04:00;5807.919921875;5808.81982421875;5807.919921875;5808.81982421875;5808.81982421875;2539928
2024-10-11 13:40:00-04:00;5808.8798828125;5809.6201171875;5808.8798828125;5809.56005859375;5809.56005859375;2504294
2024-10-11 13:41:00-04:00;5809.56982421875;5809.85009765625;5809.2998046875;5809.47021484375;5809.47021484375;2600534
2024-10-11 13:42:00-04:00;5809.35986328125;5809.56005859375;5809.27001953125;5809.35986328125;5809.35986328125;2475377
2024-10-11 13:43:00-04:00;5809.35009765625;5809.56982421875;5809.25;5809.56005859375;5809.56005859375;2182713
2024-10-11 13:44:00-04:00;5809.56982421875;5811.10009765625;5809.56982421875;5810.97021484375;5810.97021484375;2815823
2024-10-11 13:45:00-04:00;5810.97021484375;5812.06982421875;5810.85986328125;5811.66015625;5811.66015625;3058966
2024-10-11 13:46:00-04:00;5811.6298828125;5811.85986328125;5811.4501953125;5811.7900390625;5811.7900390625;2854847
2024-10-11 13:47:00-04:00;5811.77001953125;5811.77001953125;5810.91015625;5811.22998046875;5811.22998046875;2600728
2024-10-11 13:48:00-04:00;5811.25;5811.3798828125;5811.06005859375;5811.14013671875;5811.14013671875;2728785
2024-10-11 13:49:00-04:00;5811.18017578125;5811.81982421875;5811.18017578125;5811.5400390625;5811.5400390625;2899285
2024-10-11 13:50:00-04:00;5811.39013671875;5811.68017578125;5811.2001953125;5811.2001953125;5811.2001953125;2614689
2024-10-11 13:51:00-04:00;5811.22021484375;5811.72998046875;5811.08984375;5811.669921875;5811.669921875;2370621
2024-10-11 13:52:00-04:00;5811.669921875;5812.6201171875;5811.66015625;5812.5498046875;5812.5498046875;2710672
2024-10-11 13:53:00-04:00;5812.580078125;5812.7099609375;5812.169921875;5812.39013671875;5812.39013671875;2407276
2024-10-11 13:54:00-04:00;5812.3798828125;5812.4501953125;5812.16015625;5812.16015625;5812.16015625;2324150
2024-10-11 13:55:00-04:00;5812.1201171875;5812.1201171875;5811.169921875;5811.240234375;5811.240234375;2550709
2024-10-11 13:56:00-04:00;5811.22021484375;5811.72021484375;5810.0400390625;5811.33984375;5811.33984375;3903986
2024-10-11 13:57:00-04:00;5811.3798828125;5811.4599609375;5810.64013671875;5810.740234375;5810.740234375;2256497
2024-10-11 13:58:00-04:00;5810.669921875;5810.93017578125;5810.330078125;5810.4501953125;5810.4501953125;2565245
2024-10-11 13:59:00-04:00;5810.39990234375;5810.68017578125;5810.31005859375;5810.47021484375;5810.47021484375;2609366
2024-10-11 14:00:00-04:00;5810.39990234375;5810.85986328125;5810.169921875;5810.77001953125;5810.77001953125;2732582
2024-10-11 14:01:00-04:00;5810.77978515625;5811.2001953125;5810.77978515625;5810.83984375;5810.83984375;2850578
2024-10-11 14:02:00-04:00;5810.85986328125;5811.18994140625;5810.580078125;5810.7099609375;5810.7099609375;2184348
2024-10-11 14:03:00-04:00;5810.7001953125;5810.7099609375;5809.580078125;5810.16015625;5810.16015625;2597162
2024-10-11 14:04:00-04:00;5810.25;5811.85009765625;5810.25;5811.7998046875;5811.7998046875;2573059
2024-10-11 14:05:00-04:00;5811.830078125;5812.66015625;5811.830078125;5812.33984375;5812.33984375;2288414
2024-10-11 14:06:00-04:00;5812.35009765625;5812.64990234375;5812.02978515625;5812.22998046875;5812.22998046875;2739820
2024-10-11 14:07:00-04:00;5812.16015625;5812.8798828125;5812.02001953125;5812.8798828125;5812.8798828125;2251891
2024-10-11 14:08:00-04:00;5812.93017578125;5813.240234375;5812.669921875;5813.1201171875;5813.1201171875;2630385
2024-10-11 14:09:00-04:00;5813.080078125;5813.27001953125;5812.81982421875;5813.14990234375;5813.14990234375;2274384
2024-10-11 14:10:00-04:00;5813.14013671875;5814.169921875;5813.10986328125;5814.009765625;5814.009765625;2647866
2024-10-11 14:11:00-04:00;5813.93017578125;5814.16015625;5813.77001953125;5814.16015625;5814.16015625;2702726
2024-10-11 14:12:00-04:00;5814.240234375;5815.18017578125;5814.240234375;5814.56005859375;5814.56005859375;2819592
2024-10-11 14:13:00-04:00;5814.5498046875;5814.77978515625;5814.18994140625;5814.35009765625;5814.35009765625;2771926
2024-10-11 14:14:00-04:00;5814.35986328125;5815.009765625;5814.2998046875;5814.990234375;5814.990234375;2335040
2024-10-11 14:15:00-04:00;5814.990234375;5815.6298828125;5814.919921875;5815.6201171875;5815.6201171875;2730603
2024-10-11 14:16:00-04:00;5815.66015625;5815.990234375;5815.6298828125;5815.990234375;5815.990234375;2983610
2024-10-11 14:17:00-04:00;5815.990234375;5816.2099609375;5815.58984375;5815.77001953125;5815.77001953125;3062064
2024-10-11 14:18:00-04:00;5815.77001953125;5816.10986328125;5815.759765625;5815.990234375;5815.990234375;2493734
2024-10-11 14:19:00-04:00;5816.0400390625;5817.89013671875;5816.0400390625;5816.81005859375;5816.81005859375;3895361
2024-10-11 14:20:00-04:00;5816.81982421875;5816.919921875;5816.4599609375;5816.47021484375;5816.47021484375;2392807
2024-10-11 14:21:00-04:00;5816.47021484375;5816.830078125;5816.35009765625;5816.81982421875;5816.81982421875;2860878
2024-10-11 14:22:00-04:00;5816.85986328125;5816.89013671875;5816.43994140625;5816.43994140625;5816.43994140625;2976829
2024-10-11 14:23:00-04:00;5816.43017578125;5816.669921875;5815.4501953125;5815.64013671875;5815.64013671875;3607534
2024-10-11 14:24:00-04:00;5815.64990234375;5815.8701171875;5815.259765625;5815.3798828125;5815.3798828125;2126896
2024-10-11 14:25:00-04:00;5815.3798828125;5815.3798828125;5814.4501953125;5814.89990234375;5814.89990234375;2852586
2024-10-11 14:26:00-04:00;5814.919921875;5815.08984375;5814.66015625;5815.080078125;5815.080078125;2073092
2024-10-11 14:27:00-04:00;5815.0400390625;5815.56982421875;5814.7001953125;5815.33984375;5815.33984375;2708439
2024-10-11 14:28:00-04:00;5815.259765625;5815.259765625;5814.080078125;5814.169921875;5814.169921875;2514714
2024-10-11 14:29:00-04:00;5814.2099609375;5814.2099609375;5813.6298828125;5813.7998046875;5813.7998046875;2519783
2024-10-11 14:30:00-04:00;5813.81982421875;5814.2998046875;5813.81982421875;5814.169921875;5814.169921875;2649021
2024-10-11 14:31:00-04:00;5814.18994140625;5814.9501953125;5814.06982421875;5814.6298828125;5814.6298828125;3286990
2024-10-11 14:32:00-04:00;5814.56005859375;5815.14013671875;5814.56005859375;5814.60986328125;5814.60986328125;2980618
2024-10-11 14:33:00-04:00;5814.6201171875;5814.759765625;5814.22021484375;5814.33984375;5814.33984375;2387977
2024-10-11 14:34:00-04:00;5814.2998046875;5814.64013671875;5814.27978515625;5814.31982421875;5814.31982421875;2052671
2024-10-11 14:35:00-04:00;5814.27978515625;5814.31005859375;5813.68994140625;5813.759765625;5813.759765625;2828801
2024-10-11 14:36:00-04:00;5813.740234375;5813.919921875;5813.22021484375;5813.22998046875;5813.22998046875;2512254
2024-10-11 14:37:00-04:00;5813.18994140625;5813.240234375;5812.64990234375;5812.64990234375;5812.64990234375;2449623
2024-10-11 14:38:00-04:00;5812.6201171875;5812.6201171875;5808.56005859375;5808.56005859375;5808.56005859375;4460292
2024-10-11 14:39:00-04:00;5808.02001953125;5810.669921875;5807.93017578125;5810.60986328125;5810.60986328125;3810600
2024-10-11 14:40:00-04:00;5810.669921875;5811.02978515625;5810.10009765625;5810.169921875;5810.169921875;2541516
2024-10-11 14:41:00-04:00;5810.22998046875;5810.60009765625;5810.02978515625;5810.60009765625;5810.60009765625;2703478
2024-10-11 14:42:00-04:00;5810.85009765625;5812.759765625;5810.85009765625;5812.68994140625;5812.68994140625;3097896
2024-10-11 14:43:00-04:00;5812.60009765625;5812.66015625;5812.2001953125;5812.5400390625;5812.5400390625;2988694
2024-10-11 14:44:00-04:00;5812.52001953125;5812.60009765625;5812.330078125;5812.5;5812.5;2502578
2024-10-11 14:45:00-04:00;5812.5;5814.41015625;5812.5;5814.41015625;5814.41015625;3525546
2024-10-11 14:46:00-04:00;5814.3798828125;5814.6298828125;5814.2001953125;5814.240234375;5814.240234375;2795690
2024-10-11 14:47:00-04:00;5814.240234375;5814.66015625;5814.18994140625;5814.31982421875;5814.31982421875;2817313
2024-10-11 14:48:00-04:00;5814.259765625;5814.419921875;5813.990234375;5814.39013671875;5814.39013671875;2525952
2024-10-11 14:49:00-04:00;5814.43017578125;5814.58984375;5813.5;5813.5;5813.5;3296955
2024-10-11 14:50:00-04:00;5813.52001953125;5813.77001953125;5813.52001953125;5813.58984375;5813.58984375;2734850
2024-10-11 14:51:00-04:00;5813.60009765625;5813.740234375;5813.3798828125;5813.5;5813.5;2568825
2024-10-11 14:52:00-04:00;5813.5498046875;5813.68994140625;5813.27978515625;5813.31982421875;5813.31982421875;2592821
2024-10-11 14:53:00-04:00;5813.27001953125;5813.58984375;5813.14990234375;5813.56005859375;5813.56005859375;2885535
2024-10-11 14:54:00-04:00;5813.56005859375;5813.6298828125;5813.3701171875;5813.47998046875;5813.47998046875;2722401
2024-10-11 14:55:00-04:00;5813.52001953125;5814.7900390625;5813.4599609375;5814.740234375;5814.740234375;3679479
2024-10-11 14:56:00-04:00;5814.72998046875;5815.72998046875;5814.72021484375;5815.64990234375;5815.64990234375;2940328
2024-10-11 14:57:00-04:00;5815.66015625;5815.85009765625;5815.4501953125;5815.81005859375;5815.81005859375;2678742
2024-10-11 14:58:00-04:00;5815.81005859375;5816.02978515625;5815.4599609375;5815.75;5815.75;2992630
2024-10-11 14:59:00-04:00;5815.85009765625;5816.2900390625;5815.7900390625;5816.169921875;5816.169921875;2927082
2024-10-11 15:00:00-04:00;5816.22021484375;5816.56005859375;5815.52978515625;5816.490234375;5816.490234375;3974529
2024-10-11 15:01:00-04:00;5816.3798828125;5816.58984375;5816.22021484375;5816.490234375;5816.490234375;3022524
2024-10-11 15:02:00-04:00;5816.47998046875;5816.5;5816.14990234375;5816.490234375;5816.490234375;2454302
2024-10-11 15:03:00-04:00;5816.47998046875;5816.919921875;5816.43017578125;5816.830078125;5816.830078125;3029890
2024-10-11 15:04:00-04:00;5816.81982421875;5816.8798828125;5816.4501953125;5816.4501953125;5816.4501953125;2777085
2024-10-11 15:05:00-04:00;5816.47998046875;5816.75;5816.43994140625;5816.68017578125;5816.68017578125;2917142
2024-10-11 15:06:00-04:00;5816.77001953125;5817.14990234375;5816.6298828125;5817.14013671875;5817.14013671875;3221323
2024-10-11 15:07:00-04:00;5817.18994140625;5817.97998046875;5817.14013671875;5817.64990234375;5817.64990234375;3088335
2024-10-11 15:08:00-04:00;5817.64990234375;5818.02001953125;5817.5;5817.7998046875;5817.7998046875;2752262
2024-10-11 15:09:00-04:00;5817.81005859375;5821.7001953125;5817.77001953125;5819.39013671875;5819.39013671875;5709899
2024-10-11 15:10:00-04:00;5819.4599609375;5819.85986328125;5818.68994140625;5819.830078125;5819.830078125;2852678
2024-10-11 15:11:00-04:00;5819.7900390625;5821.3798828125;5819.669921875;5821.3798828125;5821.3798828125;3058473
2024-10-11 15:12:00-04:00;5821.2900390625;5821.6298828125;5820.669921875;5820.669921875;5820.669921875;3020560
2024-10-11 15:13:00-04:00;5820.6201171875;5820.6201171875;5819.33984375;5819.3798828125;5819.3798828125;3402151
2024-10-11 15:14:00-04:00;5819.43994140625;5820.8701171875;5819.240234375;5820.8701171875;5820.8701171875;3563386
2024-10-11 15:15:00-04:00;5820.89990234375;5822.1201171875;5820.830078125;5821.72021484375;5821.72021484375;3662815
2024-10-11 15:16:00-04:00;5821.56005859375;5821.66015625;5820.5498046875;5820.8798828125;5820.8798828125;3690048
2024-10-11 15:17:00-04:00;5820.8798828125;5820.97998046875;5820.5;5820.5;5820.5;3636835
2024-10-11 15:18:00-04:00;5820.41015625;5821.06982421875;5820.16015625;5820.9599609375;5820.9599609375;3570579
2024-10-11 15:19:00-04:00;5820.9501953125;5821.02978515625;5820.22021484375;5820.43994140625;5820.43994140625;3700009
2024-10-11 15:20:00-04:00;5820.47998046875;5820.83984375;5819.8798828125;5820.1201171875;5820.1201171875;3560009
2024-10-11 15:21:00-04:00;5820.14990234375;5820.56005859375;5819.89990234375;5820.56005859375;5820.56005859375;3022839
2024-10-11 15:22:00-04:00;5820.58984375;5820.6201171875;5819.7099609375;5819.7099609375;5819.7099609375;3373864
2024-10-11 15:23:00-04:00;5819.68994140625;5820.169921875;5819.0498046875;5820.169921875;5820.169921875;3678666
2024-10-11 15:24:00-04:00;5820.18017578125;5820.64013671875;5820.1298828125;5820.419921875;5820.419921875;3343858
2024-10-11 15:25:00-04:00;5820.4501953125;5820.97998046875;5820.080078125;5820.9599609375;5820.9599609375;3361023
2024-10-11 15:26:00-04:00;5821.080078125;5821.080078125;5820.2900390625;5820.75;5820.75;3207147
2024-10-11 15:27:00-04:00;5820.77001953125;5821.31005859375;5820.47998046875;5820.5498046875;5820.5498046875;3297805
2024-10-11 15:28:00-04:00;5820.5498046875;5820.759765625;5819.830078125;5819.89990234375;5819.89990234375;4556585
2024-10-11 15:29:00-04:00;5819.9501953125;5820.06005859375;5819.4501953125;5819.7001953125;5819.7001953125;3981979
2024-10-11 15:30:00-04:00;5819.68994140625;5819.68994140625;5818.419921875;5818.64990234375;5818.64990234375;5567643
2024-10-11 15:31:00-04:00;5818.68017578125;5819.56982421875;5818.64990234375;5819.2998046875;5819.2998046875;4428007
2024-10-11 15:32:00-04:00;5819.27978515625;5821.43994140625;5819.240234375;5821.43994140625;5821.43994140625;5163334
2024-10-11 15:33:00-04:00;5821.6201171875;5822.1298828125;5821.56005859375;5821.830078125;5821.830078125;4821601
2024-10-11 15:34:00-04:00;5821.77001953125;5821.83984375;5820.77978515625;5820.9501953125;5820.9501953125;4556347
2024-10-11 15:35:00-04:00;5820.9501953125;5820.990234375;5819.740234375;5819.91015625;5819.91015625;4758318
2024-10-11 15:36:00-04:00;5819.919921875;5819.97998046875;5819.14013671875;5819.4599609375;5819.4599609375;4354791
2024-10-11 15:37:00-04:00;5819.6201171875;5820.18994140625;5819.60986328125;5820.18994140625;5820.18994140625;4662780
2024-10-11 15:38:00-04:00;5820.27001953125;5820.27001953125;5819.4599609375;5820.06005859375;5820.06005859375;4470331
2024-10-11 15:39:00-04:00;5820.1201171875;5820.2001953125;5819.47998046875;5819.56005859375;5819.56005859375;4330061
2024-10-11 15:40:00-04:00;5819.5498046875;5819.5498046875;5818.77978515625;5818.8701171875;5818.8701171875;5736903
2024-10-11 15:41:00-04:00;5818.8798828125;5818.97998046875;5818.0400390625;5818.68017578125;5818.68017578125;5177488
2024-10-11 15:42:00-04:00;5818.9501953125;5819.0;5818.009765625;5818.93017578125;5818.93017578125;4750612
2024-10-11 15:43:00-04:00;5818.9501953125;5819.080078125;5818.08984375;5818.31982421875;5818.31982421875;4717098
2024-10-11 15:44:00-04:00;5818.2998046875;5818.58984375;5817.93994140625;5818.41015625;5818.41015625;5069118
2024-10-11 15:45:00-04:00;5818.39013671875;5820.56982421875;5818.22998046875;5820.2900390625;5820.2900390625;7333796
2024-10-11 15:46:00-04:00;5820.31982421875;5820.43017578125;5817.5498046875;5817.759765625;5817.759765625;7596957
2024-10-11 15:47:00-04:00;5817.72021484375;5817.8701171875;5816.75;5817.22998046875;5817.22998046875;7113764
2024-10-11 15:48:00-04:00;5817.169921875;5818.10986328125;5817.169921875;5818.10986328125;5818.10986328125;6251569
2024-10-11 15:49:00-04:00;5818.1298828125;5818.7998046875;5817.60986328125;5818.75;5818.75;7758822
2024-10-11 15:50:00-04:00;5818.81982421875;5820.31982421875;5818.81982421875;5819.68017578125;5819.68017578125;13756640
2024-10-11 15:51:00-04:00;5819.68994140625;5820.419921875;5818.58984375;5818.81982421875;5818.81982421875;11343217
2024-10-11 15:52:00-04:00;5818.7099609375;5819.02978515625;5818.1201171875;5818.9501953125;5818.9501953125;10240429
2024-10-11 15:53:00-04:00;5819.02978515625;5819.2900390625;5818.77978515625;5818.77978515625;5818.77978515625;10522667
2024-10-11 15:54:00-04:00;5818.740234375;5818.740234375;5817.68017578125;5818.25;5818.25;14414059
2024-10-11 15:55:00-04:00;5818.18994140625;5818.18994140625;5815.759765625;5817.5498046875;5817.5498046875;20354245
2024-10-11 15:56:00-04:00;5817.7001953125;5817.7001953125;5816.6298828125;5817.0;5817.0;19373330
2024-10-11 15:57:00-04:00;5816.97021484375;5817.0;5815.75;5816.580078125;5816.580078125;19834631
2024-10-11 15:58:00-04:00;5816.5400390625;5816.56005859375;5815.06005859375;5815.27978515625;5815.27978515625;21141086
2024-10-11 15:59:00-04:00;5815.31005859375;5816.14990234375;5814.66015625;5814.91015625;5814.91015625;21959146
