Datetime;Open;High;Low;Close;Adj Close;Volume
2024-12-11 09:30:00-05:00;6060.14990234375;6065.89990234375;6060.14990234375;6063.7900390625;6063.7900390625;0
2024-12-11 09:31:00-05:00;6063.8798828125;6066.4501953125;6063.58984375;6066.08984375;6066.08984375;19524168
2024-12-11 09:32:00-05:00;6065.490234375;6067.75;6065.490234375;6067.18017578125;6067.18017578125;11669885
2024-12-11 09:33:00-05:00;6067.52978515625;6068.759765625;6066.33984375;6067.35986328125;6067.35986328125;11253677
2024-12-11 09:34:00-05:00;6066.759765625;6068.93994140625;6066.7001953125;6067.509765625;6067.509765625;10349443
2024-12-11 09:35:00-05:00;6067.4599609375;6069.4501953125;6067.4599609375;6069.4501953125;6069.4501953125;10229746
2024-12-11 09:36:00-05:00;6069.77978515625;6069.990234375;6068.2998046875;6068.759765625;6068.759765625;10391467
2024-12-11 09:37:00-05:00;6068.60009765625;6069.1298828125;6066.35009765625;6066.35986328125;6066.35986328125;9267667
2024-12-11 09:38:00-05:00;6066.419921875;6067.830078125;6066.1201171875;6066.8701171875;6066.8701171875;11042763
2024-12-11 09:39:00-05:00;6066.740234375;6068.14990234375;6066.47021484375;6066.85986328125;6066.85986328125;10151241
2024-12-11 09:40:00-05:00;6066.75;6068.740234375;6066.35009765625;6068.169921875;6068.169921875;10839769
2024-12-11 09:41:00-05:00;6068.27001953125;6070.02001953125;6068.08984375;6069.56982421875;6069.56982421875;9420378
2024-12-11 09:42:00-05:00;6069.5498046875;6069.5498046875;6066.759765625;6068.2998046875;6068.2998046875;9908599
2024-12-11 09:43:00-05:00;6068.41015625;6069.22998046875;6067.93017578125;6068.8798828125;6068.8798828125;9065150
2024-12-11 09:44:00-05:00;6069.02978515625;6070.2099609375;6069.02978515625;6069.25;6069.25;8865034
2024-12-11 09:45:00-05:00;6069.64013671875;6072.66015625;6068.66015625;6072.22998046875;6072.22998046875;8894321
2024-12-11 09:46:00-05:00;6072.2900390625;6073.9599609375;6071.72021484375;6073.2900390625;6073.2900390625;10360489
2024-12-11 09:47:00-05:00;6073.490234375;6075.080078125;6073.10986328125;6074.169921875;6074.169921875;9552238
2024-12-11 09:48:00-05:00;6074.16015625;6075.08984375;6073.97021484375;6074.27978515625;6074.27978515625;8579699
2024-12-11 09:49:00-05:00;6074.41015625;6074.43017578125;6072.52001953125;6073.10986328125;6073.10986328125;8420440
2024-12-11 09:50:00-05:00;6073.08984375;6074.7998046875;6072.830078125;6073.58984375;6073.58984375;9526263
2024-12-11 09:51:00-05:00;6073.6298828125;6074.93994140625;6073.5;6074.5400390625;6074.5400390625;9228342
2024-12-11 09:52:00-05:00;6074.47998046875;6075.06982421875;6073.919921875;6074.6201171875;6074.6201171875;8371257
2024-12-11 09:53:00-05:00;6074.64990234375;6075.6201171875;6073.64990234375;6075.22998046875;6075.22998046875;7850698
2024-12-11 09:54:00-05:00;6075.02978515625;6075.22998046875;6074.02978515625;6075.0;6075.0;7210851
2024-12-11 09:55:00-05:00;6075.02001953125;6075.81982421875;6074.25;6074.72021484375;6074.72021484375;7384376
2024-12-11 09:56:00-05:00;6074.52001953125;6074.7900390625;6073.27001953125;6073.35986328125;6073.35986328125;8053135
2024-12-11 09:57:00-05:00;6073.47998046875;6074.72021484375;6073.47998046875;6074.68017578125;6074.68017578125;7730297
2024-12-11 09:58:00-05:00;6074.72021484375;6076.2099609375;6074.41015625;6074.9599609375;6074.9599609375;7723895
2024-12-11 09:59:00-05:00;6075.0;6077.0400390625;6074.93017578125;6076.81982421875;6076.81982421875;7997625
2024-12-11 10:00:00-05:00;6076.8701171875;6076.8701171875;6073.10009765625;6074.14990234375;6074.14990234375;8165891
2024-12-11 10:01:00-05:00;6074.3701171875;6074.3701171875;6072.669921875;6072.830078125;6072.830078125;8578328
2024-12-11 10:02:00-05:00;6072.7900390625;6073.759765625;6071.64013671875;6073.1201171875;6073.1201171875;8562691
2024-12-11 10:03:00-05:00;6072.89990234375;6072.89990234375;6071.6298828125;6071.919921875;6071.919921875;6856663
2024-12-11 10:04:00-05:00;6071.830078125;6074.08984375;6071.41015625;6073.97998046875;6073.97998046875;7837445
2024-12-11 10:05:00-05:00;6074.02978515625;6076.25;6074.02978515625;6076.02978515625;6076.02978515625;6956052
2024-12-11 10:06:00-05:00;6075.990234375;6076.22021484375;6074.580078125;6075.83984375;6075.83984375;6725458
2024-12-11 10:07:00-05:00;6075.77978515625;6077.0;6075.419921875;6076.490234375;6076.490234375;7738312
2024-12-11 10:08:00-05:00;6076.41015625;6076.6201171875;6075.72021484375;6075.89013671875;6075.89013671875;7327528
2024-12-11 10:09:00-05:00;6075.85009765625;6077.740234375;6075.3701171875;6077.6201171875;6077.6201171875;6596851
2024-12-11 10:10:00-05:00;6077.7001953125;6079.02001953125;6077.31005859375;6078.89013671875;6078.89013671875;6224124
2024-12-11 10:11:00-05:00;6079.0400390625;6079.7099609375;6078.0;6078.56005859375;6078.56005859375;6896698
2024-12-11 10:12:00-05:00;6078.47998046875;6079.89013671875;6077.97021484375;6079.10986328125;6079.10986328125;6016712
2024-12-11 10:13:00-05:00;6079.08984375;6079.93017578125;6078.72021484375;6079.56005859375;6079.56005859375;6406573
2024-12-11 10:14:00-05:00;6079.56982421875;6081.72998046875;6079.56982421875;6081.41015625;6081.41015625;5797195
2024-12-11 10:15:00-05:00;6081.419921875;6081.419921875;6079.830078125;6079.830078125;6079.830078125;5976148
2024-12-11 10:16:00-05:00;6079.47998046875;6080.0;6076.7998046875;6076.83984375;6076.83984375;6174930
2024-12-11 10:17:00-05:00;6076.97998046875;6078.27978515625;6076.41015625;6078.169921875;6078.169921875;5473686
2024-12-11 10:18:00-05:00;6078.14013671875;6078.35986328125;6075.81982421875;6076.0498046875;6076.0498046875;6412904
2024-12-11 10:19:00-05:00;6075.97998046875;6076.919921875;6075.97021484375;6076.47021484375;6076.47021484375;5969536
2024-12-11 10:20:00-05:00;6076.27978515625;6077.22021484375;6075.7900390625;6076.580078125;6076.580078125;6028921
2024-12-11 10:21:00-05:00;6076.5400390625;6076.56982421875;6073.68994140625;6074.4501953125;6074.4501953125;6902159
2024-12-11 10:22:00-05:00;6074.56005859375;6075.3798828125;6073.759765625;6074.43994140625;6074.43994140625;5993186
2024-12-11 10:23:00-05:00;6074.89990234375;6075.4501953125;6073.93994140625;6074.68017578125;6074.68017578125;5401401
2024-12-11 10:24:00-05:00;6074.7099609375;6075.6201171875;6074.7099609375;6075.58984375;6075.58984375;6144413
2024-12-11 10:25:00-05:00;6075.3701171875;6075.64013671875;6074.35986328125;6075.509765625;6075.509765625;5826773
2024-12-11 10:26:00-05:00;6075.5;6075.580078125;6074.77001953125;6075.3798828125;6075.3798828125;5200504
2024-12-11 10:27:00-05:00;6075.39013671875;6075.89013671875;6075.009765625;6075.52978515625;6075.52978515625;5570209
2024-12-11 10:28:00-05:00;6075.47998046875;6075.509765625;6073.2998046875;6073.64013671875;6073.64013671875;6189125
2024-12-11 10:29:00-05:00;6073.72021484375;6073.72021484375;6072.419921875;6073.68017578125;6073.68017578125;6215429
2024-12-11 10:30:00-05:00;6073.66015625;6075.39990234375;6073.64013671875;6074.06005859375;6074.06005859375;7111919
2024-12-11 10:31:00-05:00;6074.10986328125;6075.41015625;6073.22998046875;6075.3701171875;6075.3701171875;7078420
2024-12-11 10:32:00-05:00;6075.5;6075.5;6073.97998046875;6073.990234375;6073.990234375;5253961
2024-12-11 10:33:00-05:00;6074.2900390625;6076.2099609375;6074.0;6075.7998046875;6075.7998046875;6249298
2024-12-11 10:34:00-05:00;6075.77001953125;6076.47021484375;6075.18017578125;6076.169921875;6076.169921875;6573737
2024-12-11 10:35:00-05:00;6076.27978515625;6076.68994140625;6075.6201171875;6076.490234375;6076.490234375;6132685
2024-12-11 10:36:00-05:00;6076.52001953125;6076.52001953125;6075.5400390625;6076.02978515625;6076.02978515625;5719848
2024-12-11 10:37:00-05:00;6076.0;6077.16015625;6075.33984375;6077.02978515625;6077.02978515625;5338732
2024-12-11 10:38:00-05:00;6076.830078125;6076.97021484375;6075.740234375;6076.9599609375;6076.9599609375;4795461
2024-12-11 10:39:00-05:00;6076.89990234375;6077.56005859375;6076.47021484375;6077.1201171875;6077.1201171875;6631531
2024-12-11 10:40:00-05:00;6077.2001953125;6078.02978515625;6076.9501953125;6077.89013671875;6077.89013671875;5987331
2024-12-11 10:41:00-05:00;6077.919921875;6078.02001953125;6077.0498046875;6077.0498046875;6077.0498046875;6576158
2024-12-11 10:42:00-05:00;6077.06005859375;6077.06005859375;6076.2099609375;6076.580078125;6076.580078125;2923458
2024-12-11 10:44:00-05:00;6075.31982421875;6076.68994140625;6075.06982421875;6076.66015625;6076.66015625;12092307
2024-12-11 10:45:00-05:00;6076.77001953125;6078.509765625;6076.56982421875;6078.47021484375;6078.47021484375;6423063
2024-12-11 10:46:00-05:00;6078.5;6078.64990234375;6077.18017578125;6077.22021484375;6077.22021484375;4935177
2024-12-11 10:47:00-05:00;6077.14013671875;6078.31005859375;6076.669921875;6077.990234375;6077.990234375;5539144
2024-12-11 10:48:00-05:00;6077.93017578125;6078.669921875;6077.7998046875;6078.58984375;6078.58984375;5329038
2024-12-11 10:49:00-05:00;6078.5;6078.7900390625;6077.89990234375;6078.10986328125;6078.10986328125;4405656
2024-12-11 10:50:00-05:00;6078.08984375;6079.06005859375;6078.08984375;6078.81982421875;6078.81982421875;4827501
2024-12-11 10:51:00-05:00;6078.93994140625;6079.5;6078.72021484375;6078.89990234375;6078.89990234375;4784977
2024-12-11 10:52:00-05:00;6079.02001953125;6079.08984375;6076.18994140625;6076.18994140625;6076.18994140625;5437565
2024-12-11 10:53:00-05:00;6076.22021484375;6077.0498046875;6075.68994140625;6075.68994140625;6075.68994140625;4649988
2024-12-11 10:54:00-05:00;6075.6201171875;6075.990234375;6074.490234375;6075.7001953125;6075.7001953125;4512177
2024-12-11 10:55:00-05:00;6075.740234375;6075.740234375;6074.39013671875;6074.7998046875;6074.7998046875;4419147
2024-12-11 10:56:00-05:00;6074.740234375;6074.919921875;6073.7099609375;6074.60009765625;6074.60009765625;4499979
2024-12-11 10:57:00-05:00;6074.72021484375;6075.02978515625;6074.080078125;6074.77001953125;6074.77001953125;4283259
2024-12-11 10:58:00-05:00;6074.759765625;6075.330078125;6074.47998046875;6074.830078125;6074.830078125;4825862
2024-12-11 10:59:00-05:00;6075.02001953125;6077.02978515625;6074.81982421875;6076.509765625;6076.509765625;5988206
2024-12-11 11:00:00-05:00;6076.31982421875;6076.60986328125;6074.43994140625;6074.77978515625;6074.77978515625;5547691
2024-12-11 11:01:00-05:00;6074.830078125;6075.0400390625;6074.10009765625;6074.35009765625;6074.35009765625;4796953
2024-12-11 11:02:00-05:00;6074.490234375;6075.89013671875;6074.35009765625;6075.7998046875;6075.7998046875;5105239
2024-12-11 11:03:00-05:00;6075.7099609375;6075.91015625;6075.009765625;6075.3798828125;6075.3798828125;4128017
2024-12-11 11:04:00-05:00;6075.3798828125;6076.0;6074.7001953125;6074.93017578125;6074.93017578125;4579657
2024-12-11 11:05:00-05:00;6074.91015625;6076.240234375;6074.509765625;6076.240234375;6076.240234375;6570983
2024-12-11 11:06:00-05:00;6076.18994140625;6078.22021484375;6076.169921875;6077.81982421875;6077.81982421875;5250181
2024-12-11 11:07:00-05:00;6077.97998046875;6078.3798828125;6076.5;6076.6298828125;6076.6298828125;5412999
2024-12-11 11:08:00-05:00;6076.740234375;6076.759765625;6075.7998046875;6076.72998046875;6076.72998046875;5321550
2024-12-11 11:09:00-05:00;6076.7099609375;6077.18017578125;6076.009765625;6076.60986328125;6076.60986328125;4554175
2024-12-11 11:10:00-05:00;6076.39013671875;6077.97021484375;6076.2099609375;6077.75;6077.75;4825231
2024-12-11 11:11:00-05:00;6077.7099609375;6078.5498046875;6076.990234375;6078.5498046875;6078.5498046875;4812217
2024-12-11 11:12:00-05:00;6078.47021484375;6078.72021484375;6077.259765625;6077.8798828125;6077.8798828125;5001150
2024-12-11 11:13:00-05:00;6077.830078125;6077.89013671875;6076.56982421875;6077.64990234375;6077.64990234375;4910848
2024-12-11 11:14:00-05:00;6077.68017578125;6079.02001953125;6077.68017578125;6078.77978515625;6078.77978515625;4990845
2024-12-11 11:15:00-05:00;6078.81982421875;6078.93994140625;6077.97021484375;6078.08984375;6078.08984375;4961507
2024-12-11 11:16:00-05:00;6078.16015625;6078.490234375;6076.83984375;6076.97021484375;6076.97021484375;4992524
2024-12-11 11:17:00-05:00;6077.02001953125;6077.41015625;6076.66015625;6077.02001953125;6077.02001953125;4820048
2024-12-11 11:18:00-05:00;6076.93994140625;6077.85986328125;6076.93994140625;6077.419921875;6077.419921875;4115528
2024-12-11 11:19:00-05:00;6077.39990234375;6078.10009765625;6076.759765625;6077.7900390625;6077.7900390625;4936409
2024-12-11 11:20:00-05:00;6078.1201171875;6078.52001953125;6077.7001953125;6078.3798828125;6078.3798828125;4482545
2024-12-11 11:21:00-05:00;6078.259765625;6078.4501953125;6078.0498046875;6078.06005859375;6078.06005859375;4214415
2024-12-11 11:22:00-05:00;6077.85986328125;6078.56005859375;6077.490234375;6078.02978515625;6078.02978515625;5325662
2024-12-11 11:23:00-05:00;6078.080078125;6079.35986328125;6078.0;6079.35986328125;6079.35986328125;4366352
2024-12-11 11:24:00-05:00;6079.41015625;6080.580078125;6079.2001953125;6080.580078125;6080.580078125;4745043
2024-12-11 11:25:00-05:00;6080.509765625;6081.3798828125;6080.4501953125;6081.3701171875;6081.3701171875;4261522
2024-12-11 11:26:00-05:00;6081.22021484375;6082.9501953125;6080.740234375;6082.9501953125;6082.9501953125;4209034
2024-12-11 11:27:00-05:00;6083.02001953125;6083.02001953125;6081.919921875;6082.6201171875;6082.6201171875;4608941
2024-12-11 11:28:00-05:00;6082.66015625;6083.64990234375;6082.5400390625;6083.52001953125;6083.52001953125;5614119
2024-12-11 11:29:00-05:00;6083.4599609375;6084.02978515625;6083.0400390625;6083.81982421875;6083.81982421875;4861647
2024-12-11 11:30:00-05:00;6083.759765625;6083.89990234375;6082.990234375;6083.3798828125;6083.3798828125;3682526
2024-12-11 11:31:00-05:00;6083.47021484375;6084.1201171875;6083.1298828125;6084.009765625;6084.009765625;4648446
2024-12-11 11:32:00-05:00;6083.990234375;6084.080078125;6082.97998046875;6083.64990234375;6083.64990234375;4523895
2024-12-11 11:33:00-05:00;6083.66015625;6083.66015625;6082.89013671875;6083.22021484375;6083.22021484375;3677245
2024-12-11 11:34:00-05:00;6083.14990234375;6083.68994140625;6083.0498046875;6083.39013671875;6083.39013671875;4033608
2024-12-11 11:35:00-05:00;6083.3798828125;6085.4599609375;6083.35986328125;6085.4599609375;6085.4599609375;3913821
2024-12-11 11:36:00-05:00;6085.35986328125;6085.41015625;6084.58984375;6084.81982421875;6084.81982421875;5173199
2024-12-11 11:37:00-05:00;6084.89013671875;6084.97021484375;6084.1201171875;6084.330078125;6084.330078125;3907560
2024-12-11 11:38:00-05:00;6084.39013671875;6085.2099609375;6084.39013671875;6085.08984375;6085.08984375;4084120
2024-12-11 11:39:00-05:00;6085.18017578125;6086.52001953125;6085.18017578125;6086.52001953125;6086.52001953125;5508053
2024-12-11 11:40:00-05:00;6086.509765625;6086.72021484375;6085.22021484375;6085.43994140625;6085.43994140625;4831054
2024-12-11 11:41:00-05:00;6085.330078125;6086.0400390625;6084.669921875;6085.9599609375;6085.9599609375;4636493
2024-12-11 11:42:00-05:00;6085.9501953125;6086.10009765625;6085.330078125;6085.669921875;6085.669921875;3893415
2024-12-11 11:43:00-05:00;6085.7001953125;6087.35986328125;6085.5400390625;6087.2900390625;6087.2900390625;4321716
2024-12-11 11:44:00-05:00;6087.3701171875;6087.419921875;6086.7998046875;6087.330078125;6087.330078125;3966188
2024-12-11 11:45:00-05:00;6087.3798828125;6087.6201171875;6086.91015625;6086.97998046875;6086.97998046875;3951536
2024-12-11 11:46:00-05:00;6086.97998046875;6087.330078125;6086.66015625;6086.7099609375;6086.7099609375;3930241
2024-12-11 11:47:00-05:00;6086.83984375;6086.85009765625;6085.72021484375;6086.330078125;6086.330078125;3098416
2024-12-11 11:48:00-05:00;6086.35009765625;6087.2099609375;6086.259765625;6086.77001953125;6086.77001953125;3997663
2024-12-11 11:49:00-05:00;6086.72021484375;6086.990234375;6086.509765625;6086.83984375;6086.83984375;3602237
2024-12-11 11:50:00-05:00;6086.89990234375;6087.22998046875;6085.64013671875;6085.93017578125;6085.93017578125;4387697
2024-12-11 11:51:00-05:00;6085.93994140625;6086.2998046875;6085.2900390625;6085.93994140625;6085.93994140625;4267104
2024-12-11 11:52:00-05:00;6086.009765625;6086.169921875;6084.81005859375;6084.9501953125;6084.9501953125;3625694
2024-12-11 11:53:00-05:00;6084.9501953125;6085.8798828125;6084.68994140625;6084.91015625;6084.91015625;3988792
2024-12-11 11:54:00-05:00;6084.85009765625;6085.490234375;6084.72998046875;6085.490234375;6085.490234375;3911614
2024-12-11 11:55:00-05:00;6085.490234375;6085.580078125;6084.39013671875;6084.39013671875;6084.39013671875;4201650
2024-12-11 11:56:00-05:00;6084.3798828125;6085.35009765625;6084.330078125;6084.580078125;6084.580078125;3496318
2024-12-11 11:57:00-05:00;6084.75;6084.9599609375;6084.1298828125;6084.169921875;6084.169921875;3108666
2024-12-11 11:58:00-05:00;6084.1201171875;6085.7900390625;6084.009765625;6085.5;6085.5;3949529
2024-12-11 11:59:00-05:00;6085.47998046875;6086.41015625;6085.06982421875;6086.41015625;6086.41015625;3885524
2024-12-11 12:00:00-05:00;6086.43017578125;6087.52978515625;6086.06982421875;6087.52978515625;6087.52978515625;4050589
2024-12-11 12:01:00-05:00;6087.64013671875;6088.330078125;6087.60986328125;6087.8798828125;6087.8798828125;3614126
2024-12-11 12:02:00-05:00;6087.9599609375;6087.9599609375;6086.830078125;6087.60986328125;6087.60986328125;4326062
2024-12-11 12:03:00-05:00;6087.6298828125;6088.75;6087.52001953125;6088.75;6088.75;3626757
2024-12-11 12:04:00-05:00;6088.81982421875;6089.91015625;6088.6298828125;6089.1298828125;6089.1298828125;3958533
2024-12-11 12:05:00-05:00;6089.1201171875;6089.27001953125;6088.52978515625;6088.52978515625;6088.52978515625;3955415
2024-12-11 12:06:00-05:00;6088.60009765625;6089.240234375;6088.169921875;6089.2099609375;6089.2099609375;3334744
2024-12-11 12:07:00-05:00;6089.35009765625;6089.6201171875;6088.740234375;6089.18994140625;6089.18994140625;4226615
2024-12-11 12:08:00-05:00;6089.22021484375;6089.39990234375;6088.97998046875;6089.31982421875;6089.31982421875;3193369
2024-12-11 12:09:00-05:00;6089.41015625;6089.83984375;6089.14013671875;6089.14013671875;6089.14013671875;3892199
2024-12-11 12:10:00-05:00;6088.8701171875;6089.35009765625;6088.8701171875;6089.35009765625;6089.35009765625;0
2024-12-11 12:11:00-05:00;6090.25;6090.4501953125;6089.759765625;6090.2099609375;6090.2099609375;1035318105
2024-12-11 12:12:00-05:00;6090.169921875;6090.580078125;6089.68994140625;6089.919921875;6089.919921875;4153462
2024-12-11 12:13:00-05:00;6089.89013671875;6089.9501953125;6088.89013671875;6089.06005859375;6089.06005859375;3587128
2024-12-11 12:14:00-05:00;6088.83984375;6089.1201171875;6088.7099609375;6088.81005859375;6088.81005859375;4092728
2024-12-11 12:15:00-05:00;6088.81005859375;6088.93994140625;6088.43017578125;6088.740234375;6088.740234375;4035982
2024-12-11 12:16:00-05:00;6088.7099609375;6089.72998046875;6088.6201171875;6089.4599609375;6089.4599609375;3872922
2024-12-11 12:17:00-05:00;6089.39013671875;6089.41015625;6088.830078125;6089.10986328125;6089.10986328125;3753687
2024-12-11 12:18:00-05:00;6089.0400390625;6089.14990234375;6088.509765625;6088.64013671875;6088.64013671875;3656696
2024-12-11 12:19:00-05:00;6088.7099609375;6088.77001953125;6087.830078125;6088.4501953125;6088.4501953125;3841394
2024-12-11 12:20:00-05:00;6088.47021484375;6088.47021484375;6087.83984375;6087.83984375;6087.83984375;4062625
2024-12-11 12:21:00-05:00;6087.77001953125;6088.02001953125;6086.66015625;6088.02001953125;6088.02001953125;3714079
2024-12-11 12:22:00-05:00;6088.009765625;6088.02001953125;6086.39990234375;6087.31982421875;6087.31982421875;3900411
2024-12-11 12:23:00-05:00;6087.2099609375;6088.169921875;6087.0;6088.0;6088.0;3134192
2024-12-11 12:24:00-05:00;6087.93017578125;6088.33984375;6087.56005859375;6088.33984375;6088.33984375;3150602
2024-12-11 12:25:00-05:00;6088.39013671875;6088.43017578125;6087.10986328125;6087.10986328125;6087.10986328125;3405168
2024-12-11 12:26:00-05:00;6087.259765625;6087.89013671875;6086.7900390625;6087.6201171875;6087.6201171875;3368502
2024-12-11 12:27:00-05:00;6087.56982421875;6087.64013671875;6086.8798828125;6087.0400390625;6087.0400390625;3525602
2024-12-11 12:28:00-05:00;6086.9599609375;6086.9599609375;6085.7900390625;6085.85986328125;6085.85986328125;4259665
2024-12-11 12:29:00-05:00;6085.919921875;6086.77001953125;6085.77001953125;6086.56982421875;6086.56982421875;3927638
2024-12-11 12:30:00-05:00;6086.509765625;6087.669921875;6086.509765625;6087.02001953125;6087.02001953125;4493181
2024-12-11 12:31:00-05:00;6087.02978515625;6087.02978515625;6085.02001953125;6085.2001953125;6085.2001953125;4206654
2024-12-11 12:32:00-05:00;6085.330078125;6086.2001953125;6085.330078125;6086.009765625;6086.009765625;3122008
2024-12-11 12:33:00-05:00;6086.0;6087.52978515625;6086.0;6087.330078125;6087.330078125;3366315
2024-12-11 12:34:00-05:00;6087.25;6087.35986328125;6086.169921875;6086.7001953125;6086.7001953125;3288056
2024-12-11 12:35:00-05:00;6086.72021484375;6086.91015625;6086.2099609375;6086.43994140625;6086.43994140625;3344996
2024-12-11 12:36:00-05:00;6086.509765625;6086.509765625;6085.56982421875;6085.830078125;6085.830078125;3434048
2024-12-11 12:37:00-05:00;6085.7900390625;6086.4599609375;6085.56005859375;6086.2001953125;6086.2001953125;2727626
2024-12-11 12:38:00-05:00;6086.240234375;6086.81005859375;6086.080078125;6086.39013671875;6086.39013671875;3412898
2024-12-11 12:39:00-05:00;6086.39990234375;6087.4599609375;6085.66015625;6087.4599609375;6087.4599609375;3922618
2024-12-11 12:40:00-05:00;6087.5400390625;6088.2998046875;6087.0498046875;6088.2998046875;6088.2998046875;4157155
2024-12-11 12:41:00-05:00;6088.330078125;6088.97021484375;6088.330078125;6088.97021484375;6088.97021484375;3671874
2024-12-11 12:42:00-05:00;6089.08984375;6089.2998046875;6088.830078125;6089.10009765625;6089.10009765625;3203513
2024-12-11 12:43:00-05:00;6089.02978515625;6089.02978515625;6088.490234375;6088.7099609375;6088.7099609375;3168817
2024-12-11 12:44:00-05:00;6088.68994140625;6089.330078125;6088.64013671875;6089.18017578125;6089.18017578125;3501439
2024-12-11 12:45:00-05:00;6089.14013671875;6089.3701171875;6088.64990234375;6088.91015625;6088.91015625;3223793
2024-12-11 12:46:00-05:00;6088.89013671875;6089.5;6088.77978515625;6089.08984375;6089.08984375;2996430
2024-12-11 12:47:00-05:00;6089.080078125;6089.14990234375;6088.5498046875;6088.990234375;6088.990234375;2963764
2024-12-11 12:48:00-05:00;6089.06982421875;6089.5400390625;6088.89013671875;6089.5400390625;6089.5400390625;3728992
2024-12-11 12:49:00-05:00;6089.60986328125;6089.77978515625;6088.89013671875;6089.18017578125;6089.18017578125;3062375
2024-12-11 12:50:00-05:00;6089.16015625;6089.81982421875;6088.0;6088.1298828125;6088.1298828125;3360423
2024-12-11 12:51:00-05:00;6088.10986328125;6088.60986328125;6087.93017578125;6088.56005859375;6088.56005859375;3215584
2024-12-11 12:52:00-05:00;6088.60009765625;6088.60009765625;6087.85009765625;6087.8798828125;6087.8798828125;2989721
2024-12-11 12:53:00-05:00;6087.97998046875;6089.16015625;6087.89990234375;6089.0400390625;6089.0400390625;2691016
2024-12-11 12:54:00-05:00;6089.0498046875;6089.33984375;6088.4501953125;6088.89990234375;6088.89990234375;3155721
2024-12-11 12:55:00-05:00;6088.830078125;6088.830078125;6087.89013671875;6088.1201171875;6088.1201171875;2566203
2024-12-11 12:56:00-05:00;6088.02978515625;6088.10986328125;6087.5498046875;6087.72998046875;6087.72998046875;2652791
2024-12-11 12:57:00-05:00;6087.669921875;6088.66015625;6087.4501953125;6088.58984375;6088.58984375;3050937
2024-12-11 12:58:00-05:00;6088.68017578125;6089.89990234375;6088.490234375;6089.759765625;6089.759765625;3221116
2024-12-11 12:59:00-05:00;6089.7099609375;6090.2900390625;6089.10009765625;6090.2900390625;6090.2900390625;3033207
2024-12-11 13:00:00-05:00;6090.18017578125;6091.1201171875;6090.06982421875;6090.68017578125;6090.68017578125;3724999
2024-12-11 13:01:00-05:00;6090.7001953125;6091.10986328125;6090.5;6090.6201171875;6090.6201171875;3518611
2024-12-11 13:02:00-05:00;6090.740234375;6092.47998046875;6090.68017578125;6091.8701171875;6091.8701171875;3958264
2024-12-11 13:03:00-05:00;6091.97021484375;6092.58984375;6091.85986328125;6092.35986328125;6092.35986328125;2957485
2024-12-11 13:04:00-05:00;6092.39013671875;6092.4501953125;6091.52001953125;6091.52978515625;6091.52978515625;3029428
2024-12-11 13:05:00-05:00;6091.5498046875;6091.6201171875;6090.22021484375;6090.580078125;6090.580078125;3535177
2024-12-11 13:06:00-05:00;6090.7001953125;6090.7001953125;6090.02001953125;6090.39013671875;6090.39013671875;4054903
2024-12-11 13:07:00-05:00;6090.3701171875;6090.68994140625;6089.72998046875;6089.919921875;6089.919921875;3377614
2024-12-11 13:08:00-05:00;6090.009765625;6090.93017578125;6089.81982421875;6090.6201171875;6090.6201171875;3169796
2024-12-11 13:09:00-05:00;6090.66015625;6090.72021484375;6090.1201171875;6090.490234375;6090.490234375;3439952
2024-12-11 13:10:00-05:00;6090.490234375;6090.68994140625;6089.47998046875;6089.5498046875;6089.5498046875;3502383
2024-12-11 13:11:00-05:00;6089.580078125;6090.52001953125;6089.490234375;6090.259765625;6090.259765625;3769416
2024-12-11 13:12:00-05:00;6090.27001953125;6090.35009765625;6088.9501953125;6088.9501953125;6088.9501953125;3624019
2024-12-11 13:13:00-05:00;6089.0;6089.39013671875;6088.52001953125;6089.3701171875;6089.3701171875;3508801
2024-12-11 13:14:00-05:00;6089.43017578125;6089.759765625;6089.18017578125;6089.56982421875;6089.56982421875;3702571
2024-12-11 13:15:00-05:00;6089.64990234375;6089.7900390625;6088.7998046875;6088.7998046875;6088.7998046875;3915530
2024-12-11 13:16:00-05:00;6088.77978515625;6089.72021484375;6088.5498046875;6088.66015625;6088.66015625;4861045
2024-12-11 13:17:00-05:00;6088.77001953125;6089.39990234375;6088.68994140625;6089.25;6089.25;3245798
2024-12-11 13:18:00-05:00;6089.259765625;6089.7998046875;6089.0400390625;6089.66015625;6089.66015625;5452474
2024-12-11 13:19:00-05:00;6089.72998046875;6090.31005859375;6089.41015625;6090.2998046875;6090.2998046875;4149934
2024-12-11 13:20:00-05:00;6090.35009765625;6090.47021484375;6088.68017578125;6088.68017578125;6088.68017578125;3804604
2024-12-11 13:21:00-05:00;6088.7998046875;6089.10986328125;6088.509765625;6089.10986328125;6089.10986328125;3932938
2024-12-11 13:22:00-05:00;6089.06982421875;6090.14013671875;6088.77978515625;6089.7900390625;6089.7900390625;3602668
2024-12-11 13:23:00-05:00;6089.56005859375;6090.31005859375;6089.5400390625;6090.31005859375;6090.31005859375;3474651
2024-12-11 13:24:00-05:00;6090.31005859375;6090.47998046875;6090.06005859375;6090.330078125;6090.330078125;2968990
2024-12-11 13:25:00-05:00;6090.2900390625;6090.68017578125;6089.91015625;6090.64013671875;6090.64013671875;2822297
2024-12-11 13:26:00-05:00;6090.64013671875;6090.89990234375;6090.10009765625;6090.18017578125;6090.18017578125;3547534
2024-12-11 13:27:00-05:00;6090.2099609375;6090.77978515625;6090.2099609375;6090.5;6090.5;3242709
2024-12-11 13:28:00-05:00;6090.52978515625;6091.2099609375;6090.43017578125;6091.14990234375;6091.14990234375;3251128
2024-12-11 13:29:00-05:00;6091.22021484375;6092.009765625;6091.22021484375;6091.89013671875;6091.89013671875;3208334
2024-12-11 13:30:00-05:00;6091.97998046875;6092.56982421875;6091.9599609375;6092.0400390625;6092.0400390625;4738942
2024-12-11 13:31:00-05:00;6091.9599609375;6091.97021484375;6091.27001953125;6091.830078125;6091.830078125;4084771
2024-12-11 13:32:00-05:00;6091.85009765625;6092.5;6091.68994140625;6091.68994140625;6091.68994140625;4280194
2024-12-11 13:33:00-05:00;6091.6298828125;6091.6298828125;6090.419921875;6090.419921875;6090.419921875;3216713
2024-12-11 13:34:00-05:00;6090.43994140625;6091.080078125;6090.06005859375;6091.02978515625;6091.02978515625;3392559
2024-12-11 13:35:00-05:00;6091.009765625;6091.89013671875;6091.009765625;6091.72998046875;6091.72998046875;3745513
2024-12-11 13:36:00-05:00;6091.64013671875;6091.7099609375;6090.97998046875;6091.18017578125;6091.18017578125;4151473
2024-12-11 13:37:00-05:00;6091.06982421875;6091.43017578125;6090.85009765625;6091.39990234375;6091.39990234375;3848128
2024-12-11 13:38:00-05:00;6091.43017578125;6091.7001953125;6091.1201171875;6091.330078125;6091.330078125;3740429
2024-12-11 13:39:00-05:00;6091.31005859375;6091.56005859375;6091.27978515625;6091.47021484375;6091.47021484375;3546732
2024-12-11 13:40:00-05:00;6091.33984375;6091.52978515625;6090.77978515625;6090.97998046875;6090.97998046875;3700258
2024-12-11 13:41:00-05:00;6090.93994140625;6090.93994140625;6089.58984375;6089.58984375;6089.58984375;3548480
2024-12-11 13:42:00-05:00;6089.64990234375;6089.75;6088.85009765625;6088.97021484375;6088.97021484375;2960970
2024-12-11 13:43:00-05:00;6088.93017578125;6090.06005859375;6088.93017578125;6090.0400390625;6090.0400390625;3616764
2024-12-11 13:44:00-05:00;6089.919921875;6090.18017578125;6089.22998046875;6089.93994140625;6089.93994140625;3963874
2024-12-11 13:45:00-05:00;6090.02978515625;6090.9501953125;6090.02978515625;6090.2099609375;6090.2099609375;3931671
2024-12-11 13:46:00-05:00;6090.259765625;6090.47998046875;6089.4501953125;6090.14013671875;6090.14013671875;3384078
2024-12-11 13:47:00-05:00;6090.22998046875;6090.830078125;6090.22021484375;6090.39990234375;6090.39990234375;3332184
2024-12-11 13:48:00-05:00;6090.35986328125;6090.8798828125;6090.0;6090.6298828125;6090.6298828125;3056201
2024-12-11 13:49:00-05:00;6090.5498046875;6090.97021484375;6090.490234375;6090.759765625;6090.759765625;3149496
2024-12-11 13:50:00-05:00;6090.7900390625;6090.7900390625;6089.31005859375;6089.66015625;6089.66015625;3591607
2024-12-11 13:51:00-05:00;6089.68994140625;6089.68994140625;6088.8701171875;6089.35009765625;6089.35009765625;3394379
2024-12-11 13:52:00-05:00;6089.35009765625;6089.81982421875;6089.33984375;6089.580078125;6089.580078125;4088176
2024-12-11 13:53:00-05:00;6089.52978515625;6089.52978515625;6088.33984375;6088.33984375;6088.33984375;3147162
2024-12-11 13:54:00-05:00;6088.27001953125;6088.31005859375;6086.91015625;6087.5498046875;6087.5498046875;3602554
2024-12-11 13:55:00-05:00;6087.47998046875;6087.47998046875;6086.52001953125;6086.56982421875;6086.56982421875;3295362
2024-12-11 13:56:00-05:00;6086.580078125;6086.60009765625;6086.2001953125;6086.43017578125;6086.43017578125;3225371
2024-12-11 13:57:00-05:00;6086.3701171875;6087.3701171875;6086.3701171875;6086.93017578125;6086.93017578125;3075518
2024-12-11 13:58:00-05:00;6087.009765625;6087.22998046875;6086.31982421875;6086.64990234375;6086.64990234375;3462041
2024-12-11 13:59:00-05:00;6086.7900390625;6087.43994140625;6086.4501953125;6086.89013671875;6086.89013671875;3275756
2024-12-11 14:00:00-05:00;6086.91015625;6087.06982421875;6086.080078125;6086.830078125;6086.830078125;4001904
2024-12-11 14:01:00-05:00;6086.830078125;6087.7998046875;6086.58984375;6087.31005859375;6087.31005859375;3751936
2024-12-11 14:02:00-05:00;6087.25;6088.27001953125;6087.25;6088.0;6088.0;3365034
2024-12-11 14:03:00-05:00;6087.8798828125;6087.89013671875;6087.02978515625;6087.5400390625;6087.5400390625;3300452
2024-12-11 14:04:00-05:00;6087.5400390625;6087.5400390625;6086.4501953125;6086.56005859375;6086.56005859375;3419448
2024-12-11 14:05:00-05:00;6086.52001953125;6086.60009765625;6085.39013671875;6085.68994140625;6085.68994140625;3859150
2024-12-11 14:06:00-05:00;6085.66015625;6085.9501953125;6085.25;6085.25;6085.25;3431565
2024-12-11 14:07:00-05:00;6085.22998046875;6085.7099609375;6084.509765625;6085.66015625;6085.66015625;3963268
2024-12-11 14:08:00-05:00;6085.669921875;6086.419921875;6085.22021484375;6086.18994140625;6086.18994140625;3577892
2024-12-11 14:09:00-05:00;6086.16015625;6086.169921875;6085.4599609375;6085.91015625;6085.91015625;3366436
2024-12-11 14:10:00-05:00;6085.8798828125;6085.919921875;6085.43017578125;6085.7998046875;6085.7998046875;3331990
2024-12-11 14:11:00-05:00;6085.89013671875;6086.330078125;6085.68017578125;6085.93994140625;6085.93994140625;3383078
2024-12-11 14:12:00-05:00;6086.0400390625;6087.2900390625;6085.93994140625;6087.1298828125;6087.1298828125;3270558
2024-12-11 14:13:00-05:00;6087.0400390625;6087.419921875;6086.47021484375;6086.77978515625;6086.77978515625;4947485
2024-12-11 14:14:00-05:00;6086.85009765625;6086.85009765625;6086.080078125;6086.2001953125;6086.2001953125;3423795
2024-12-11 14:15:00-05:00;6086.2001953125;6087.2099609375;6086.08984375;6086.77001953125;6086.77001953125;3593983
2024-12-11 14:16:00-05:00;6086.75;6086.83984375;6086.169921875;6086.35009765625;6086.35009765625;3368043
2024-12-11 14:17:00-05:00;6086.35986328125;6087.009765625;6086.35986328125;6086.93994140625;6086.93994140625;4233495
2024-12-11 14:18:00-05:00;6086.91015625;6087.10009765625;6086.240234375;6086.47021484375;6086.47021484375;3514369
2024-12-11 14:19:00-05:00;6086.47998046875;6086.990234375;6086.4599609375;6086.93017578125;6086.93017578125;3792044
2024-12-11 14:20:00-05:00;6086.97021484375;6086.97021484375;6086.22998046875;6086.47998046875;6086.47998046875;3656055
2024-12-11 14:21:00-05:00;6086.47021484375;6086.64990234375;6085.89990234375;6086.64013671875;6086.64013671875;3439057
2024-12-11 14:22:00-05:00;6086.60009765625;6087.14013671875;6086.60009765625;6086.89990234375;6086.89990234375;3915627
2024-12-11 14:23:00-05:00;6086.8798828125;6087.22998046875;6086.83984375;6087.2099609375;6087.2099609375;3603491
2024-12-11 14:24:00-05:00;6087.25;6087.47998046875;6086.64990234375;6087.08984375;6087.08984375;3883798
2024-12-11 14:25:00-05:00;6087.009765625;6087.2099609375;6086.6298828125;6086.85986328125;6086.85986328125;3074150
2024-12-11 14:26:00-05:00;6086.81982421875;6087.77001953125;6086.7900390625;6087.5400390625;6087.5400390625;3589125
2024-12-11 14:27:00-05:00;6087.43017578125;6087.47998046875;6086.68994140625;6086.759765625;6086.759765625;3606599
2024-12-11 14:28:00-05:00;6086.81982421875;6087.7998046875;6086.7998046875;6087.52978515625;6087.52978515625;3277178
2024-12-11 14:29:00-05:00;6087.58984375;6087.89013671875;6087.27001953125;6087.830078125;6087.830078125;3520102
2024-12-11 14:30:00-05:00;6087.81982421875;6087.85986328125;6086.93017578125;6086.93994140625;6086.93994140625;3393958
2024-12-11 14:31:00-05:00;6087.0;6087.6201171875;6087.0;6087.6201171875;6087.6201171875;4899711
2024-12-11 14:32:00-05:00;6087.669921875;6088.60009765625;6087.58984375;6088.4599609375;6088.4599609375;4266337
2024-12-11 14:33:00-05:00;6088.5400390625;6088.83984375;6088.3701171875;6088.60009765625;6088.60009765625;4139378
2024-12-11 14:34:00-05:00;6088.580078125;6089.1298828125;6088.4599609375;6088.72021484375;6088.72021484375;4450145
2024-12-11 14:35:00-05:00;6088.7001953125;6089.3701171875;6088.52001953125;6089.14990234375;6089.14990234375;3186332
2024-12-11 14:36:00-05:00;6089.22998046875;6089.580078125;6089.1201171875;6089.35986328125;6089.35986328125;3397991
2024-12-11 14:37:00-05:00;6089.35986328125;6089.93994140625;6089.18994140625;6089.77001953125;6089.77001953125;3893528
2024-12-11 14:38:00-05:00;6089.77001953125;6090.10009765625;6089.60009765625;6090.06005859375;6090.06005859375;3993635
2024-12-11 14:39:00-05:00;6090.08984375;6090.27978515625;6089.77978515625;6090.2099609375;6090.2099609375;3944955
2024-12-11 14:40:00-05:00;6090.22021484375;6090.5;6089.8701171875;6090.22021484375;6090.22021484375;5461833
2024-12-11 14:41:00-05:00;6090.14990234375;6090.77001953125;6089.97021484375;6090.60986328125;6090.60986328125;3755352
2024-12-11 14:42:00-05:00;6090.6201171875;6090.85009765625;6090.02001953125;6090.47021484375;6090.47021484375;3907036
2024-12-11 14:43:00-05:00;6090.4501953125;6090.52978515625;6089.3798828125;6089.72998046875;6089.72998046875;3971894
2024-12-11 14:44:00-05:00;6089.72021484375;6089.9599609375;6088.81005859375;6088.81005859375;6088.81005859375;3508946
2024-12-11 14:45:00-05:00;6088.77001953125;6089.10986328125;6088.3798828125;6089.10986328125;6089.10986328125;3712428
2024-12-11 14:46:00-05:00;6089.10009765625;6089.14990234375;6088.68017578125;6088.68017578125;6088.68017578125;3432716
2024-12-11 14:47:00-05:00;6088.72998046875;6089.02978515625;6087.740234375;6087.990234375;6087.990234375;3678674
2024-12-11 14:48:00-05:00;6087.919921875;6088.02001953125;6087.4599609375;6087.47998046875;6087.47998046875;3654856
2024-12-11 14:49:00-05:00;6087.2900390625;6087.43994140625;6086.5;6086.5;6086.5;4466635
2024-12-11 14:50:00-05:00;6086.56982421875;6087.35986328125;6085.77978515625;6087.240234375;6087.240234375;5085966
2024-12-11 14:51:00-05:00;6087.18017578125;6087.9501953125;6086.89990234375;6087.68017578125;6087.68017578125;3695358
2024-12-11 14:52:00-05:00;6087.64013671875;6087.68994140625;6086.9599609375;6086.9599609375;6086.9599609375;3779334
2024-12-11 14:53:00-05:00;6086.9501953125;6087.27001953125;6086.66015625;6086.97021484375;6086.97021484375;3798243
2024-12-11 14:54:00-05:00;6086.97998046875;6087.06005859375;6086.0498046875;6086.27978515625;6086.27978515625;3021721
2024-12-11 14:55:00-05:00;6086.3798828125;6086.77001953125;6086.1298828125;6086.75;6086.75;3954062
2024-12-11 14:56:00-05:00;6086.66015625;6087.25;6086.66015625;6086.740234375;6086.740234375;4330747
2024-12-11 14:57:00-05:00;6086.6201171875;6087.080078125;6086.580078125;6087.06005859375;6087.06005859375;4179527
2024-12-11 14:58:00-05:00;6087.0498046875;6088.240234375;6087.0498046875;6088.1201171875;6088.1201171875;3748319
2024-12-11 14:59:00-05:00;6088.1201171875;6088.6298828125;6088.0400390625;6088.27001953125;6088.27001953125;3942412
2024-12-11 15:00:00-05:00;6088.35986328125;6088.39013671875;6087.72021484375;6087.89990234375;6087.89990234375;4135298
2024-12-11 15:01:00-05:00;6087.8701171875;6088.39013671875;6087.52978515625;6088.39013671875;6088.39013671875;4707146
2024-12-11 15:02:00-05:00;6088.43994140625;6089.31982421875;6088.43994140625;6089.259765625;6089.259765625;4858428
2024-12-11 15:03:00-05:00;6089.2998046875;6089.43994140625;6089.009765625;6089.22021484375;6089.22021484375;3222270
2024-12-11 15:04:00-05:00;6089.169921875;6089.72998046875;6088.6298828125;6088.85986328125;6088.85986328125;4467650
2024-12-11 15:05:00-05:00;6088.9501953125;6089.14990234375;6088.33984375;6088.75;6088.75;4905155
2024-12-11 15:06:00-05:00;6088.81982421875;6088.93994140625;6088.27978515625;6088.27978515625;6088.27978515625;4098695
2024-12-11 15:07:00-05:00;6088.2900390625;6088.64990234375;6087.52001953125;6087.60986328125;6087.60986328125;4727875
2024-12-11 15:08:00-05:00;6087.56982421875;6088.240234375;6087.4599609375;6087.9599609375;6087.9599609375;5894085
2024-12-11 15:09:00-05:00;6088.0;6088.56982421875;6087.7900390625;6088.41015625;6088.41015625;4434488
2024-12-11 15:10:00-05:00;6088.43994140625;6088.64013671875;6087.72021484375;6088.33984375;6088.33984375;4376073
2024-12-11 15:11:00-05:00;6088.35009765625;6088.68994140625;6088.14013671875;6088.58984375;6088.58984375;4371420
2024-12-11 15:12:00-05:00;6088.58984375;6088.58984375;6087.5400390625;6088.47021484375;6088.47021484375;4762004
2024-12-11 15:13:00-05:00;6088.4501953125;6088.77978515625;6088.2001953125;6088.75;6088.75;4382760
2024-12-11 15:14:00-05:00;6088.81982421875;6089.080078125;6088.43017578125;6089.06005859375;6089.06005859375;4765053
2024-12-11 15:15:00-05:00;6089.10009765625;6089.10009765625;6088.47021484375;6088.97998046875;6088.97998046875;5263609
2024-12-11 15:16:00-05:00;6088.9501953125;6089.31005859375;6088.47998046875;6088.990234375;6088.990234375;5987536
2024-12-11 15:17:00-05:00;6089.02001953125;6089.25;6088.759765625;6088.85986328125;6088.85986328125;4873235
2024-12-11 15:18:00-05:00;6088.93994140625;6088.990234375;6088.52978515625;6088.85009765625;6088.85009765625;4164663
2024-12-11 15:19:00-05:00;6088.81005859375;6088.81005859375;6088.25;6088.75;6088.75;4595296
2024-12-11 15:20:00-05:00;6088.85009765625;6088.85009765625;6088.0;6088.47998046875;6088.47998046875;5268553
2024-12-11 15:21:00-05:00;6088.5;6088.7001953125;6088.18994140625;6088.43994140625;6088.43994140625;5060329
2024-12-11 15:22:00-05:00;6088.33984375;6088.39013671875;6087.93994140625;6088.2998046875;6088.2998046875;4261144
2024-12-11 15:23:00-05:00;6088.2900390625;6088.47998046875;6087.990234375;6088.47998046875;6088.47998046875;4923384
2024-12-11 15:24:00-05:00;6088.52978515625;6088.5400390625;6087.990234375;6088.06005859375;6088.06005859375;5123143
2024-12-11 15:25:00-05:00;6087.9599609375;6088.2900390625;6087.68017578125;6088.2900390625;6088.2900390625;5047835
2024-12-11 15:26:00-05:00;6088.240234375;6088.740234375;6088.18994140625;6088.64990234375;6088.64990234375;4550842
2024-12-11 15:27:00-05:00;6088.60986328125;6089.5;6088.2001953125;6089.490234375;6089.490234375;4656694
2024-12-11 15:28:00-05:00;6089.43017578125;6089.919921875;6089.080078125;6089.740234375;6089.740234375;5879139
2024-12-11 15:29:00-05:00;6089.66015625;6090.08984375;6089.6201171875;6089.93994140625;6089.93994140625;6088799
2024-12-11 15:30:00-05:00;6089.85986328125;6089.85986328125;6088.68017578125;6088.97998046875;6088.97998046875;6198220
2024-12-11 15:31:00-05:00;6088.990234375;6088.990234375;6088.22998046875;6088.43017578125;6088.43017578125;5980069
2024-12-11 15:32:00-05:00;6088.419921875;6088.6201171875;6088.009765625;6088.06982421875;6088.06982421875;5906828
2024-12-11 15:33:00-05:00;6088.1298828125;6088.77001953125;6087.93994140625;6088.52978515625;6088.52978515625;6139447
2024-12-11 15:34:00-05:00;6088.47021484375;6088.85009765625;6087.580078125;6087.7001953125;6087.7001953125;5631076
2024-12-11 15:35:00-05:00;6087.72998046875;6088.14013671875;6087.0498046875;6087.14990234375;6087.14990234375;6764992
2024-12-11 15:36:00-05:00;6087.22021484375;6087.64013671875;6086.81982421875;6087.60009765625;6087.60009765625;6022573
2024-12-11 15:37:00-05:00;6087.6298828125;6088.740234375;6087.6298828125;6088.3798828125;6088.3798828125;5326767
2024-12-11 15:38:00-05:00;6088.419921875;6088.5400390625;6087.7001953125;6088.18017578125;6088.18017578125;6790875
2024-12-11 15:39:00-05:00;6088.2099609375;6089.31982421875;6087.91015625;6089.31982421875;6089.31982421875;6335216
2024-12-11 15:40:00-05:00;6089.3701171875;6089.3701171875;6088.6201171875;6088.759765625;6088.759765625;6583702
2024-12-11 15:41:00-05:00;6088.75;6089.1201171875;6088.60009765625;6088.830078125;6088.830078125;6468581
2024-12-11 15:42:00-05:00;6088.85986328125;6088.89990234375;6087.97021484375;6087.97998046875;6087.97998046875;6479490
2024-12-11 15:43:00-05:00;6088.02001953125;6088.06982421875;6087.27978515625;6087.27978515625;6087.27978515625;6369511
2024-12-11 15:44:00-05:00;6087.259765625;6087.259765625;6086.47998046875;6086.5498046875;6086.5498046875;7069407
2024-12-11 15:45:00-05:00;6086.490234375;6086.89990234375;6086.080078125;6086.22021484375;6086.22021484375;7686796
2024-12-11 15:46:00-05:00;6086.16015625;6086.490234375;6085.89990234375;6086.4599609375;6086.4599609375;8649414
2024-12-11 15:47:00-05:00;6086.4501953125;6086.72998046875;6086.43994140625;6086.580078125;6086.580078125;8622756
2024-12-11 15:48:00-05:00;6086.56005859375;6086.81982421875;6086.27978515625;6086.5498046875;6086.5498046875;8081387
2024-12-11 15:49:00-05:00;6086.6298828125;6086.97021484375;6086.5;6086.58984375;6086.58984375;8525399
2024-12-11 15:50:00-05:00;6086.6298828125;6087.02978515625;6086.27978515625;6086.93994140625;6086.93994140625;15827637
2024-12-11 15:51:00-05:00;6086.93017578125;6087.509765625;6086.68017578125;6086.89990234375;6086.89990234375;12334351
2024-12-11 15:52:00-05:00;6086.8701171875;6087.22021484375;6086.56005859375;6086.580078125;6086.580078125;12851548
2024-12-11 15:53:00-05:00;6086.6201171875;6086.6201171875;6086.2001953125;6086.58984375;6086.58984375;13566122
2024-12-11 15:54:00-05:00;6086.60986328125;6086.990234375;6084.580078125;6084.740234375;6084.740234375;15697632
2024-12-11 15:55:00-05:00;6084.83984375;6085.6201171875;6083.990234375;6084.490234375;6084.490234375;16326696
2024-12-11 15:56:00-05:00;6084.47021484375;6084.77978515625;6083.5;6083.64990234375;6083.64990234375;15731968
2024-12-11 15:57:00-05:00;6083.7998046875;6084.509765625;6083.77001953125;6083.97021484375;6083.97021484375;16925155
2024-12-11 15:58:00-05:00;6084.10009765625;6084.43017578125;6083.669921875;6083.85986328125;6083.85986328125;16188692
2024-12-11 15:59:00-05:00;6083.83984375;6084.419921875;6082.16015625;6084.2001953125;6084.2001953125;15976812
