Datetime;Open;High;Low;Close;Adj Close;Volume
2024-11-05 09:30:00-05:00;5722.43017578125;5728.91015625;5722.10009765625;5727.330078125;5727.330078125;0
2024-11-05 09:31:00-05:00;5727.58984375;5732.85986328125;5726.77978515625;5732.669921875;5732.669921875;16287395
2024-11-05 09:32:00-05:00;5732.75;5734.490234375;5732.75;5734.18994140625;5734.18994140625;12158384
2024-11-05 09:33:00-05:00;5734.259765625;5737.22998046875;5733.56982421875;5737.06005859375;5737.06005859375;12053014
2024-11-05 09:34:00-05:00;5737.06005859375;5738.66015625;5735.6201171875;5736.47021484375;5736.47021484375;10288138
2024-11-05 09:35:00-05:00;5736.68017578125;5737.52001953125;5736.27001953125;5736.759765625;5736.759765625;9346668
2024-11-05 09:36:00-05:00;5736.580078125;5737.3701171875;5735.0400390625;5736.75;5736.75;8428683
2024-11-05 09:37:00-05:00;5736.97998046875;5740.2001953125;5736.27001953125;5739.89013671875;5739.89013671875;8289085
2024-11-05 09:38:00-05:00;5739.81005859375;5741.4599609375;5739.240234375;5739.5;5739.5;9606833
2024-11-05 09:39:00-05:00;5739.9501953125;5741.72998046875;5739.35009765625;5741.490234375;5741.490234375;7720733
2024-11-05 09:40:00-05:00;5741.47998046875;5743.25;5741.47998046875;5741.9599609375;5741.9599609375;8751732
2024-11-05 09:41:00-05:00;5742.08984375;5742.2900390625;5738.56005859375;5739.1298828125;5739.1298828125;9175782
2024-11-05 09:42:00-05:00;5738.91015625;5739.06982421875;5736.72021484375;5737.509765625;5737.509765625;8729193
2024-11-05 09:43:00-05:00;5737.68017578125;5737.81005859375;5734.72998046875;5737.81005859375;5737.81005859375;7171847
2024-11-05 09:44:00-05:00;5737.77001953125;5738.14013671875;5737.0;5738.10986328125;5738.10986328125;7555968
2024-11-05 09:45:00-05:00;5738.169921875;5739.25;5737.4501953125;5739.25;5739.25;8663596
2024-11-05 09:46:00-05:00;5739.33984375;5739.33984375;5737.43994140625;5738.60009765625;5738.60009765625;7994884
2024-11-05 09:47:00-05:00;5738.60009765625;5738.60009765625;5737.22021484375;5738.259765625;5738.259765625;7390907
2024-11-05 09:48:00-05:00;5738.43017578125;5744.93994140625;5738.35986328125;5744.52978515625;5744.52978515625;8151869
2024-11-05 09:49:00-05:00;5744.419921875;5746.06005859375;5743.89990234375;5745.3701171875;5745.3701171875;8101435
2024-11-05 09:50:00-05:00;5744.990234375;5746.43994140625;5744.52978515625;5744.52978515625;5744.52978515625;8106227
2024-11-05 09:51:00-05:00;5744.5;5745.47998046875;5743.14013671875;5745.39013671875;5745.39013671875;7075984
2024-11-05 09:52:00-05:00;5745.60009765625;5746.14990234375;5744.81982421875;5745.39013671875;5745.39013671875;5644308
2024-11-05 09:53:00-05:00;5745.14013671875;5748.08984375;5744.7001953125;5748.06982421875;5748.06982421875;6224610
2024-11-05 09:54:00-05:00;5748.31005859375;5750.52001953125;5748.2099609375;5750.18017578125;5750.18017578125;6031472
2024-11-05 09:55:00-05:00;5750.27001953125;5754.56005859375;5749.60009765625;5754.41015625;5754.41015625;7013341
2024-11-05 09:56:00-05:00;5754.52978515625;5755.0;5753.22998046875;5753.85009765625;5753.85009765625;6557931
2024-11-05 09:57:00-05:00;5753.97998046875;5754.85986328125;5752.93994140625;5753.02978515625;5753.02978515625;6100827
2024-11-05 09:58:00-05:00;5752.97021484375;5754.14013671875;5752.93017578125;5754.14013671875;5754.14013671875;5778189
2024-11-05 09:59:00-05:00;5754.14990234375;5756.330078125;5753.919921875;5756.2998046875;5756.2998046875;6112447
2024-11-05 10:00:00-05:00;5756.47998046875;5760.5;5756.47998046875;5757.169921875;5757.169921875;9508965
2024-11-05 10:01:00-05:00;5757.240234375;5759.490234375;5756.58984375;5759.490234375;5759.490234375;7306891
2024-11-05 10:02:00-05:00;5759.52978515625;5761.6298828125;5758.0498046875;5758.25;5758.25;7659674
2024-11-05 10:03:00-05:00;5758.259765625;5760.490234375;5757.89990234375;5759.830078125;5759.830078125;5929509
2024-11-05 10:04:00-05:00;5759.93994140625;5760.25;5757.509765625;5759.580078125;5759.580078125;5039888
2024-11-05 10:05:00-05:00;5759.509765625;5759.919921875;5757.75;5758.68994140625;5758.68994140625;6140971
2024-11-05 10:06:00-05:00;5758.580078125;5759.64990234375;5758.490234375;5759.02001953125;5759.02001953125;6617168
2024-11-05 10:07:00-05:00;5759.0400390625;5759.16015625;5757.31005859375;5757.56982421875;5757.56982421875;5849447
2024-11-05 10:08:00-05:00;5757.5400390625;5760.259765625;5757.509765625;5759.83984375;5759.83984375;6625064
2024-11-05 10:09:00-05:00;5760.02978515625;5760.02978515625;5757.509765625;5757.77001953125;5757.77001953125;8223704
2024-11-05 10:10:00-05:00;5757.7099609375;5758.990234375;5757.5400390625;5758.2099609375;5758.2099609375;10315476
2024-11-05 10:11:00-05:00;5757.93994140625;5758.0498046875;5752.419921875;5752.68994140625;5752.68994140625;6307855
2024-11-05 10:12:00-05:00;5752.68017578125;5754.72021484375;5752.68017578125;5754.64013671875;5754.64013671875;5722153
2024-11-05 10:13:00-05:00;5754.6201171875;5756.7998046875;5753.60986328125;5755.7900390625;5755.7900390625;5875991
2024-11-05 10:14:00-05:00;5755.7998046875;5756.5400390625;5755.10986328125;5756.16015625;5756.16015625;5925288
2024-11-05 10:15:00-05:00;5756.16015625;5756.7099609375;5753.7900390625;5755.10009765625;5755.10009765625;5744616
2024-11-05 10:16:00-05:00;5755.02001953125;5755.77978515625;5753.3798828125;5754.1201171875;5754.1201171875;4674132
2024-11-05 10:17:00-05:00;5754.10009765625;5756.35009765625;5753.0498046875;5756.35009765625;5756.35009765625;5021407
2024-11-05 10:18:00-05:00;5756.33984375;5758.5498046875;5755.990234375;5756.14013671875;5756.14013671875;5494193
2024-11-05 10:19:00-05:00;5756.259765625;5756.7099609375;5755.41015625;5756.7099609375;5756.7099609375;4390579
2024-11-05 10:20:00-05:00;5756.93017578125;5757.169921875;5756.6201171875;5756.93017578125;5756.93017578125;4333666
2024-11-05 10:21:00-05:00;5757.009765625;5757.419921875;5756.35986328125;5756.9501953125;5756.9501953125;5195445
2024-11-05 10:22:00-05:00;5756.93994140625;5758.52978515625;5756.43994140625;5758.52978515625;5758.52978515625;5148124
2024-11-05 10:23:00-05:00;5758.52001953125;5762.08984375;5758.52001953125;5761.919921875;5761.919921875;6419599
2024-11-05 10:24:00-05:00;5761.85986328125;5763.759765625;5761.72998046875;5763.759765625;5763.759765625;5892182
2024-11-05 10:25:00-05:00;5763.7001953125;5764.31982421875;5762.2998046875;5763.1201171875;5763.1201171875;5576050
2024-11-05 10:26:00-05:00;5763.14990234375;5763.169921875;5759.5;5760.7998046875;5760.7998046875;5282607
2024-11-05 10:27:00-05:00;5760.85009765625;5761.31005859375;5759.7998046875;5760.27978515625;5760.27978515625;5759982
2024-11-05 10:28:00-05:00;5760.27001953125;5760.58984375;5758.64990234375;5759.72998046875;5759.72998046875;5001046
2024-11-05 10:29:00-05:00;5759.68994140625;5759.68994140625;5755.39990234375;5756.8701171875;5756.8701171875;5602128
2024-11-05 10:30:00-05:00;5756.9501953125;5758.33984375;5756.81982421875;5758.33984375;5758.33984375;5108977
2024-11-05 10:31:00-05:00;5758.3798828125;5759.6298828125;5758.3798828125;5759.10009765625;5759.10009765625;5453106
2024-11-05 10:32:00-05:00;5759.10009765625;5759.52978515625;5757.60986328125;5759.2998046875;5759.2998046875;5308438
2024-11-05 10:33:00-05:00;5758.8798828125;5758.8798828125;5756.509765625;5757.31005859375;5757.31005859375;5660382
2024-11-05 10:34:00-05:00;5757.2998046875;5760.02001953125;5757.080078125;5759.919921875;5759.919921875;5666904
2024-11-05 10:35:00-05:00;5759.91015625;5760.1298828125;5759.240234375;5759.7099609375;5759.7099609375;5007604
2024-11-05 10:36:00-05:00;5759.7001953125;5763.919921875;5759.7001953125;5763.919921875;5763.919921875;5235667
2024-11-05 10:37:00-05:00;5763.93994140625;5764.77978515625;5763.5;5763.5;5763.5;5019963
2024-11-05 10:38:00-05:00;5763.60986328125;5764.8798828125;5762.56982421875;5762.56982421875;5762.56982421875;4484724
2024-11-05 10:39:00-05:00;5762.580078125;5764.7099609375;5762.5400390625;5764.080078125;5764.080078125;4281776
2024-11-05 10:40:00-05:00;5764.14990234375;5764.330078125;5762.89990234375;5763.5400390625;5763.5400390625;4332507
2024-11-05 10:41:00-05:00;5763.68017578125;5764.5400390625;5763.56005859375;5764.08984375;5764.08984375;5550659
2024-11-05 10:42:00-05:00;5764.10009765625;5764.52978515625;5762.97021484375;5763.39013671875;5763.39013671875;3861328
2024-11-05 10:43:00-05:00;5763.43017578125;5763.85986328125;5762.5;5763.85986328125;5763.85986328125;4015350
2024-11-05 10:44:00-05:00;5763.97021484375;5765.9599609375;5763.97021484375;5765.7998046875;5765.7998046875;4773588
2024-11-05 10:45:00-05:00;5765.72998046875;5765.83984375;5763.89990234375;5765.16015625;5765.16015625;4610094
2024-11-05 10:46:00-05:00;5765.14013671875;5767.6201171875;5765.0498046875;5767.41015625;5767.41015625;6059004
2024-11-05 10:47:00-05:00;5767.43994140625;5768.5;5767.330078125;5768.22998046875;5768.22998046875;4132402
2024-11-05 10:48:00-05:00;5768.2099609375;5768.259765625;5766.60986328125;5766.72998046875;5766.72998046875;4790525
2024-11-05 10:49:00-05:00;5766.89990234375;5767.33984375;5766.2998046875;5766.9501953125;5766.9501953125;4447022
2024-11-05 10:50:00-05:00;5766.9501953125;5767.10986328125;5765.27978515625;5765.27978515625;5765.27978515625;4201267
2024-11-05 10:51:00-05:00;5765.1298828125;5765.1298828125;5762.35986328125;5762.759765625;5762.759765625;4171091
2024-11-05 10:52:00-05:00;5763.0;5763.0;5759.009765625;5759.02978515625;5759.02978515625;5193615
2024-11-05 10:53:00-05:00;5758.9501953125;5760.14990234375;5757.919921875;5760.14990234375;5760.14990234375;4602555
2024-11-05 10:54:00-05:00;5760.31982421875;5760.77001953125;5759.7900390625;5760.5400390625;5760.5400390625;4117482
2024-11-05 10:55:00-05:00;5760.5400390625;5760.5400390625;5756.4501953125;5756.56005859375;5756.56005859375;5084616
2024-11-05 10:56:00-05:00;5756.72021484375;5757.85009765625;5755.259765625;5757.85009765625;5757.85009765625;4809373
2024-11-05 10:57:00-05:00;5757.93017578125;5758.41015625;5757.22998046875;5757.9599609375;5757.9599609375;4341442
2024-11-05 10:58:00-05:00;5758.06982421875;5758.7998046875;5756.60986328125;5757.169921875;5757.169921875;5242879
2024-11-05 10:59:00-05:00;5757.1298828125;5757.39990234375;5756.16015625;5756.89990234375;5756.89990234375;4383802
2024-11-05 11:00:00-05:00;5756.91015625;5757.39990234375;5755.56982421875;5755.56982421875;5755.56982421875;4326944
2024-11-05 11:01:00-05:00;5755.2900390625;5755.31005859375;5753.02978515625;5754.89013671875;5754.89013671875;4584485
2024-11-05 11:02:00-05:00;5754.93994140625;5756.080078125;5754.0400390625;5756.06005859375;5756.06005859375;4402075
2024-11-05 11:03:00-05:00;5756.10009765625;5757.4501953125;5756.10009765625;5756.759765625;5756.759765625;4442262
2024-11-05 11:04:00-05:00;5756.66015625;5759.22998046875;5756.5400390625;5758.89013671875;5758.89013671875;5128741
2024-11-05 11:05:00-05:00;5758.7001953125;5758.7001953125;5756.56982421875;5756.81005859375;5756.81005859375;4723601
2024-11-05 11:06:00-05:00;5756.72021484375;5758.5;5756.60009765625;5758.27978515625;5758.27978515625;4178536
2024-11-05 11:07:00-05:00;5758.31982421875;5762.2001953125;5758.31982421875;5762.2001953125;5762.2001953125;4868922
2024-11-05 11:08:00-05:00;5762.259765625;5763.9599609375;5762.02001953125;5763.919921875;5763.919921875;4661493
2024-11-05 11:09:00-05:00;5763.919921875;5765.330078125;5763.919921875;5765.0400390625;5765.0400390625;4337409
2024-11-05 11:10:00-05:00;5765.009765625;5765.14013671875;5763.06982421875;5763.1201171875;5763.1201171875;5772297
2024-11-05 11:11:00-05:00;5763.10986328125;5763.490234375;5761.14013671875;5763.35986328125;5763.35986328125;4977396
2024-11-05 11:12:00-05:00;5763.43994140625;5765.080078125;5763.43994140625;5763.93994140625;5763.93994140625;4225649
2024-11-05 11:13:00-05:00;5763.85009765625;5763.85009765625;5761.6201171875;5761.8701171875;5761.8701171875;4602831
2024-11-05 11:14:00-05:00;5761.919921875;5764.2099609375;5761.919921875;5764.0400390625;5764.0400390625;3989189
2024-11-05 11:15:00-05:00;5764.06005859375;5764.080078125;5763.1298828125;5763.22998046875;5763.22998046875;3551201
2024-11-05 11:16:00-05:00;5763.27978515625;5764.2001953125;5763.27978515625;5764.06982421875;5764.06982421875;3941724
2024-11-05 11:17:00-05:00;5764.06982421875;5764.2099609375;5762.669921875;5763.259765625;5763.259765625;4182716
2024-11-05 11:18:00-05:00;5763.33984375;5763.580078125;5762.97021484375;5763.580078125;5763.580078125;3812513
2024-11-05 11:19:00-05:00;5763.6298828125;5763.8798828125;5762.97021484375;5763.56005859375;5763.56005859375;3838743
2024-11-05 11:20:00-05:00;5763.60009765625;5764.64990234375;5763.60009765625;5764.2998046875;5764.2998046875;4928132
2024-11-05 11:21:00-05:00;5764.2998046875;5764.83984375;5763.47021484375;5764.75;5764.75;4473754
2024-11-05 11:22:00-05:00;5764.81982421875;5765.759765625;5764.81982421875;5765.43994140625;5765.43994140625;4776995
2024-11-05 11:23:00-05:00;5765.39990234375;5765.64013671875;5764.66015625;5765.25;5765.25;3999056
2024-11-05 11:24:00-05:00;5765.27001953125;5767.27001953125;5765.22021484375;5767.06982421875;5767.06982421875;4363042
2024-11-05 11:25:00-05:00;5767.10009765625;5767.18017578125;5766.2001953125;5766.77978515625;5766.77978515625;5003121
2024-11-05 11:26:00-05:00;5766.830078125;5767.259765625;5766.419921875;5766.419921875;5766.419921875;4809004
2024-11-05 11:27:00-05:00;5766.35009765625;5766.66015625;5765.580078125;5765.580078125;5765.580078125;4158956
2024-11-05 11:28:00-05:00;5765.56005859375;5766.240234375;5764.81005859375;5764.81005859375;5764.81005859375;3421404
2024-11-05 11:29:00-05:00;5764.81982421875;5764.81982421875;5763.919921875;5764.4599609375;5764.4599609375;3396305
2024-11-05 11:30:00-05:00;5764.33984375;5766.72998046875;5764.33984375;5766.5498046875;5766.5498046875;4690947
2024-11-05 11:31:00-05:00;5766.47998046875;5767.10009765625;5766.2001953125;5766.81982421875;5766.81982421875;4015854
2024-11-05 11:32:00-05:00;5766.830078125;5769.97998046875;5766.77001953125;5769.97998046875;5769.97998046875;4083601
2024-11-05 11:33:00-05:00;5769.919921875;5770.2099609375;5769.14013671875;5770.1201171875;5770.1201171875;4804910
2024-11-05 11:34:00-05:00;5770.14990234375;5771.43994140625;5770.14990234375;5770.52978515625;5770.52978515625;3985619
2024-11-05 11:35:00-05:00;5770.56005859375;5770.56005859375;5768.56005859375;5768.75;5768.75;3830093
2024-11-05 11:36:00-05:00;5768.81005859375;5769.33984375;5768.6298828125;5768.64990234375;5768.64990234375;3902472
2024-11-05 11:37:00-05:00;5768.7099609375;5769.6298828125;5768.14013671875;5768.16015625;5768.16015625;3306681
2024-11-05 11:38:00-05:00;5768.1201171875;5768.419921875;5767.919921875;5768.419921875;5768.419921875;3278869
2024-11-05 11:39:00-05:00;5768.52001953125;5769.27978515625;5768.47998046875;5768.919921875;5768.919921875;3244392
2024-11-05 11:40:00-05:00;5768.97021484375;5769.10986328125;5768.16015625;5768.72998046875;5768.72998046875;4220232
2024-11-05 11:41:00-05:00;5768.759765625;5768.8798828125;5767.39013671875;5767.39013671875;5767.39013671875;3063556
2024-11-05 11:42:00-05:00;5767.43017578125;5767.43994140625;5766.2099609375;5766.81005859375;5766.81005859375;4183310
2024-11-05 11:43:00-05:00;5766.7900390625;5766.8701171875;5765.0498046875;5765.0498046875;5765.0498046875;2722584
2024-11-05 11:44:00-05:00;5765.14013671875;5766.06005859375;5765.009765625;5765.6201171875;5765.6201171875;3148983
2024-11-05 11:45:00-05:00;5765.64013671875;5766.5;5765.39990234375;5766.33984375;5766.33984375;3752712
2024-11-05 11:46:00-05:00;5766.47021484375;5767.72998046875;5766.47021484375;5767.72998046875;5767.72998046875;3267771
2024-11-05 11:47:00-05:00;5767.740234375;5768.31005859375;5767.509765625;5768.009765625;5768.009765625;3330275
2024-11-05 11:48:00-05:00;5768.02978515625;5770.81005859375;5768.02978515625;5770.64990234375;5770.64990234375;3856429
2024-11-05 11:49:00-05:00;5771.0498046875;5771.0498046875;5769.56982421875;5769.56982421875;5769.56982421875;3332432
2024-11-05 11:50:00-05:00;5769.509765625;5769.52001953125;5767.89013671875;5767.89013671875;5767.89013671875;3533365
2024-11-05 11:51:00-05:00;5767.85986328125;5768.56982421875;5767.43994140625;5768.1201171875;5768.1201171875;3660355
2024-11-05 11:52:00-05:00;5768.169921875;5768.66015625;5767.4501953125;5768.56982421875;5768.56982421875;2918530
2024-11-05 11:53:00-05:00;5768.60986328125;5770.18994140625;5768.60986328125;5770.1201171875;5770.1201171875;3416782
2024-11-05 11:54:00-05:00;5770.1201171875;5771.52001953125;5770.1201171875;5771.5;5771.5;5399228
2024-11-05 11:55:00-05:00;5771.4599609375;5772.10986328125;5771.31982421875;5771.81982421875;5771.81982421875;4100291
2024-11-05 11:56:00-05:00;5771.81982421875;5772.22998046875;5771.0;5772.2099609375;5772.2099609375;4147855
2024-11-05 11:57:00-05:00;5772.240234375;5772.47998046875;5771.56005859375;5771.580078125;5771.580078125;3088822
2024-11-05 11:58:00-05:00;5771.31005859375;5771.3701171875;5770.7900390625;5771.08984375;5771.08984375;3288168
2024-11-05 11:59:00-05:00;5771.10009765625;5771.5;5770.8798828125;5771.14013671875;5771.14013671875;3406419
2024-11-05 12:00:00-05:00;5771.14013671875;5771.25;5769.14013671875;5769.56982421875;5769.56982421875;4498175
2024-11-05 12:01:00-05:00;5769.6298828125;5770.47021484375;5769.5;5770.47021484375;5770.47021484375;3910125
2024-11-05 12:02:00-05:00;5770.4501953125;5770.4501953125;5769.35986328125;5769.39990234375;5769.39990234375;3139204
2024-11-05 12:03:00-05:00;5769.419921875;5769.83984375;5768.509765625;5769.81982421875;5769.81982421875;3499689
2024-11-05 12:04:00-05:00;5769.81982421875;5770.72998046875;5769.81982421875;5770.68017578125;5770.68017578125;3284275
2024-11-05 12:05:00-05:00;5770.68994140625;5771.3798828125;5770.35009765625;5771.3798828125;5771.3798828125;3270160
2024-11-05 12:06:00-05:00;5771.35009765625;5771.56982421875;5770.77978515625;5770.81982421875;5770.81982421875;2525291
2024-11-05 12:07:00-05:00;5770.77978515625;5771.7099609375;5770.72998046875;5771.6201171875;5771.6201171875;2934634
2024-11-05 12:08:00-05:00;5771.580078125;5772.14013671875;5771.47021484375;5771.7900390625;5771.7900390625;2927113
2024-11-05 12:09:00-05:00;5771.75;5771.7900390625;5771.35986328125;5771.6201171875;5771.6201171875;2783350
2024-11-05 12:10:00-05:00;5771.68017578125;5773.1201171875;5771.68017578125;5772.43017578125;5772.43017578125;3508119
2024-11-05 12:11:00-05:00;5772.43017578125;5772.43017578125;5770.419921875;5770.419921875;5770.419921875;2704764
2024-11-05 12:12:00-05:00;5770.419921875;5771.31982421875;5770.06982421875;5771.2900390625;5771.2900390625;2972657
2024-11-05 12:13:00-05:00;5771.169921875;5772.3701171875;5770.9599609375;5772.330078125;5772.330078125;4461849
2024-11-05 12:14:00-05:00;5772.33984375;5775.9599609375;5772.18017578125;5775.7099609375;5775.7099609375;4539907
2024-11-05 12:15:00-05:00;5775.6298828125;5776.91015625;5775.56005859375;5776.72021484375;5776.72021484375;3502289
2024-11-05 12:16:00-05:00;5776.759765625;5776.759765625;5775.52001953125;5775.68017578125;5775.68017578125;3192602
2024-11-05 12:17:00-05:00;5775.68994140625;5777.2001953125;5775.3798828125;5776.5;5776.5;3445629
2024-11-05 12:18:00-05:00;5776.47021484375;5777.5400390625;5776.1298828125;5777.31005859375;5777.31005859375;2846355
2024-11-05 12:19:00-05:00;5777.2001953125;5778.60009765625;5776.9501953125;5778.52978515625;5778.52978515625;3477224
2024-11-05 12:20:00-05:00;5778.47021484375;5778.47021484375;5776.4599609375;5776.68994140625;5776.68994140625;3703681
2024-11-05 12:21:00-05:00;5776.7001953125;5777.02001953125;5775.2099609375;5775.2099609375;5775.2099609375;3110776
2024-11-05 12:22:00-05:00;5775.27978515625;5776.8798828125;5775.27978515625;5776.830078125;5776.830078125;2788876
2024-11-05 12:23:00-05:00;5776.83984375;5777.31005859375;5776.7998046875;5777.080078125;5777.080078125;3113225
2024-11-05 12:24:00-05:00;5777.16015625;5778.1201171875;5777.16015625;5778.0400390625;5778.0400390625;2925519
2024-11-05 12:25:00-05:00;5778.009765625;5778.009765625;5776.27001953125;5776.6201171875;5776.6201171875;3221001
2024-11-05 12:26:00-05:00;5776.5400390625;5776.60009765625;5775.77978515625;5776.22021484375;5776.22021484375;3018340
2024-11-05 12:27:00-05:00;5776.2998046875;5776.490234375;5775.83984375;5776.2001953125;5776.2001953125;3566174
2024-11-05 12:28:00-05:00;5776.22021484375;5776.25;5775.75;5775.75;5775.75;3684036
2024-11-05 12:29:00-05:00;5775.60986328125;5775.60986328125;5773.52001953125;5773.75;5773.75;3580321
2024-11-05 12:30:00-05:00;5773.740234375;5775.2998046875;5773.740234375;5775.0400390625;5775.0400390625;3141974
2024-11-05 12:31:00-05:00;5774.990234375;5776.75;5774.990234375;5776.75;5776.75;2960418
2024-11-05 12:32:00-05:00;5776.77978515625;5778.47021484375;5776.77978515625;5778.47021484375;5778.47021484375;2651716
2024-11-05 12:33:00-05:00;5778.47021484375;5778.60009765625;5777.31005859375;5777.31005859375;5777.31005859375;3443260
2024-11-05 12:34:00-05:00;5777.27001953125;5777.27001953125;5776.02978515625;5776.14013671875;5776.14013671875;2933089
2024-11-05 12:35:00-05:00;5776.14013671875;5776.259765625;5774.77001953125;5774.8798828125;5774.8798828125;3160269
2024-11-05 12:36:00-05:00;5775.0;5776.77001953125;5774.990234375;5776.77001953125;5776.77001953125;3313167
2024-11-05 12:37:00-05:00;5776.72998046875;5777.64990234375;5776.72998046875;5777.06005859375;5777.06005859375;2695425
2024-11-05 12:38:00-05:00;5776.97021484375;5777.58984375;5776.43994140625;5776.52001953125;5776.52001953125;5914517
2024-11-05 12:39:00-05:00;5776.509765625;5776.52978515625;5775.1298828125;5775.259765625;5775.259765625;6226872
2024-11-05 12:40:00-05:00;5775.2900390625;5776.259765625;5774.97021484375;5776.259765625;5776.259765625;2518107
2024-11-05 12:41:00-05:00;5776.2900390625;5776.669921875;5775.9599609375;5776.47998046875;5776.47998046875;2304132
2024-11-05 12:42:00-05:00;5776.47998046875;5776.97021484375;5776.47998046875;5776.89990234375;5776.89990234375;3747224
2024-11-05 12:43:00-05:00;5776.919921875;5777.22021484375;5776.58984375;5776.740234375;5776.740234375;3053530
2024-11-05 12:44:00-05:00;5776.72998046875;5777.080078125;5776.22021484375;5777.0400390625;5777.0400390625;2499544
2024-11-05 12:45:00-05:00;5777.06982421875;5778.43994140625;5776.9501953125;5777.0400390625;5777.0400390625;3596925
2024-11-05 12:46:00-05:00;5777.08984375;5779.259765625;5777.08984375;5779.259765625;5779.259765625;3175511
2024-11-05 12:47:00-05:00;5779.259765625;5780.41015625;5779.22021484375;5779.22021484375;5779.22021484375;3041565
2024-11-05 12:48:00-05:00;5779.22998046875;5780.1298828125;5778.8798828125;5780.1201171875;5780.1201171875;2796453
2024-11-05 12:49:00-05:00;5780.169921875;5780.7998046875;5779.93017578125;5780.72998046875;5780.72998046875;2972810
2024-11-05 12:50:00-05:00;5780.77978515625;5780.830078125;5779.0;5779.08984375;5779.08984375;2948045
2024-11-05 12:51:00-05:00;5779.1201171875;5779.68994140625;5778.97998046875;5779.39990234375;5779.39990234375;2206003
2024-11-05 12:52:00-05:00;5779.39013671875;5779.9599609375;5779.22998046875;5779.83984375;5779.83984375;2369763
2024-11-05 12:53:00-05:00;5779.8798828125;5780.3701171875;5779.64013671875;5780.3701171875;5780.3701171875;2233116
2024-11-05 12:54:00-05:00;5780.330078125;5780.5498046875;5779.8798828125;5780.35986328125;5780.35986328125;2903242
2024-11-05 12:55:00-05:00;5780.27978515625;5780.740234375;5779.60986328125;5779.68017578125;5779.68017578125;2505222
2024-11-05 12:56:00-05:00;5779.7001953125;5779.75;5778.4501953125;5778.6298828125;5778.6298828125;3021256
2024-11-05 12:57:00-05:00;5778.64013671875;5778.64013671875;5777.6201171875;5778.0498046875;5778.0498046875;3398293
2024-11-05 12:58:00-05:00;5778.18017578125;5778.5400390625;5776.83984375;5776.83984375;5776.83984375;2511202
2024-11-05 12:59:00-05:00;5776.759765625;5777.4599609375;5776.669921875;5777.22021484375;5777.22021484375;3835037
2024-11-05 13:00:00-05:00;5777.16015625;5777.52001953125;5775.9599609375;5775.97998046875;5775.97998046875;2732155
2024-11-05 13:01:00-05:00;5776.02978515625;5776.2900390625;5775.7001953125;5776.1201171875;5776.1201171875;2392037
2024-11-05 13:02:00-05:00;5776.10009765625;5777.7900390625;5776.10009765625;5777.7900390625;5777.7900390625;3999042
2024-11-05 13:03:00-05:00;5777.740234375;5779.4501953125;5777.740234375;5779.39013671875;5779.39013671875;2975166
2024-11-05 13:04:00-05:00;5779.31005859375;5779.97998046875;5778.990234375;5779.41015625;5779.41015625;2984682
2024-11-05 13:05:00-05:00;5779.41015625;5779.72998046875;5779.02001953125;5779.02001953125;5779.02001953125;2881106
2024-11-05 13:06:00-05:00;5778.919921875;5780.06982421875;5778.81005859375;5779.91015625;5779.91015625;2945767
2024-11-05 13:07:00-05:00;5779.9501953125;5780.22021484375;5779.3798828125;5779.58984375;5779.58984375;2718583
2024-11-05 13:08:00-05:00;5779.60009765625;5779.7099609375;5778.43994140625;5778.75;5778.75;2480886
2024-11-05 13:09:00-05:00;5778.75;5778.830078125;5778.43017578125;5778.60009765625;5778.60009765625;2683134
2024-11-05 13:10:00-05:00;5778.56005859375;5778.6298828125;5778.02001953125;5778.080078125;5778.080078125;2834448
2024-11-05 13:11:00-05:00;5778.06005859375;5778.06005859375;5776.52978515625;5776.52978515625;5776.52978515625;3764848
2024-11-05 13:12:00-05:00;5776.5498046875;5776.85009765625;5775.47021484375;5775.64013671875;5775.64013671875;3459426
2024-11-05 13:13:00-05:00;5775.580078125;5775.9599609375;5775.39013671875;5775.759765625;5775.759765625;2648913
2024-11-05 13:14:00-05:00;5775.75;5775.77978515625;5772.22021484375;5772.35009765625;5772.35009765625;3679694
2024-11-05 13:15:00-05:00;5772.58984375;5774.75;5772.58984375;5774.6201171875;5774.6201171875;3091589
2024-11-05 13:16:00-05:00;5774.68994140625;5777.56005859375;5774.6298828125;5777.5;5777.5;3169235
2024-11-05 13:17:00-05:00;5777.5400390625;5777.66015625;5776.56982421875;5776.83984375;5776.83984375;3505508
2024-11-05 13:18:00-05:00;5776.72021484375;5776.83984375;5775.22021484375;5775.22021484375;5775.22021484375;2944174
2024-11-05 13:19:00-05:00;5775.22021484375;5775.22021484375;5773.85009765625;5773.97021484375;5773.97021484375;2972041
2024-11-05 13:20:00-05:00;5773.97998046875;5774.3701171875;5773.33984375;5773.64990234375;5773.64990234375;2609806
2024-11-05 13:21:00-05:00;5773.66015625;5774.3701171875;5773.47998046875;5774.35009765625;5774.35009765625;2378928
2024-11-05 13:22:00-05:00;5774.5;5774.68017578125;5773.669921875;5773.669921875;5773.669921875;2826684
2024-11-05 13:23:00-05:00;5773.7099609375;5773.7099609375;5771.68994140625;5771.72998046875;5771.72998046875;2766087
2024-11-05 13:24:00-05:00;5771.7099609375;5771.85009765625;5771.14013671875;5771.81982421875;5771.81982421875;2542543
2024-11-05 13:25:00-05:00;5771.75;5771.75;5770.58984375;5770.58984375;5770.58984375;2464940
2024-11-05 13:26:00-05:00;5770.60986328125;5773.14990234375;5770.60986328125;5772.0;5772.0;3331803
2024-11-05 13:27:00-05:00;5771.990234375;5772.16015625;5771.0400390625;5771.14013671875;5771.14013671875;2384598
2024-11-05 13:28:00-05:00;5771.14990234375;5771.14990234375;5770.3798828125;5770.4599609375;5770.4599609375;2310217
2024-11-05 13:29:00-05:00;5770.4599609375;5771.06982421875;5770.31982421875;5770.72021484375;5770.72021484375;2615886
2024-11-05 13:30:00-05:00;5770.580078125;5771.02001953125;5770.0498046875;5770.18994140625;5770.18994140625;3030454
2024-11-05 13:31:00-05:00;5770.18017578125;5771.18994140625;5770.18017578125;5771.10009765625;5771.10009765625;3084474
2024-11-05 13:32:00-05:00;5771.10986328125;5772.68017578125;5770.919921875;5771.52001953125;5771.52001953125;3029667
2024-11-05 13:33:00-05:00;5771.5;5771.58984375;5770.580078125;5770.77001953125;5770.77001953125;2663785
2024-11-05 13:34:00-05:00;5770.72021484375;5770.77978515625;5769.56005859375;5769.68994140625;5769.68994140625;3216291
2024-11-05 13:35:00-05:00;5769.6298828125;5769.6298828125;5768.5;5768.52001953125;5768.52001953125;3003207
2024-11-05 13:36:00-05:00;5768.4599609375;5768.58984375;5767.60009765625;5767.9599609375;5767.9599609375;3011679
2024-11-05 13:37:00-05:00;5768.009765625;5768.16015625;5763.72998046875;5763.93994140625;5763.93994140625;4492619
2024-11-05 13:38:00-05:00;5764.0498046875;5765.02978515625;5763.60986328125;5764.52001953125;5764.52001953125;3868626
2024-11-05 13:39:00-05:00;5764.52001953125;5766.77978515625;5764.35986328125;5766.4599609375;5766.4599609375;3552697
2024-11-05 13:40:00-05:00;5766.5498046875;5767.58984375;5766.5498046875;5766.8701171875;5766.8701171875;3513237
2024-11-05 13:41:00-05:00;5766.81005859375;5768.740234375;5766.81005859375;5768.66015625;5768.66015625;3374706
2024-11-05 13:42:00-05:00;5768.7001953125;5771.39013671875;5768.7001953125;5771.2001953125;5771.2001953125;4325942
2024-11-05 13:43:00-05:00;5771.330078125;5771.7998046875;5770.85986328125;5771.0400390625;5771.0400390625;2965917
2024-11-05 13:44:00-05:00;5771.02001953125;5771.02001953125;5769.6201171875;5769.830078125;5769.830078125;2638336
2024-11-05 13:45:00-05:00;5769.83984375;5770.41015625;5769.35009765625;5770.14013671875;5770.14013671875;2277581
2024-11-05 13:46:00-05:00;5770.1201171875;5770.52978515625;5769.72021484375;5770.52978515625;5770.52978515625;2735165
2024-11-05 13:47:00-05:00;5770.56005859375;5771.43994140625;5770.2900390625;5770.43017578125;5770.43017578125;3280056
2024-11-05 13:48:00-05:00;5770.18017578125;5770.27001953125;5766.93994140625;5766.93994140625;5766.93994140625;3873643
2024-11-05 13:49:00-05:00;5766.77978515625;5767.5400390625;5766.6298828125;5767.14013671875;5767.14013671875;2487793
2024-11-05 13:50:00-05:00;5767.14013671875;5767.14013671875;5766.02001953125;5766.35009765625;5766.35009765625;2813665
2024-11-05 13:51:00-05:00;5766.39990234375;5767.85009765625;5766.22998046875;5767.85009765625;5767.85009765625;3547424
2024-11-05 13:52:00-05:00;5768.18017578125;5768.6298828125;5767.330078125;5767.5400390625;5767.5400390625;2586748
2024-11-05 13:53:00-05:00;5767.6298828125;5769.77001953125;5767.60009765625;5769.52978515625;5769.52978515625;2989915
2024-11-05 13:54:00-05:00;5769.52978515625;5769.6298828125;5769.08984375;5769.6201171875;5769.6201171875;2700307
2024-11-05 13:55:00-05:00;5769.759765625;5769.7900390625;5769.22021484375;5769.52001953125;5769.52001953125;2800910
2024-11-05 13:56:00-05:00;5769.509765625;5769.830078125;5769.2900390625;5769.830078125;5769.830078125;2592461
2024-11-05 13:57:00-05:00;5769.91015625;5770.14990234375;5768.77978515625;5769.009765625;5769.009765625;2514116
2024-11-05 13:58:00-05:00;5769.02978515625;5769.41015625;5768.830078125;5769.25;5769.25;2485822
2024-11-05 13:59:00-05:00;5769.2001953125;5769.81982421875;5768.83984375;5769.06005859375;5769.06005859375;3020098
2024-11-05 14:00:00-05:00;5769.0400390625;5771.10986328125;5768.990234375;5770.60986328125;5770.60986328125;4131359
2024-11-05 14:01:00-05:00;5770.52978515625;5771.18994140625;5769.47998046875;5771.18994140625;5771.18994140625;3826508
2024-11-05 14:02:00-05:00;5771.27001953125;5772.509765625;5771.18017578125;5772.3701171875;5772.3701171875;3507759
2024-11-05 14:03:00-05:00;5772.35009765625;5772.39013671875;5770.81005859375;5771.02001953125;5771.02001953125;2943825
2024-11-05 14:04:00-05:00;5771.009765625;5771.58984375;5770.5;5771.10986328125;5771.10986328125;2691315
2024-11-05 14:05:00-05:00;5771.1201171875;5771.1201171875;5770.43017578125;5770.66015625;5770.66015625;2557219
2024-11-05 14:06:00-05:00;5770.66015625;5772.080078125;5770.60986328125;5771.5498046875;5771.5498046875;3114722
2024-11-05 14:07:00-05:00;5771.52001953125;5772.419921875;5771.3701171875;5772.18994140625;5772.18994140625;3067527
2024-11-05 14:08:00-05:00;5772.10009765625;5773.990234375;5771.740234375;5773.990234375;5773.990234375;3943045
2024-11-05 14:09:00-05:00;5774.0400390625;5774.39013671875;5773.7900390625;5774.1298828125;5774.1298828125;3343217
2024-11-05 14:10:00-05:00;5774.1298828125;5774.3701171875;5773.85009765625;5774.3701171875;5774.3701171875;3930407
2024-11-05 14:11:00-05:00;5774.3798828125;5774.77978515625;5774.18994140625;5774.56005859375;5774.56005859375;2846157
2024-11-05 14:12:00-05:00;5774.56005859375;5774.77001953125;5773.740234375;5773.740234375;5773.740234375;3352408
2024-11-05 14:13:00-05:00;5773.47998046875;5773.47998046875;5771.68017578125;5772.080078125;5772.080078125;3040784
2024-11-05 14:14:00-05:00;5772.080078125;5772.85986328125;5772.080078125;5772.3701171875;5772.3701171875;2945549
2024-11-05 14:15:00-05:00;5772.39990234375;5772.39990234375;5771.5498046875;5771.5498046875;5771.5498046875;2362823
2024-11-05 14:16:00-05:00;5771.5400390625;5772.66015625;5770.68994140625;5772.6298828125;5772.6298828125;4127574
2024-11-05 14:17:00-05:00;5772.64990234375;5772.68994140625;5771.740234375;5772.02001953125;5772.02001953125;2642065
2024-11-05 14:18:00-05:00;5772.02001953125;5772.43017578125;5771.72021484375;5771.93017578125;5771.93017578125;2912458
2024-11-05 14:19:00-05:00;5771.9501953125;5772.14990234375;5771.22998046875;5771.85986328125;5771.85986328125;2577457
2024-11-05 14:20:00-05:00;5771.85986328125;5771.85986328125;5770.0498046875;5770.22998046875;5770.22998046875;3039950
2024-11-05 14:21:00-05:00;5770.169921875;5770.75;5770.009765625;5770.75;5770.75;2983474
2024-11-05 14:22:00-05:00;5770.7900390625;5770.7900390625;5769.22998046875;5769.31982421875;5769.31982421875;2996615
2024-11-05 14:23:00-05:00;5769.169921875;5770.0400390625;5768.68994140625;5769.81982421875;5769.81982421875;3216835
2024-11-05 14:24:00-05:00;5769.89013671875;5770.68994140625;5769.89013671875;5770.66015625;5770.66015625;3408629
2024-11-05 14:25:00-05:00;5770.64013671875;5771.72998046875;5770.10986328125;5771.64990234375;5771.64990234375;3758723
2024-11-05 14:26:00-05:00;5771.81005859375;5773.740234375;5771.81005859375;5773.740234375;5773.740234375;4007742
2024-11-05 14:27:00-05:00;5773.9501953125;5775.22021484375;5773.22998046875;5773.64013671875;5773.64013671875;4351908
2024-11-05 14:28:00-05:00;5773.64013671875;5773.830078125;5772.47998046875;5773.0498046875;5773.0498046875;3582551
2024-11-05 14:29:00-05:00;5772.990234375;5772.990234375;5771.43017578125;5771.43017578125;5771.43017578125;3215203
2024-11-05 14:30:00-05:00;5771.39013671875;5771.60009765625;5770.35009765625;5771.27001953125;5771.27001953125;3457107
2024-11-05 14:31:00-05:00;5771.2900390625;5772.35986328125;5771.2099609375;5772.240234375;5772.240234375;2775818
2024-11-05 14:32:00-05:00;5772.2998046875;5773.1298828125;5772.27001953125;5773.1298828125;5773.1298828125;3504200
2024-11-05 14:33:00-05:00;5773.0498046875;5773.5;5772.7900390625;5773.43994140625;5773.43994140625;2529758
2024-11-05 14:34:00-05:00;5773.4501953125;5773.509765625;5772.43994140625;5772.47021484375;5772.47021484375;2943507
2024-11-05 14:35:00-05:00;5772.509765625;5773.1298828125;5772.509765625;5773.1298828125;5773.1298828125;3084790
2024-11-05 14:36:00-05:00;5773.14013671875;5773.669921875;5772.83984375;5773.47021484375;5773.47021484375;3379898
2024-11-05 14:37:00-05:00;5773.47021484375;5773.47021484375;5772.4501953125;5773.43017578125;5773.43017578125;3311163
2024-11-05 14:38:00-05:00;5773.4599609375;5774.22998046875;5773.330078125;5774.18994140625;5774.18994140625;3647074
2024-11-05 14:39:00-05:00;5774.2001953125;5774.35009765625;5773.85009765625;5773.89990234375;5773.89990234375;3040222
2024-11-05 14:40:00-05:00;5773.85009765625;5774.77978515625;5773.740234375;5774.33984375;5774.33984375;2779846
2024-11-05 14:41:00-05:00;5774.35986328125;5775.14013671875;5774.35986328125;5775.1201171875;5775.1201171875;2698181
2024-11-05 14:42:00-05:00;5775.10009765625;5775.25;5774.259765625;5774.2900390625;5774.2900390625;3479112
2024-11-05 14:43:00-05:00;5774.25;5774.25;5773.2001953125;5773.8701171875;5773.8701171875;2828937
2024-11-05 14:44:00-05:00;5773.89013671875;5774.39990234375;5773.72021484375;5774.27001953125;5774.27001953125;2443080
2024-11-05 14:45:00-05:00;5774.240234375;5774.490234375;5773.0;5773.240234375;5773.240234375;3483386
2024-11-05 14:46:00-05:00;5773.080078125;5773.8798828125;5772.580078125;5773.72021484375;5773.72021484375;2879473
2024-11-05 14:47:00-05:00;5773.72998046875;5773.85009765625;5773.35009765625;5773.64990234375;5773.64990234375;2963960
2024-11-05 14:48:00-05:00;5773.72021484375;5774.08984375;5773.47021484375;5773.5498046875;5773.5498046875;3410026
2024-11-05 14:49:00-05:00;5773.47021484375;5773.47021484375;5772.14013671875;5772.14013671875;5772.14013671875;3049573
2024-11-05 14:50:00-05:00;5772.18017578125;5772.18017578125;5770.06005859375;5770.4501953125;5770.4501953125;4315144
2024-11-05 14:51:00-05:00;5770.47998046875;5770.5498046875;5768.31982421875;5768.31982421875;5768.31982421875;3274905
2024-11-05 14:52:00-05:00;5768.25;5769.06982421875;5767.4599609375;5768.919921875;5768.919921875;3907005
2024-11-05 14:53:00-05:00;5768.89990234375;5769.52978515625;5768.35986328125;5769.3701171875;5769.3701171875;2923039
2024-11-05 14:54:00-05:00;5769.27001953125;5769.31982421875;5766.97021484375;5766.990234375;5766.990234375;4014470
2024-11-05 14:55:00-05:00;5767.02001953125;5767.7900390625;5765.43994140625;5765.72998046875;5765.72998046875;4522459
2024-11-05 14:56:00-05:00;5765.64013671875;5766.06982421875;5764.66015625;5765.89990234375;5765.89990234375;3920542
2024-11-05 14:57:00-05:00;5765.830078125;5766.740234375;5765.27001953125;5766.1298828125;5766.1298828125;3832888
2024-11-05 14:58:00-05:00;5766.02001953125;5766.7099609375;5765.5400390625;5766.68994140625;5766.68994140625;3604179
2024-11-05 14:59:00-05:00;5766.669921875;5768.02978515625;5766.6201171875;5767.06005859375;5767.06005859375;3745955
2024-11-05 15:00:00-05:00;5767.0498046875;5767.0498046875;5764.83984375;5766.5498046875;5766.5498046875;4740553
2024-11-05 15:01:00-05:00;5766.52001953125;5768.89990234375;5766.52001953125;5768.89990234375;5768.89990234375;4197310
2024-11-05 15:02:00-05:00;5768.830078125;5769.41015625;5766.47998046875;5766.47998046875;5766.47998046875;3876436
2024-11-05 15:03:00-05:00;5766.39013671875;5767.16015625;5766.169921875;5766.47998046875;5766.47998046875;3303828
2024-11-05 15:04:00-05:00;5766.509765625;5767.2998046875;5766.509765625;5767.06005859375;5767.06005859375;2971256
2024-11-05 15:05:00-05:00;5767.02001953125;5768.89990234375;5767.02001953125;5768.89990234375;5768.89990234375;4241564
2024-11-05 15:06:00-05:00;5769.06982421875;5770.4501953125;5769.009765625;5770.43017578125;5770.43017578125;3410111
2024-11-05 15:07:00-05:00;5770.490234375;5771.14013671875;5770.169921875;5770.93994140625;5770.93994140625;3559034
2024-11-05 15:08:00-05:00;5770.93017578125;5771.97021484375;5770.8798828125;5771.5400390625;5771.5400390625;3665827
2024-11-05 15:09:00-05:00;5771.490234375;5772.83984375;5771.4599609375;5772.6201171875;5772.6201171875;4145580
2024-11-05 15:10:00-05:00;5772.64013671875;5774.1298828125;5772.64013671875;5773.97021484375;5773.97021484375;4484964
2024-11-05 15:11:00-05:00;5774.06982421875;5774.2001953125;5773.669921875;5774.06005859375;5774.06005859375;3888607
2024-11-05 15:12:00-05:00;5774.06005859375;5774.10009765625;5772.68994140625;5772.68994140625;5772.68994140625;3851562
2024-11-05 15:13:00-05:00;5772.4599609375;5772.60986328125;5771.81005859375;5772.56982421875;5772.56982421875;3776643
2024-11-05 15:14:00-05:00;5772.56982421875;5773.91015625;5772.56982421875;5773.419921875;5773.419921875;4011019
2024-11-05 15:15:00-05:00;5773.39990234375;5773.39990234375;5772.47998046875;5773.0400390625;5773.0400390625;3984219
2024-11-05 15:16:00-05:00;5773.0498046875;5773.68017578125;5773.0498046875;5773.56982421875;5773.56982421875;3608573
2024-11-05 15:17:00-05:00;5773.56005859375;5773.56005859375;5772.2900390625;5772.419921875;5772.419921875;4153602
2024-11-05 15:18:00-05:00;5772.5;5773.58984375;5772.4501953125;5773.58984375;5773.58984375;4448311
2024-11-05 15:19:00-05:00;5773.56982421875;5773.60009765625;5773.1201171875;5773.43017578125;5773.43017578125;4100597
2024-11-05 15:20:00-05:00;5773.41015625;5773.5;5772.56982421875;5772.56982421875;5772.56982421875;3558884
2024-11-05 15:21:00-05:00;5772.5498046875;5772.93017578125;5772.35986328125;5772.830078125;5772.830078125;3684379
2024-11-05 15:22:00-05:00;5772.85986328125;5773.02001953125;5771.93017578125;5772.4501953125;5772.4501953125;4062806
2024-11-05 15:23:00-05:00;5772.41015625;5772.41015625;5771.1201171875;5771.56005859375;5771.56005859375;4446541
2024-11-05 15:24:00-05:00;5771.6201171875;5772.240234375;5771.60009765625;5771.60009765625;5771.60009765625;3991053
2024-11-05 15:25:00-05:00;5771.60986328125;5771.60986328125;5770.27001953125;5770.64990234375;5770.64990234375;4462109
2024-11-05 15:26:00-05:00;5770.58984375;5771.25;5769.990234375;5771.25;5771.25;4157534
2024-11-05 15:27:00-05:00;5771.31005859375;5771.6201171875;5770.919921875;5771.60986328125;5771.60986328125;3916865
2024-11-05 15:28:00-05:00;5771.6201171875;5772.58984375;5771.6201171875;5771.75;5771.75;4232091
2024-11-05 15:29:00-05:00;5771.740234375;5774.240234375;5771.740234375;5774.16015625;5774.16015625;4779489
2024-11-05 15:30:00-05:00;5774.080078125;5774.33984375;5773.0400390625;5774.22998046875;5774.22998046875;5754047
2024-11-05 15:31:00-05:00;5774.35009765625;5774.759765625;5773.06005859375;5773.77978515625;5773.77978515625;6372439
2024-11-05 15:32:00-05:00;5773.830078125;5776.68994140625;5773.830078125;5776.60986328125;5776.60986328125;5911714
2024-11-05 15:33:00-05:00;5776.68994140625;5777.83984375;5776.2099609375;5777.83984375;5777.83984375;6145635
2024-11-05 15:34:00-05:00;5777.93017578125;5778.0498046875;5776.85009765625;5776.85986328125;5776.85986328125;6347970
2024-11-05 15:35:00-05:00;5776.7998046875;5777.14990234375;5776.5498046875;5777.14990234375;5777.14990234375;5502197
2024-11-05 15:36:00-05:00;5777.240234375;5778.3798828125;5776.33984375;5778.3798828125;5778.3798828125;5869805
2024-11-05 15:37:00-05:00;5778.509765625;5778.64013671875;5777.33984375;5777.66015625;5777.66015625;5336088
2024-11-05 15:38:00-05:00;5777.77001953125;5777.89013671875;5776.490234375;5776.81005859375;5776.81005859375;5168142
2024-11-05 15:39:00-05:00;5776.89013671875;5776.97021484375;5776.35986328125;5776.35986328125;5776.35986328125;5123205
2024-11-05 15:40:00-05:00;5775.81005859375;5775.81005859375;5772.35986328125;5774.330078125;5774.330078125;8550173
2024-11-05 15:41:00-05:00;5774.31005859375;5774.31005859375;5773.240234375;5773.66015625;5773.66015625;6072603
2024-11-05 15:42:00-05:00;5773.669921875;5773.8701171875;5771.64990234375;5771.77978515625;5771.77978515625;6299612
2024-11-05 15:43:00-05:00;5771.85986328125;5771.85986328125;5770.81005859375;5770.81005859375;5770.81005859375;6603228
2024-11-05 15:44:00-05:00;5770.5;5771.97998046875;5770.5;5771.41015625;5771.41015625;6221817
2024-11-05 15:45:00-05:00;5771.39013671875;5771.89990234375;5770.64990234375;5770.68994140625;5770.68994140625;7428921
2024-11-05 15:46:00-05:00;5770.72998046875;5771.2900390625;5769.75;5771.27001953125;5771.27001953125;7894147
2024-11-05 15:47:00-05:00;5771.2900390625;5772.18994140625;5771.10009765625;5772.18994140625;5772.18994140625;8797097
2024-11-05 15:48:00-05:00;5772.18017578125;5775.31005859375;5772.18017578125;5775.27001953125;5775.27001953125;9655874
2024-11-05 15:49:00-05:00;5775.31005859375;5775.31005859375;5773.56982421875;5773.919921875;5773.919921875;8639104
2024-11-05 15:50:00-05:00;5773.8798828125;5774.47998046875;5773.27978515625;5773.77001953125;5773.77001953125;14206232
2024-11-05 15:51:00-05:00;5773.8701171875;5775.0400390625;5773.52001953125;5773.52001953125;5773.52001953125;12524456
2024-11-05 15:52:00-05:00;5773.64990234375;5774.47021484375;5773.22998046875;5774.47021484375;5774.47021484375;11545051
2024-11-05 15:53:00-05:00;5774.509765625;5778.080078125;5774.47021484375;5778.080078125;5778.080078125;14049223
2024-11-05 15:54:00-05:00;5778.2099609375;5778.75;5776.0400390625;5776.2001953125;5776.2001953125;14316362
2024-11-05 15:55:00-05:00;5776.1298828125;5778.72021484375;5776.1298828125;5778.2900390625;5778.2900390625;18796963
2024-11-05 15:56:00-05:00;5778.1201171875;5778.1201171875;5775.77001953125;5777.0498046875;5777.0498046875;17554533
2024-11-05 15:57:00-05:00;5776.93017578125;5778.2001953125;5776.93017578125;5778.02001953125;5778.02001953125;16624137
2024-11-05 15:58:00-05:00;5778.169921875;5780.25;5777.66015625;5779.81005859375;5779.81005859375;17011778
2024-11-05 15:59:00-05:00;5779.8798828125;5783.43994140625;5779.8798828125;5783.06982421875;5783.06982421875;18435154
