Datetime;Open;High;Low;Close;Adj Close;Volume
2024-10-24 09:30:00-04:00;5817.7998046875;5817.7998046875;5811.33984375;5811.33984375;5811.33984375;0
2024-10-24 09:31:00-04:00;5811.18017578125;5812.8701171875;5806.419921875;5807.1201171875;5807.1201171875;16917048
2024-10-24 09:32:00-04:00;5807.27001953125;5809.47998046875;5806.6201171875;5807.990234375;5807.990234375;11778265
2024-10-24 09:33:00-04:00;5807.6201171875;5810.419921875;5807.4501953125;5809.740234375;5809.740234375;10972359
2024-10-24 09:34:00-04:00;5809.4501953125;5810.56005859375;5807.990234375;5808.85986328125;5808.85986328125;11384985
2024-10-24 09:35:00-04:00;5808.7099609375;5812.35986328125;5808.4501953125;5810.47021484375;5810.47021484375;11759716
2024-10-24 09:36:00-04:00;5810.43994140625;5812.259765625;5808.08984375;5809.2900390625;5809.2900390625;10564412
2024-10-24 09:37:00-04:00;5809.35986328125;5810.169921875;5808.2900390625;5810.169921875;5810.169921875;8519715
2024-10-24 09:38:00-04:00;5810.43017578125;5811.08984375;5809.83984375;5810.419921875;5810.419921875;8971519
2024-10-24 09:39:00-04:00;5810.669921875;5811.16015625;5809.39013671875;5809.52001953125;5809.52001953125;8224554
2024-10-24 09:40:00-04:00;5809.990234375;5811.1298828125;5809.60009765625;5810.52001953125;5810.52001953125;9340614
2024-10-24 09:41:00-04:00;5810.4501953125;5810.580078125;5809.5;5809.66015625;5809.66015625;8393748
2024-10-24 09:42:00-04:00;5809.60986328125;5810.27978515625;5808.2900390625;5809.72021484375;5809.72021484375;7398979
2024-10-24 09:43:00-04:00;5809.7900390625;5809.7900390625;5806.91015625;5808.06005859375;5808.06005859375;7100465
2024-10-24 09:44:00-04:00;5807.919921875;5809.7998046875;5807.83984375;5809.0400390625;5809.0400390625;5833701
2024-10-24 09:45:00-04:00;5808.919921875;5809.52001953125;5804.31005859375;5804.31005859375;5804.31005859375;8627813
2024-10-24 09:46:00-04:00;5804.33984375;5806.16015625;5803.91015625;5804.25;5804.25;7975931
2024-10-24 09:47:00-04:00;5804.22998046875;5808.2900390625;5804.009765625;5808.10009765625;5808.10009765625;9687212
2024-10-24 09:48:00-04:00;5808.08984375;5808.419921875;5804.43994140625;5804.9501953125;5804.9501953125;7780658
2024-10-24 09:49:00-04:00;5805.02001953125;5807.2900390625;5804.5498046875;5806.22998046875;5806.22998046875;7429763
2024-10-24 09:50:00-04:00;5806.16015625;5807.2998046875;5805.14013671875;5805.18017578125;5805.18017578125;7301801
2024-10-24 09:51:00-04:00;5805.259765625;5807.66015625;5805.1298828125;5807.66015625;5807.66015625;7469470
2024-10-24 09:52:00-04:00;5807.60009765625;5808.02001953125;5806.68017578125;5807.14013671875;5807.14013671875;6819269
2024-10-24 09:53:00-04:00;5807.1298828125;5808.89990234375;5806.9501953125;5807.8798828125;5807.8798828125;6170067
2024-10-24 09:54:00-04:00;5807.830078125;5811.2900390625;5807.830078125;5811.080078125;5811.080078125;6543435
2024-10-24 09:55:00-04:00;5811.27978515625;5812.60009765625;5811.18994140625;5812.169921875;5812.169921875;6057887
2024-10-24 09:56:00-04:00;5812.4599609375;5813.02978515625;5810.169921875;5811.6298828125;5811.6298828125;5166459
2024-10-24 09:57:00-04:00;5811.7001953125;5811.72998046875;5809.68017578125;5811.72998046875;5811.72998046875;6735367
2024-10-24 09:58:00-04:00;5811.60009765625;5811.81005859375;5809.919921875;5809.919921875;5809.919921875;5592591
2024-10-24 09:59:00-04:00;5809.83984375;5812.56005859375;5809.7001953125;5812.56005859375;5812.56005859375;6236748
2024-10-24 10:00:00-04:00;5812.919921875;5813.58984375;5811.52001953125;5812.2900390625;5812.2900390625;6479081
2024-10-24 10:01:00-04:00;5812.31005859375;5814.16015625;5811.93994140625;5812.10009765625;5812.10009765625;7278207
2024-10-24 10:02:00-04:00;5812.10986328125;5816.47021484375;5812.10986328125;5815.8798828125;5815.8798828125;7665535
2024-10-24 10:03:00-04:00;5816.02978515625;5817.27001953125;5815.330078125;5816.39990234375;5816.39990234375;6273077
2024-10-24 10:04:00-04:00;5816.47021484375;5817.1201171875;5811.7001953125;5813.64013671875;5813.64013671875;7961450
2024-10-24 10:05:00-04:00;5813.580078125;5813.72998046875;5811.02001953125;5811.06005859375;5811.06005859375;6633376
2024-10-24 10:06:00-04:00;5811.18994140625;5812.1201171875;5810.759765625;5811.97021484375;5811.97021484375;5433963
2024-10-24 10:07:00-04:00;5811.7998046875;5812.06005859375;5808.7998046875;5811.97021484375;5811.97021484375;6425006
2024-10-24 10:08:00-04:00;5812.06005859375;5812.6201171875;5810.27001953125;5810.27001953125;5810.27001953125;5448400
2024-10-24 10:09:00-04:00;5810.33984375;5810.919921875;5810.259765625;5810.330078125;5810.330078125;5244112
2024-10-24 10:10:00-04:00;5810.18017578125;5811.919921875;5810.18017578125;5811.7099609375;5811.7099609375;6128380
2024-10-24 10:11:00-04:00;5811.7099609375;5812.97021484375;5811.669921875;5812.25;5812.25;5826420
2024-10-24 10:12:00-04:00;5812.22021484375;5812.89013671875;5811.2998046875;5812.6298828125;5812.6298828125;5037712
2024-10-24 10:13:00-04:00;5812.72021484375;5813.08984375;5810.7998046875;5811.10009765625;5811.10009765625;5405058
2024-10-24 10:14:00-04:00;5810.93017578125;5810.93017578125;5809.240234375;5809.47998046875;5809.47998046875;5797311
2024-10-24 10:15:00-04:00;5809.5;5810.66015625;5809.2998046875;5809.7001953125;5809.7001953125;6772858
2024-10-24 10:16:00-04:00;5809.43017578125;5809.7099609375;5807.47021484375;5807.93994140625;5807.93994140625;5989038
2024-10-24 10:17:00-04:00;5807.91015625;5809.5;5807.91015625;5808.68994140625;5808.68994140625;5674054
2024-10-24 10:18:00-04:00;5808.60009765625;5808.60009765625;5806.72998046875;5807.740234375;5807.740234375;5880601
2024-10-24 10:19:00-04:00;5807.75;5809.43017578125;5807.18994140625;5809.43017578125;5809.43017578125;5217833
2024-10-24 10:20:00-04:00;5809.3701171875;5809.77978515625;5808.85009765625;5809.41015625;5809.41015625;4465943
2024-10-24 10:21:00-04:00;5809.39013671875;5809.89013671875;5808.5;5809.009765625;5809.009765625;4797916
2024-10-24 10:22:00-04:00;5808.8701171875;5809.0400390625;5807.52001953125;5808.06982421875;5808.06982421875;5749732
2024-10-24 10:23:00-04:00;5808.0;5810.31005859375;5808.0;5809.47021484375;5809.47021484375;4837000
2024-10-24 10:24:00-04:00;5809.41015625;5812.56982421875;5809.41015625;5812.5400390625;5812.5400390625;5890838
2024-10-24 10:25:00-04:00;5812.6201171875;5813.77978515625;5811.16015625;5811.16015625;5811.16015625;5662007
2024-10-24 10:26:00-04:00;5811.22998046875;5811.60986328125;5808.4501953125;5809.58984375;5809.58984375;5830141
2024-10-24 10:27:00-04:00;5809.5;5809.68994140625;5806.9501953125;5807.009765625;5807.009765625;6757131
2024-10-24 10:28:00-04:00;5807.06982421875;5807.72021484375;5806.2998046875;5807.1298828125;5807.1298828125;5478376
2024-10-24 10:29:00-04:00;5807.2099609375;5808.41015625;5806.72021484375;5807.0400390625;5807.0400390625;6329560
2024-10-24 10:30:00-04:00;5807.06982421875;5809.31982421875;5807.06982421875;5809.2001953125;5809.2001953125;5573869
2024-10-24 10:31:00-04:00;5809.1298828125;5811.33984375;5809.009765625;5811.27001953125;5811.27001953125;4637265
2024-10-24 10:32:00-04:00;5811.39013671875;5813.31005859375;5811.39013671875;5813.22998046875;5813.22998046875;4829537
2024-10-24 10:33:00-04:00;5813.16015625;5814.41015625;5812.990234375;5813.81982421875;5813.81982421875;4265328
2024-10-24 10:34:00-04:00;5813.81005859375;5815.830078125;5813.72021484375;5815.7001953125;5815.7001953125;4837954
2024-10-24 10:35:00-04:00;5815.77001953125;5815.77001953125;5813.91015625;5814.4599609375;5814.4599609375;4496791
2024-10-24 10:36:00-04:00;5814.490234375;5815.9501953125;5814.490234375;5815.72021484375;5815.72021484375;4379257
2024-10-24 10:37:00-04:00;5815.5400390625;5815.68994140625;5813.97998046875;5815.68994140625;5815.68994140625;5204429
2024-10-24 10:38:00-04:00;5815.7001953125;5815.919921875;5814.83984375;5815.330078125;5815.330078125;3842102
2024-10-24 10:39:00-04:00;5815.35986328125;5815.35986328125;5814.669921875;5814.68994140625;5814.68994140625;4833119
2024-10-24 10:40:00-04:00;5814.68017578125;5814.72021484375;5813.2900390625;5814.1201171875;5814.1201171875;5760489
2024-10-24 10:41:00-04:00;5813.85986328125;5814.669921875;5813.31005859375;5813.39990234375;5813.39990234375;5233851
2024-10-24 10:42:00-04:00;5813.43017578125;5814.83984375;5813.2001953125;5814.47998046875;5814.47998046875;4353698
2024-10-24 10:43:00-04:00;5814.490234375;5814.490234375;5813.64013671875;5813.64013671875;5813.64013671875;4295638
2024-10-24 10:44:00-04:00;5813.81982421875;5814.009765625;5813.18017578125;5813.93994140625;5813.93994140625;4308482
2024-10-24 10:45:00-04:00;5813.89013671875;5813.89013671875;5809.080078125;5809.2099609375;5809.2099609375;5534991
2024-10-24 10:46:00-04:00;5809.1201171875;5810.47998046875;5808.77001953125;5809.35009765625;5809.35009765625;3998802
2024-10-24 10:47:00-04:00;5809.419921875;5809.7998046875;5808.009765625;5808.580078125;5808.580078125;4135903
2024-10-24 10:48:00-04:00;5808.669921875;5809.1298828125;5808.0498046875;5808.93994140625;5808.93994140625;4088961
2024-10-24 10:49:00-04:00;5808.89013671875;5809.56005859375;5807.97998046875;5808.4501953125;5808.4501953125;3467125
2024-10-24 10:50:00-04:00;5808.490234375;5808.580078125;5806.66015625;5807.33984375;5807.33984375;4573843
2024-10-24 10:51:00-04:00;5807.0498046875;5807.0498046875;5803.9501953125;5804.3701171875;5804.3701171875;3963046
2024-10-24 10:52:00-04:00;5804.4599609375;5806.33984375;5803.77978515625;5806.33984375;5806.33984375;4025957
2024-10-24 10:53:00-04:00;5806.3701171875;5807.81005859375;5806.3701171875;5807.10009765625;5807.10009765625;4197423
2024-10-24 10:54:00-04:00;5807.0;5807.0;5805.68994140625;5806.0400390625;5806.0400390625;3418326
2024-10-24 10:55:00-04:00;5806.0;5806.0;5804.83984375;5805.60986328125;5805.60986328125;3576900
2024-10-24 10:56:00-04:00;5805.68017578125;5806.7900390625;5805.68017578125;5806.39990234375;5806.39990234375;3604354
2024-10-24 10:57:00-04:00;5806.43994140625;5807.7900390625;5806.18017578125;5806.89013671875;5806.89013671875;3773193
2024-10-24 10:58:00-04:00;5806.93017578125;5807.10009765625;5805.39013671875;5806.509765625;5806.509765625;4108639
2024-10-24 10:59:00-04:00;5806.509765625;5806.509765625;5805.77978515625;5806.1298828125;5806.1298828125;3428089
2024-10-24 11:00:00-04:00;5806.16015625;5807.97021484375;5805.77001953125;5805.830078125;5805.830078125;5751233
2024-10-24 11:01:00-04:00;5805.66015625;5806.35986328125;5805.02978515625;5805.7998046875;5805.7998046875;1873706
2024-10-24 11:02:00-04:00;5806.1298828125;5806.27978515625;5806.02001953125;5806.02978515625;5806.02978515625;6176170
2024-10-24 11:03:00-04:00;5806.0498046875;5806.64013671875;5805.7099609375;5806.169921875;5806.169921875;4587284
2024-10-24 11:04:00-04:00;5806.18994140625;5806.18994140625;5804.60009765625;5804.60009765625;5804.60009765625;4410364
2024-10-24 11:05:00-04:00;5804.6298828125;5804.64990234375;5801.0;5801.7099609375;5801.7099609375;4514048
2024-10-24 11:06:00-04:00;5801.7099609375;5803.6298828125;5801.7099609375;5802.31982421875;5802.31982421875;3986896
2024-10-24 11:07:00-04:00;5802.33984375;5803.259765625;5801.85986328125;5803.06005859375;5803.06005859375;3190212
2024-10-24 11:08:00-04:00;5802.97998046875;5803.97021484375;5802.52978515625;5803.35986328125;5803.35986328125;3562019
2024-10-24 11:09:00-04:00;5803.2900390625;5805.60986328125;5803.14013671875;5805.60986328125;5805.60986328125;4418006
2024-10-24 11:10:00-04:00;5805.60986328125;5806.58984375;5805.60986328125;5806.35986328125;5806.35986328125;4554154
2024-10-24 11:11:00-04:00;5806.39013671875;5806.740234375;5805.669921875;5806.740234375;5806.740234375;3802763
2024-10-24 11:12:00-04:00;5806.60986328125;5806.669921875;5806.02001953125;5806.5498046875;5806.5498046875;3361320
2024-10-24 11:13:00-04:00;5806.60009765625;5808.85009765625;5806.60009765625;5808.7099609375;5808.7099609375;3656269
2024-10-24 11:14:00-04:00;5808.6298828125;5809.919921875;5808.60009765625;5809.830078125;5809.830078125;4546731
2024-10-24 11:15:00-04:00;5809.77978515625;5810.509765625;5809.10986328125;5810.080078125;5810.080078125;4435635
2024-10-24 11:16:00-04:00;5810.08984375;5810.08984375;5809.2099609375;5809.33984375;5809.33984375;3730196
2024-10-24 11:17:00-04:00;5809.3701171875;5811.35009765625;5809.35986328125;5811.27978515625;5811.27978515625;3928966
2024-10-24 11:18:00-04:00;5811.22998046875;5811.72021484375;5810.740234375;5811.64013671875;5811.64013671875;3174319
2024-10-24 11:19:00-04:00;5811.64013671875;5811.740234375;5810.7998046875;5810.91015625;5810.91015625;3240935
2024-10-24 11:20:00-04:00;5810.85009765625;5811.3798828125;5810.64990234375;5810.75;5810.75;4360654
2024-10-24 11:21:00-04:00;5810.75;5811.419921875;5810.2900390625;5810.2900390625;5810.2900390625;5860389
2024-10-24 11:22:00-04:00;5810.18994140625;5810.22021484375;5806.06005859375;5806.64990234375;5806.64990234375;4921365
2024-10-24 11:23:00-04:00;5806.64013671875;5806.919921875;5804.83984375;5804.83984375;5804.83984375;3431428
2024-10-24 11:24:00-04:00;5804.85986328125;5805.43017578125;5804.52978515625;5805.33984375;5805.33984375;3543593
2024-10-24 11:25:00-04:00;5805.35009765625;5806.14013671875;5804.259765625;5804.259765625;5804.259765625;3659003
2024-10-24 11:26:00-04:00;5804.2900390625;5806.22998046875;5804.2900390625;5805.68017578125;5805.68017578125;3806774
2024-10-24 11:27:00-04:00;5805.60986328125;5806.7998046875;5805.60986328125;5805.66015625;5805.66015625;3045017
2024-10-24 11:28:00-04:00;5805.6298828125;5806.14990234375;5805.490234375;5806.1201171875;5806.1201171875;3781570
2024-10-24 11:29:00-04:00;5806.080078125;5806.080078125;5804.18994140625;5804.47998046875;5804.47998046875;3701479
2024-10-24 11:30:00-04:00;5804.56982421875;5805.0400390625;5804.1201171875;5804.5498046875;5804.5498046875;3561017
2024-10-24 11:31:00-04:00;5804.5498046875;5805.330078125;5804.06005859375;5805.14013671875;5805.14013671875;3822873
2024-10-24 11:32:00-04:00;5805.169921875;5805.169921875;5802.89013671875;5803.06005859375;5803.06005859375;4068073
2024-10-24 11:33:00-04:00;5803.14990234375;5803.39990234375;5802.169921875;5803.27001953125;5803.27001953125;3591854
2024-10-24 11:34:00-04:00;5803.2900390625;5805.06005859375;5802.9501953125;5805.06005859375;5805.06005859375;4043525
2024-10-24 11:35:00-04:00;5805.0498046875;5805.0498046875;5803.7099609375;5803.7998046875;5803.7998046875;4637259
2024-10-24 11:36:00-04:00;5803.7099609375;5803.7099609375;5802.39990234375;5802.85986328125;5802.85986328125;4511915
2024-10-24 11:37:00-04:00;5802.77978515625;5803.2099609375;5802.4501953125;5803.009765625;5803.009765625;3583939
2024-10-24 11:38:00-04:00;5803.0400390625;5803.2099609375;5802.4501953125;5802.89013671875;5802.89013671875;3072609
2024-10-24 11:39:00-04:00;5802.8701171875;5802.8701171875;5800.18994140625;5800.31005859375;5800.31005859375;3425524
2024-10-24 11:40:00-04:00;5800.27978515625;5801.0400390625;5799.52001953125;5800.81005859375;5800.81005859375;3327446
2024-10-24 11:41:00-04:00;5800.68994140625;5801.68994140625;5800.509765625;5800.64013671875;5800.64013671875;4211714
2024-10-24 11:42:00-04:00;5800.7001953125;5800.85986328125;5798.85009765625;5799.77978515625;5799.77978515625;4190517
2024-10-24 11:43:00-04:00;5799.72998046875;5800.39990234375;5799.31982421875;5799.7099609375;5799.7099609375;2756849
2024-10-24 11:44:00-04:00;5799.740234375;5800.0;5798.85009765625;5799.18994140625;5799.18994140625;4353006
2024-10-24 11:45:00-04:00;5799.14990234375;5799.91015625;5799.02001953125;5799.35986328125;5799.35986328125;3061003
2024-10-24 11:46:00-04:00;5799.419921875;5799.6298828125;5798.18994140625;5798.2099609375;5798.2099609375;3082466
2024-10-24 11:47:00-04:00;5798.22021484375;5798.22021484375;5792.66015625;5793.259765625;5793.259765625;6006962
2024-10-24 11:48:00-04:00;5793.16015625;5793.64990234375;5789.97021484375;5791.10009765625;5791.10009765625;5454283
2024-10-24 11:49:00-04:00;5791.009765625;5791.02001953125;5789.31005859375;5789.97998046875;5789.97998046875;3920466
2024-10-24 11:50:00-04:00;5789.75;5791.330078125;5788.72998046875;5788.85009765625;5788.85009765625;4363112
2024-10-24 11:51:00-04:00;5788.77001953125;5790.85009765625;5788.68994140625;5790.64013671875;5790.64013671875;3957758
2024-10-24 11:52:00-04:00;5790.830078125;5791.22021484375;5790.240234375;5791.02978515625;5791.02978515625;3509502
2024-10-24 11:53:00-04:00;5791.0400390625;5792.52001953125;5790.68994140625;5792.14013671875;5792.14013671875;2972219
2024-10-24 11:54:00-04:00;5792.14013671875;5795.509765625;5791.91015625;5795.509765625;5795.509765625;4252017
2024-10-24 11:55:00-04:00;5795.7099609375;5797.22998046875;5795.7099609375;5797.14990234375;5797.14990234375;3626945
2024-10-24 11:56:00-04:00;5797.1201171875;5799.02001953125;5797.080078125;5798.83984375;5798.83984375;3389400
2024-10-24 11:57:00-04:00;5798.81982421875;5799.4501953125;5798.7998046875;5799.2099609375;5799.2099609375;2907912
2024-10-24 11:58:00-04:00;5799.240234375;5800.06005859375;5799.22021484375;5799.35986328125;5799.35986328125;3421859
2024-10-24 11:59:00-04:00;5799.4501953125;5800.22998046875;5798.9501953125;5799.39013671875;5799.39013671875;3235715
2024-10-24 12:00:00-04:00;5799.490234375;5799.990234375;5799.06005859375;5799.22021484375;5799.22021484375;3711299
2024-10-24 12:01:00-04:00;5799.0400390625;5799.7099609375;5798.7099609375;5799.31005859375;5799.31005859375;2865924
2024-10-24 12:02:00-04:00;5799.330078125;5799.490234375;5796.5498046875;5796.68017578125;5796.68017578125;3652622
2024-10-24 12:03:00-04:00;5796.68017578125;5797.18994140625;5796.169921875;5796.31982421875;5796.31982421875;3376298
2024-10-24 12:04:00-04:00;5796.2900390625;5797.490234375;5796.08984375;5796.830078125;5796.830078125;3588645
2024-10-24 12:05:00-04:00;5796.64990234375;5796.8701171875;5795.64013671875;5795.64013671875;5795.64013671875;2960593
2024-10-24 12:06:00-04:00;5795.64990234375;5795.64990234375;5790.85009765625;5791.16015625;5791.16015625;4287545
2024-10-24 12:07:00-04:00;5791.27001953125;5792.0498046875;5789.740234375;5789.7998046875;5789.7998046875;3433050
2024-10-24 12:08:00-04:00;5789.77978515625;5789.77978515625;5787.97021484375;5789.16015625;5789.16015625;4223415
2024-10-24 12:09:00-04:00;5789.06005859375;5790.14990234375;5788.25;5790.10986328125;5790.10986328125;4295194
2024-10-24 12:10:00-04:00;5790.16015625;5790.990234375;5788.68994140625;5788.68994140625;5788.68994140625;3298291
2024-10-24 12:11:00-04:00;5788.669921875;5789.009765625;5787.419921875;5787.66015625;5787.66015625;3215769
2024-10-24 12:12:00-04:00;5787.66015625;5787.66015625;5785.080078125;5785.52001953125;5785.52001953125;4077172
2024-10-24 12:13:00-04:00;5785.56982421875;5786.31982421875;5784.919921875;5785.830078125;5785.830078125;3464655
2024-10-24 12:14:00-04:00;5785.830078125;5787.490234375;5785.830078125;5786.990234375;5786.990234375;3692353
2024-10-24 12:15:00-04:00;5786.919921875;5787.490234375;5785.97998046875;5786.31005859375;5786.31005859375;2935735
2024-10-24 12:16:00-04:00;5786.259765625;5786.7998046875;5785.0498046875;5786.7998046875;5786.7998046875;3388784
2024-10-24 12:17:00-04:00;5786.7998046875;5787.8701171875;5785.85986328125;5786.0400390625;5786.0400390625;3991531
2024-10-24 12:18:00-04:00;5786.08984375;5786.89013671875;5785.9501953125;5786.72021484375;5786.72021484375;2872700
2024-10-24 12:19:00-04:00;5786.75;5788.58984375;5786.75;5788.490234375;5788.490234375;2702885
2024-10-24 12:20:00-04:00;5788.6201171875;5788.89990234375;5788.02978515625;5788.02978515625;5788.02978515625;2970254
2024-10-24 12:21:00-04:00;5788.009765625;5790.06982421875;5787.10986328125;5789.97998046875;5789.97998046875;3913883
2024-10-24 12:22:00-04:00;5790.02978515625;5792.009765625;5790.0;5790.919921875;5790.919921875;3117115
2024-10-24 12:23:00-04:00;5790.8701171875;5792.240234375;5790.85986328125;5792.169921875;5792.169921875;3219287
2024-10-24 12:24:00-04:00;5792.18017578125;5793.990234375;5791.990234375;5793.66015625;5793.66015625;3575457
2024-10-24 12:25:00-04:00;5793.7001953125;5794.6298828125;5793.27978515625;5794.22021484375;5794.22021484375;2906558
2024-10-24 12:26:00-04:00;5794.240234375;5795.4599609375;5794.2099609375;5795.02001953125;5795.02001953125;2972827
2024-10-24 12:27:00-04:00;5795.0;5796.22021484375;5794.75;5795.93994140625;5795.93994140625;3035817
2024-10-24 12:28:00-04:00;5795.990234375;5797.47998046875;5795.990234375;5797.43017578125;5797.43017578125;3135394
2024-10-24 12:29:00-04:00;5797.52001953125;5798.509765625;5797.52001953125;5798.35986328125;5798.35986328125;3830102
2024-10-24 12:30:00-04:00;5798.39013671875;5799.35009765625;5798.3798828125;5799.009765625;5799.009765625;2972786
2024-10-24 12:31:00-04:00;5798.91015625;5802.56005859375;5798.91015625;5802.56005859375;5802.56005859375;4047188
2024-10-24 12:32:00-04:00;5802.669921875;5804.47998046875;5802.669921875;5804.02978515625;5804.02978515625;4285645
2024-10-24 12:33:00-04:00;5804.14990234375;5804.6201171875;5803.06982421875;5804.5498046875;5804.5498046875;3000349
2024-10-24 12:34:00-04:00;5804.52001953125;5804.52001953125;5803.2900390625;5804.2001953125;5804.2001953125;3061428
2024-10-24 12:35:00-04:00;5804.25;5805.14990234375;5804.08984375;5804.1201171875;5804.1201171875;2997165
2024-10-24 12:36:00-04:00;5804.1298828125;5804.25;5801.33984375;5801.52978515625;5801.52978515625;2881034
2024-10-24 12:37:00-04:00;5801.669921875;5802.490234375;5800.85009765625;5801.669921875;5801.669921875;2970965
2024-10-24 12:38:00-04:00;5801.75;5802.93017578125;5801.3701171875;5802.85986328125;5802.85986328125;2822037
2024-10-24 12:39:00-04:00;5802.830078125;5803.66015625;5802.66015625;5803.1201171875;5803.1201171875;3221975
2024-10-24 12:40:00-04:00;5803.06982421875;5803.77001953125;5802.89990234375;5803.64013671875;5803.64013671875;2529628
2024-10-24 12:41:00-04:00;5803.52001953125;5803.52001953125;5802.06005859375;5802.169921875;5802.169921875;2789804
2024-10-24 12:42:00-04:00;5802.18994140625;5802.7001953125;5802.14990234375;5802.580078125;5802.580078125;3756559
2024-10-24 12:43:00-04:00;5802.43994140625;5803.14990234375;5802.39990234375;5802.509765625;5802.509765625;3459549
2024-10-24 12:44:00-04:00;5802.41015625;5802.52978515625;5801.990234375;5802.0498046875;5802.0498046875;2576200
2024-10-24 12:45:00-04:00;5801.97021484375;5803.5400390625;5801.759765625;5803.27001953125;5803.27001953125;3107091
2024-10-24 12:46:00-04:00;5803.27001953125;5805.08984375;5803.06005859375;5805.06005859375;5805.06005859375;3197070
2024-10-24 12:47:00-04:00;5805.0498046875;5805.10986328125;5804.5400390625;5804.830078125;5804.830078125;2226481
2024-10-24 12:48:00-04:00;5804.85009765625;5805.02001953125;5804.259765625;5805.02001953125;5805.02001953125;2378741
2024-10-24 12:49:00-04:00;5805.1298828125;5807.27001953125;5805.1298828125;5807.259765625;5807.259765625;2942237
2024-10-24 12:50:00-04:00;5807.47021484375;5807.56005859375;5806.7900390625;5806.7998046875;5806.7998046875;2534544
2024-10-24 12:51:00-04:00;5806.75;5806.75;5804.009765625;5805.5400390625;5805.5400390625;4440229
2024-10-24 12:52:00-04:00;5805.6201171875;5807.5400390625;5805.6201171875;5807.5400390625;5807.5400390625;3021399
2024-10-24 12:53:00-04:00;5807.52978515625;5807.52978515625;5806.10986328125;5806.16015625;5806.16015625;2978316
2024-10-24 12:54:00-04:00;5806.0498046875;5806.080078125;5805.27001953125;5805.41015625;5805.41015625;2397734
2024-10-24 12:55:00-04:00;5805.39013671875;5806.60009765625;5804.83984375;5806.60009765625;5806.60009765625;3040304
2024-10-24 12:56:00-04:00;5806.6298828125;5807.1201171875;5806.5;5806.91015625;5806.91015625;2355468
2024-10-24 12:57:00-04:00;5806.9501953125;5807.009765625;5806.16015625;5806.259765625;5806.259765625;2246384
2024-10-24 12:58:00-04:00;5806.2001953125;5806.41015625;5806.0;5806.16015625;5806.16015625;2370884
2024-10-24 12:59:00-04:00;5806.14013671875;5806.7099609375;5806.02001953125;5806.64013671875;5806.64013671875;2565487
2024-10-24 13:00:00-04:00;5806.60009765625;5806.60009765625;5805.81982421875;5806.06005859375;5806.06005859375;2827482
2024-10-24 13:01:00-04:00;5806.02001953125;5807.4599609375;5806.02001953125;5807.330078125;5807.330078125;2663820
2024-10-24 13:02:00-04:00;5807.39013671875;5807.509765625;5806.740234375;5807.509765625;5807.509765625;2615345
2024-10-24 13:03:00-04:00;5807.58984375;5808.02001953125;5807.35986328125;5807.60986328125;5807.60986328125;2625854
2024-10-24 13:04:00-04:00;5807.5498046875;5811.2900390625;5807.52978515625;5810.7998046875;5810.7998046875;4131674
2024-10-24 13:05:00-04:00;5810.75;5811.2900390625;5810.43994140625;5810.4599609375;5810.4599609375;2975963
2024-10-24 13:06:00-04:00;5810.3701171875;5810.8798828125;5809.77001953125;5810.7099609375;5810.7099609375;2961113
2024-10-24 13:07:00-04:00;5810.740234375;5811.16015625;5810.10986328125;5811.16015625;5811.16015625;3490148
2024-10-24 13:08:00-04:00;5811.18017578125;5811.22021484375;5809.85986328125;5809.89013671875;5809.89013671875;2838796
2024-10-24 13:09:00-04:00;5809.97021484375;5810.02001953125;5808.39990234375;5809.7001953125;5809.7001953125;2938588
2024-10-24 13:10:00-04:00;5809.740234375;5810.7900390625;5809.740234375;5810.72021484375;5810.72021484375;3152697
2024-10-24 13:11:00-04:00;5810.68017578125;5811.7001953125;5810.64013671875;5811.1298828125;5811.1298828125;2757472
2024-10-24 13:12:00-04:00;5811.14990234375;5812.669921875;5811.0498046875;5812.5400390625;5812.5400390625;3066285
2024-10-24 13:13:00-04:00;5812.56005859375;5812.56005859375;5810.97998046875;5811.0;5811.0;2320417
2024-10-24 13:14:00-04:00;5810.9501953125;5810.9501953125;5809.77001953125;5809.919921875;5809.919921875;2716685
2024-10-24 13:15:00-04:00;5809.97021484375;5810.39990234375;5809.77978515625;5810.3798828125;5810.3798828125;2767156
2024-10-24 13:16:00-04:00;5810.35009765625;5810.3701171875;5809.06982421875;5809.06982421875;5809.06982421875;3034501
2024-10-24 13:17:00-04:00;5809.080078125;5809.080078125;5806.14990234375;5808.35009765625;5808.35009765625;4846021
2024-10-24 13:18:00-04:00;5808.2900390625;5808.72021484375;5806.97998046875;5807.7001953125;5807.7001953125;2244370
2024-10-24 13:19:00-04:00;5807.72021484375;5809.27001953125;5807.72021484375;5809.2001953125;5809.2001953125;2277414
2024-10-24 13:20:00-04:00;5809.240234375;5809.259765625;5808.4599609375;5808.77001953125;5808.77001953125;2358744
2024-10-24 13:21:00-04:00;5808.740234375;5809.8798828125;5808.740234375;5809.8701171875;5809.8701171875;3235737
2024-10-24 13:22:00-04:00;5809.89990234375;5809.91015625;5808.830078125;5808.85009765625;5808.85009765625;2711240
2024-10-24 13:23:00-04:00;5808.81982421875;5808.89013671875;5807.580078125;5807.580078125;5807.580078125;2733346
2024-10-24 13:24:00-04:00;5807.64013671875;5807.759765625;5806.919921875;5806.919921875;5806.919921875;2564930
2024-10-24 13:25:00-04:00;5806.89013671875;5807.02001953125;5805.93994140625;5806.06005859375;5806.06005859375;2795161
2024-10-24 13:26:00-04:00;5806.0400390625;5806.3798828125;5805.7099609375;5805.8701171875;5805.8701171875;3185721
2024-10-24 13:27:00-04:00;5805.93994140625;5807.18994140625;5805.68994140625;5807.18994140625;5807.18994140625;2765883
2024-10-24 13:28:00-04:00;5807.27978515625;5808.0;5807.27978515625;5807.93994140625;5807.93994140625;2677602
2024-10-24 13:29:00-04:00;5807.9501953125;5808.47021484375;5807.8798828125;5808.47021484375;5808.47021484375;2434398
2024-10-24 13:30:00-04:00;5808.4501953125;5809.0;5807.89013671875;5808.47021484375;5808.47021484375;2801023
2024-10-24 13:31:00-04:00;5808.35986328125;5808.35986328125;5807.22998046875;5807.75;5807.75;2371078
2024-10-24 13:32:00-04:00;5807.72998046875;5807.97021484375;5806.759765625;5807.0;5807.0;2273655
2024-10-24 13:33:00-04:00;5806.97021484375;5807.72998046875;5806.97021484375;5807.60986328125;5807.60986328125;2618959
2024-10-24 13:34:00-04:00;5807.5498046875;5807.7900390625;5807.10009765625;5807.2001953125;5807.2001953125;2657047
2024-10-24 13:35:00-04:00;5807.16015625;5808.33984375;5807.06982421875;5808.10986328125;5808.10986328125;2839807
2024-10-24 13:36:00-04:00;5808.080078125;5809.77978515625;5808.080078125;5809.58984375;5809.58984375;2792851
2024-10-24 13:37:00-04:00;5809.58984375;5809.7998046875;5808.52978515625;5809.22021484375;5809.22021484375;2337061
2024-10-24 13:38:00-04:00;5809.4501953125;5810.5;5809.4501953125;5810.330078125;5810.330078125;2568197
2024-10-24 13:39:00-04:00;5810.330078125;5810.56982421875;5810.16015625;5810.22021484375;5810.22021484375;2871746
2024-10-24 13:40:00-04:00;5810.240234375;5810.52978515625;5808.8701171875;5808.990234375;5808.990234375;3235269
2024-10-24 13:41:00-04:00;5809.009765625;5809.89013671875;5808.77978515625;5809.64990234375;5809.64990234375;2658673
2024-10-24 13:42:00-04:00;5809.68017578125;5810.52978515625;5809.39990234375;5810.52978515625;5810.52978515625;2562779
2024-10-24 13:43:00-04:00;5810.58984375;5812.08984375;5810.14990234375;5812.08984375;5812.08984375;3755498
2024-10-24 13:44:00-04:00;5812.10986328125;5813.22998046875;5812.10986328125;5813.009765625;5813.009765625;3880073
2024-10-24 13:45:00-04:00;5812.97021484375;5813.27001953125;5812.3798828125;5813.259765625;5813.259765625;2772548
2024-10-24 13:46:00-04:00;5813.2099609375;5813.27978515625;5812.06005859375;5812.080078125;5812.080078125;3423977
2024-10-24 13:47:00-04:00;5812.06005859375;5812.06005859375;5809.47998046875;5809.5400390625;5809.5400390625;3431369
2024-10-24 13:48:00-04:00;5809.3701171875;5809.3701171875;5806.77978515625;5807.64013671875;5807.64013671875;3466601
2024-10-24 13:49:00-04:00;5807.68017578125;5808.02978515625;5806.06982421875;5806.89013671875;5806.89013671875;2835968
2024-10-24 13:50:00-04:00;5806.8701171875;5808.240234375;5806.7099609375;5807.8701171875;5807.8701171875;2748533
2024-10-24 13:51:00-04:00;5807.89990234375;5807.89990234375;5806.3701171875;5806.7001953125;5806.7001953125;2531807
2024-10-24 13:52:00-04:00;5806.72998046875;5807.1201171875;5806.6201171875;5807.06005859375;5807.06005859375;3028533
2024-10-24 13:53:00-04:00;5807.06005859375;5807.14990234375;5806.5498046875;5806.5498046875;5806.5498046875;2593331
2024-10-24 13:54:00-04:00;5806.58984375;5806.83984375;5806.0;5806.2900390625;5806.2900390625;2073971
2024-10-24 13:55:00-04:00;5806.33984375;5807.10986328125;5806.33984375;5806.85986328125;5806.85986328125;2514809
2024-10-24 13:56:00-04:00;5806.85986328125;5807.66015625;5806.68017578125;5806.68017578125;5806.68017578125;2877754
2024-10-24 13:57:00-04:00;5806.52001953125;5806.52001953125;5804.35986328125;5804.60986328125;5804.60986328125;3716524
2024-10-24 13:58:00-04:00;5804.6201171875;5804.6201171875;5804.18017578125;5804.35009765625;5804.35009765625;2681573
2024-10-24 13:59:00-04:00;5804.2900390625;5804.41015625;5802.81982421875;5802.8701171875;5802.8701171875;2810012
2024-10-24 14:00:00-04:00;5803.02978515625;5803.25;5800.0400390625;5800.5400390625;5800.5400390625;5102312
2024-10-24 14:01:00-04:00;5800.490234375;5801.9501953125;5800.490234375;5801.9501953125;5801.9501953125;2882223
2024-10-24 14:02:00-04:00;5802.0498046875;5803.06005859375;5802.009765625;5802.35009765625;5802.35009765625;2955761
2024-10-24 14:03:00-04:00;5802.39990234375;5803.81005859375;5802.22998046875;5803.81005859375;5803.81005859375;2954006
2024-10-24 14:04:00-04:00;5803.83984375;5804.509765625;5803.83984375;5804.169921875;5804.169921875;2893051
2024-10-24 14:05:00-04:00;5804.18017578125;5805.7099609375;5804.16015625;5805.56005859375;5805.56005859375;3003386
2024-10-24 14:06:00-04:00;5805.56982421875;5805.93994140625;5805.43017578125;5805.83984375;5805.83984375;2528410
2024-10-24 14:07:00-04:00;5805.83984375;5806.08984375;5805.52001953125;5805.52001953125;5805.52001953125;2540468
2024-10-24 14:08:00-04:00;5805.47021484375;5805.47021484375;5804.0400390625;5804.39013671875;5804.39013671875;2764497
2024-10-24 14:09:00-04:00;5804.39013671875;5804.97998046875;5804.16015625;5804.97021484375;5804.97021484375;2521421
2024-10-24 14:10:00-04:00;5804.9599609375;5805.169921875;5804.419921875;5804.580078125;5804.580078125;2416091
2024-10-24 14:11:00-04:00;5804.64013671875;5805.31005859375;5804.6298828125;5804.64013671875;5804.64013671875;2125524
2024-10-24 14:12:00-04:00;5804.68017578125;5806.9501953125;5804.58984375;5806.91015625;5806.91015625;2897287
2024-10-24 14:13:00-04:00;5806.8798828125;5807.669921875;5806.8798828125;5807.4501953125;5807.4501953125;3211126
2024-10-24 14:14:00-04:00;5807.41015625;5808.990234375;5807.330078125;5808.75;5808.75;2592743
2024-10-24 14:15:00-04:00;5808.740234375;5808.740234375;5807.740234375;5808.5498046875;5808.5498046875;3184228
2024-10-24 14:16:00-04:00;5808.56005859375;5809.1201171875;5808.39013671875;5808.91015625;5808.91015625;2999293
2024-10-24 14:17:00-04:00;5808.91015625;5809.1298828125;5808.259765625;5809.1298828125;5809.1298828125;2837760
2024-10-24 14:18:00-04:00;5809.14990234375;5810.5;5809.14013671875;5810.25;5810.25;2645337
2024-10-24 14:19:00-04:00;5810.240234375;5810.35009765625;5810.009765625;5810.009765625;5810.009765625;3698500
2024-10-24 14:20:00-04:00;5810.10986328125;5810.10986328125;5808.93017578125;5809.43017578125;5809.43017578125;2806331
2024-10-24 14:21:00-04:00;5809.43017578125;5810.33984375;5809.41015625;5810.2998046875;5810.2998046875;3053403
2024-10-24 14:22:00-04:00;5810.18994140625;5811.2900390625;5810.18994140625;5811.25;5811.25;3408674
2024-10-24 14:23:00-04:00;5811.27001953125;5811.27001953125;5810.58984375;5810.93017578125;5810.93017578125;3118490
2024-10-24 14:24:00-04:00;5810.9599609375;5810.9599609375;5809.06005859375;5809.06005859375;5809.06005859375;3472785
2024-10-24 14:25:00-04:00;5809.0498046875;5809.080078125;5807.9501953125;5808.2099609375;5808.2099609375;2945936
2024-10-24 14:26:00-04:00;5808.2001953125;5808.2001953125;5805.4501953125;5807.06982421875;5807.06982421875;4642857
2024-10-24 14:27:00-04:00;5807.02978515625;5807.2001953125;5806.35986328125;5806.35986328125;5806.35986328125;2658525
2024-10-24 14:28:00-04:00;5806.2998046875;5806.7001953125;5805.47021484375;5806.7001953125;5806.7001953125;2695647
2024-10-24 14:29:00-04:00;5806.64990234375;5807.240234375;5806.52978515625;5806.85986328125;5806.85986328125;2800637
2024-10-24 14:30:00-04:00;5806.81005859375;5807.14990234375;5806.60009765625;5806.8701171875;5806.8701171875;2974784
2024-10-24 14:31:00-04:00;5806.6201171875;5806.81982421875;5806.2998046875;5806.2998046875;5806.2998046875;3099071
2024-10-24 14:32:00-04:00;5806.3701171875;5806.419921875;5805.4599609375;5806.2099609375;5806.2099609375;4216469
2024-10-24 14:33:00-04:00;5806.2099609375;5806.490234375;5805.77978515625;5806.16015625;5806.16015625;2489988
2024-10-24 14:34:00-04:00;5806.22021484375;5806.39990234375;5805.35986328125;5805.56005859375;5805.56005859375;3049375
2024-10-24 14:35:00-04:00;5805.58984375;5806.47998046875;5805.58984375;5806.1298828125;5806.1298828125;2868002
2024-10-24 14:36:00-04:00;5806.0400390625;5806.0400390625;5804.169921875;5804.5400390625;5804.5400390625;3019748
2024-10-24 14:37:00-04:00;5804.60009765625;5805.490234375;5804.60009765625;5805.06982421875;5805.06982421875;3273085
2024-10-24 14:38:00-04:00;5805.06982421875;5805.25;5804.77978515625;5804.85986328125;5804.85986328125;2808542
2024-10-24 14:39:00-04:00;5804.85986328125;5805.35986328125;5803.64013671875;5803.81982421875;5803.81982421875;2866613
2024-10-24 14:40:00-04:00;5803.759765625;5803.759765625;5801.93994140625;5803.2001953125;5803.2001953125;4414962
2024-10-24 14:41:00-04:00;5803.22021484375;5804.22021484375;5803.14990234375;5804.02978515625;5804.02978515625;5046814
2024-10-24 14:42:00-04:00;5804.06982421875;5804.8701171875;5804.0400390625;5804.25;5804.25;2756175
2024-10-24 14:43:00-04:00;5804.22998046875;5804.7001953125;5804.14990234375;5804.47998046875;5804.47998046875;2841335
2024-10-24 14:44:00-04:00;5804.4599609375;5805.0400390625;5804.4599609375;5804.60009765625;5804.60009765625;2913178
2024-10-24 14:45:00-04:00;5804.580078125;5804.64013671875;5803.68994140625;5803.830078125;5803.830078125;3075534
2024-10-24 14:46:00-04:00;5803.83984375;5803.91015625;5803.47998046875;5803.68994140625;5803.68994140625;2891937
2024-10-24 14:47:00-04:00;5803.7001953125;5803.7001953125;5803.27001953125;5803.6298828125;5803.6298828125;2718468
2024-10-24 14:48:00-04:00;5803.6201171875;5804.2099609375;5803.2001953125;5804.16015625;5804.16015625;3525794
2024-10-24 14:49:00-04:00;5804.1298828125;5804.68017578125;5803.91015625;5804.47998046875;5804.47998046875;3822293
2024-10-24 14:50:00-04:00;5804.47021484375;5806.3701171875;5804.47021484375;5805.60986328125;5805.60986328125;3833988
2024-10-24 14:51:00-04:00;5805.6298828125;5806.47021484375;5805.6298828125;5806.2099609375;5806.2099609375;2820966
2024-10-24 14:52:00-04:00;5806.18994140625;5806.72998046875;5806.14013671875;5806.27978515625;5806.27978515625;2795645
2024-10-24 14:53:00-04:00;5806.31982421875;5806.41015625;5805.91015625;5806.16015625;5806.16015625;2810864
2024-10-24 14:54:00-04:00;5806.0498046875;5806.0498046875;5804.64013671875;5805.47998046875;5805.47998046875;3440464
2024-10-24 14:55:00-04:00;5805.5;5805.5;5804.14013671875;5804.490234375;5804.490234375;3767109
2024-10-24 14:56:00-04:00;5804.5;5804.64013671875;5804.1201171875;5804.1298828125;5804.1298828125;3060167
2024-10-24 14:57:00-04:00;5804.009765625;5805.509765625;5803.9599609375;5805.35009765625;5805.35009765625;3909237
2024-10-24 14:58:00-04:00;5805.41015625;5806.3701171875;5805.39013671875;5806.3701171875;5806.3701171875;3504726
2024-10-24 14:59:00-04:00;5806.33984375;5806.7001953125;5806.33984375;5806.52001953125;5806.52001953125;3418488
2024-10-24 15:00:00-04:00;5806.56982421875;5806.56982421875;5804.490234375;5804.919921875;5804.919921875;3847998
2024-10-24 15:01:00-04:00;5804.91015625;5804.91015625;5801.9501953125;5802.72998046875;5802.72998046875;5024958
2024-10-24 15:02:00-04:00;5802.47021484375;5803.16015625;5802.10986328125;5802.16015625;5802.16015625;3504997
2024-10-24 15:03:00-04:00;5802.2099609375;5803.169921875;5802.1201171875;5802.1201171875;5802.1201171875;3337595
2024-10-24 15:04:00-04:00;5802.080078125;5802.10009765625;5801.16015625;5801.259765625;5801.259765625;3317130
2024-10-24 15:05:00-04:00;5801.25;5802.31005859375;5801.1201171875;5802.169921875;5802.169921875;3805434
2024-10-24 15:06:00-04:00;5802.18994140625;5803.08984375;5802.18994140625;5802.85986328125;5802.85986328125;3251332
2024-10-24 15:07:00-04:00;5802.85009765625;5803.97998046875;5802.83984375;5803.85986328125;5803.85986328125;2936252
2024-10-24 15:08:00-04:00;5803.89013671875;5805.31982421875;5803.89013671875;5805.22021484375;5805.22021484375;3670337
2024-10-24 15:09:00-04:00;5805.14013671875;5806.33984375;5805.1298828125;5806.14990234375;5806.14990234375;3601309
2024-10-24 15:10:00-04:00;5806.18994140625;5808.10009765625;5806.18994140625;5808.10009765625;5808.10009765625;4285179
2024-10-24 15:11:00-04:00;5808.10009765625;5809.25;5808.10009765625;5809.2001953125;5809.2001953125;3649446
2024-10-24 15:12:00-04:00;5809.1298828125;5809.669921875;5809.06005859375;5809.47021484375;5809.47021484375;2870397
2024-10-24 15:13:00-04:00;5809.4599609375;5812.52978515625;5809.4599609375;5812.43994140625;5812.43994140625;4550692
2024-10-24 15:14:00-04:00;5812.580078125;5812.580078125;5810.990234375;5810.990234375;5810.990234375;4162019
2024-10-24 15:15:00-04:00;5810.8798828125;5810.8798828125;5809.68994140625;5810.06005859375;5810.06005859375;4097112
2024-10-24 15:16:00-04:00;5810.02001953125;5810.759765625;5809.64013671875;5810.3798828125;5810.3798828125;3118607
2024-10-24 15:17:00-04:00;5810.33984375;5810.33984375;5808.97998046875;5808.97998046875;5808.97998046875;4135399
2024-10-24 15:18:00-04:00;5809.009765625;5809.7099609375;5808.56982421875;5809.7099609375;5809.7099609375;3491024
2024-10-24 15:19:00-04:00;5809.7900390625;5811.35009765625;5809.77978515625;5811.33984375;5811.33984375;4305532
2024-10-24 15:20:00-04:00;5811.41015625;5811.89013671875;5811.2001953125;5811.58984375;5811.58984375;3950500
2024-10-24 15:21:00-04:00;5811.56982421875;5812.27001953125;5811.56982421875;5811.89990234375;5811.89990234375;3621908
2024-10-24 15:22:00-04:00;5811.91015625;5812.14013671875;5810.89013671875;5811.0;5811.0;3613394
2024-10-24 15:23:00-04:00;5810.89013671875;5810.91015625;5810.2099609375;5810.8701171875;5810.8701171875;3864740
2024-10-24 15:24:00-04:00;5810.7900390625;5811.43994140625;5810.64013671875;5811.3798828125;5811.3798828125;3615790
2024-10-24 15:25:00-04:00;5811.419921875;5812.740234375;5811.419921875;5812.740234375;5812.740234375;4488340
2024-10-24 15:26:00-04:00;5812.81005859375;5812.91015625;5812.14013671875;5812.22021484375;5812.22021484375;4138506
2024-10-24 15:27:00-04:00;5812.240234375;5813.02978515625;5812.240234375;5812.919921875;5812.919921875;4294835
2024-10-24 15:28:00-04:00;5812.89990234375;5813.27001953125;5812.490234375;5812.66015625;5812.66015625;5035496
2024-10-24 15:29:00-04:00;5812.56005859375;5812.759765625;5812.0400390625;5812.2001953125;5812.2001953125;6860017
2024-10-24 15:30:00-04:00;5812.2900390625;5812.33984375;5811.25;5811.47998046875;5811.47998046875;6291222
2024-10-24 15:31:00-04:00;5811.66015625;5814.6201171875;5811.66015625;5814.58984375;5814.58984375;6565737
2024-10-24 15:32:00-04:00;5814.5400390625;5816.22998046875;5814.02978515625;5814.18994140625;5814.18994140625;6579030
2024-10-24 15:33:00-04:00;5814.18017578125;5814.31005859375;5812.97021484375;5813.8701171875;5813.8701171875;5376534
2024-10-24 15:34:00-04:00;5813.91015625;5815.14990234375;5813.8798828125;5814.93017578125;5814.93017578125;4990158
2024-10-24 15:35:00-04:00;5814.93994140625;5815.509765625;5814.1298828125;5814.1298828125;5814.1298828125;5464077
2024-10-24 15:36:00-04:00;5814.169921875;5814.89013671875;5813.759765625;5814.6298828125;5814.6298828125;5071281
2024-10-24 15:37:00-04:00;5814.58984375;5814.64013671875;5813.759765625;5814.06005859375;5814.06005859375;5574764
2024-10-24 15:38:00-04:00;5814.0498046875;5814.0498046875;5812.77001953125;5812.77001953125;5812.77001953125;5493479
2024-10-24 15:39:00-04:00;5812.7099609375;5812.7099609375;5811.740234375;5811.740234375;5811.740234375;5285082
2024-10-24 15:40:00-04:00;5811.7099609375;5812.22021484375;5811.39013671875;5811.81005859375;5811.81005859375;5962917
2024-10-24 15:41:00-04:00;5811.89990234375;5812.16015625;5811.3798828125;5811.39013671875;5811.39013671875;5205401
2024-10-24 15:42:00-04:00;5811.41015625;5811.68994140625;5811.10009765625;5811.10009765625;5811.10009765625;5815135
2024-10-24 15:43:00-04:00;5810.9501953125;5810.9501953125;5809.2900390625;5809.990234375;5809.990234375;6431789
2024-10-24 15:44:00-04:00;5809.9599609375;5811.91015625;5809.9599609375;5811.85986328125;5811.85986328125;5903604
2024-10-24 15:45:00-04:00;5811.759765625;5812.16015625;5811.06005859375;5811.1298828125;5811.1298828125;8500751
2024-10-24 15:46:00-04:00;5811.240234375;5812.330078125;5811.18994140625;5812.22021484375;5812.22021484375;7063606
2024-10-24 15:47:00-04:00;5812.16015625;5813.27001953125;5812.0498046875;5813.27001953125;5813.27001953125;8702880
2024-10-24 15:48:00-04:00;5813.259765625;5814.31982421875;5812.580078125;5812.580078125;5812.580078125;7170866
2024-10-24 15:49:00-04:00;5812.68017578125;5812.85986328125;5811.97021484375;5811.97021484375;5811.97021484375;8251968
2024-10-24 15:50:00-04:00;5812.35009765625;5813.8798828125;5812.35009765625;5812.72021484375;5812.72021484375;13438914
2024-10-24 15:51:00-04:00;5812.5400390625;5813.7001953125;5812.47998046875;5812.93017578125;5812.93017578125;9854927
2024-10-24 15:52:00-04:00;5813.0;5813.75;5812.4501953125;5812.4501953125;5812.4501953125;10930424
2024-10-24 15:53:00-04:00;5812.22998046875;5812.5400390625;5811.10986328125;5811.25;5811.25;11905270
2024-10-24 15:54:00-04:00;5811.33984375;5814.419921875;5811.27001953125;5813.89990234375;5813.89990234375;17049442
2024-10-24 15:55:00-04:00;5814.009765625;5814.009765625;5812.08984375;5813.2900390625;5813.2900390625;22469167
2024-10-24 15:56:00-04:00;5813.419921875;5813.7998046875;5812.06982421875;5812.3798828125;5812.3798828125;19679440
2024-10-24 15:57:00-04:00;5812.259765625;5812.47021484375;5809.97021484375;5810.080078125;5810.080078125;20946165
2024-10-24 15:58:00-04:00;5810.27978515625;5811.8798828125;5810.22021484375;5810.56005859375;5810.56005859375;20661404
2024-10-24 15:59:00-04:00;5810.56982421875;5812.0;5808.60009765625;5809.259765625;5809.259765625;24705132
