Datetime;Open;High;Low;Close;Adj Close;Volume
2024-11-27 09:30:00-05:00;6014.10986328125;6015.509765625;6010.93994140625;6011.35986328125;6011.35986328125;0
2024-11-27 09:31:00-05:00;6011.169921875;6012.169921875;6009.33984375;6011.5498046875;6011.5498046875;11993556
2024-11-27 09:32:00-05:00;6011.43994140625;6013.33984375;6010.66015625;6013.33984375;6013.33984375;9060255
2024-11-27 09:33:00-05:00;6013.490234375;6018.77978515625;6013.169921875;6018.77978515625;6018.77978515625;8903843
2024-11-27 09:34:00-05:00;6019.1298828125;6019.1298828125;6016.39990234375;6016.7998046875;6016.7998046875;8952056
2024-11-27 09:35:00-05:00;6017.0400390625;6017.0400390625;6012.4599609375;6014.14990234375;6014.14990234375;9371125
2024-11-27 09:36:00-05:00;6014.35009765625;6014.3798828125;6011.75;6012.8701171875;6012.8701171875;8185070
2024-11-27 09:37:00-05:00;6012.81005859375;6013.60009765625;6012.16015625;6013.43017578125;6013.43017578125;6852588
2024-11-27 09:38:00-05:00;6013.81005859375;6014.7900390625;6013.1201171875;6014.0498046875;6014.0498046875;6834751
2024-11-27 09:39:00-05:00;6013.8798828125;6014.7099609375;6011.10009765625;6013.27978515625;6013.27978515625;8704625
2024-11-27 09:40:00-05:00;6013.31982421875;6014.7900390625;6012.39013671875;6013.77001953125;6013.77001953125;8127461
2024-11-27 09:41:00-05:00;6013.64990234375;6016.169921875;6013.64990234375;6015.7001953125;6015.7001953125;7363232
2024-11-27 09:42:00-05:00;6015.66015625;6016.68017578125;6015.47021484375;6015.85986328125;6015.85986328125;6496755
2024-11-27 09:43:00-05:00;6015.85986328125;6017.83984375;6015.43994140625;6017.77978515625;6017.77978515625;5526102
2024-11-27 09:44:00-05:00;6017.9599609375;6018.6298828125;6016.9501953125;6017.2099609375;6017.2099609375;5685782
2024-11-27 09:45:00-05:00;6016.97998046875;6017.490234375;6016.0498046875;6016.66015625;6016.66015625;6534940
2024-11-27 09:46:00-05:00;6016.7001953125;6019.93017578125;6016.33984375;6019.39013671875;6019.39013671875;6007229
2024-11-27 09:47:00-05:00;6019.31982421875;6020.16015625;6017.490234375;6018.81982421875;6018.81982421875;6131533
2024-11-27 09:48:00-05:00;6018.97998046875;6019.08984375;6016.5498046875;6018.06982421875;6018.06982421875;6509040
2024-11-27 09:49:00-05:00;6018.0498046875;6018.580078125;6017.1298828125;6017.68994140625;6017.68994140625;5530933
2024-11-27 09:50:00-05:00;6017.6298828125;6017.89013671875;6016.259765625;6016.93994140625;6016.93994140625;5730114
2024-11-27 09:51:00-05:00;6016.580078125;6016.68017578125;6014.0;6014.43994140625;6014.43994140625;6055299
2024-11-27 09:52:00-05:00;6014.47998046875;6015.72998046875;6014.2900390625;6015.080078125;6015.080078125;6142126
2024-11-27 09:53:00-05:00;6015.009765625;6015.169921875;6012.31982421875;6013.919921875;6013.919921875;5884338
2024-11-27 09:54:00-05:00;6014.18017578125;6014.4501953125;6012.52001953125;6012.740234375;6012.740234375;6846541
2024-11-27 09:55:00-05:00;6012.43994140625;6013.97021484375;6012.18994140625;6013.68994140625;6013.68994140625;5135780
2024-11-27 09:56:00-05:00;6013.259765625;6014.419921875;6012.93994140625;6014.41015625;6014.41015625;6602235
2024-11-27 09:57:00-05:00;6014.419921875;6015.5;6014.2998046875;6014.91015625;6014.91015625;5137338
2024-11-27 09:58:00-05:00;6014.89990234375;6016.02978515625;6014.75;6015.85986328125;6015.85986328125;4179539
2024-11-27 09:59:00-05:00;6015.7099609375;6016.080078125;6014.14990234375;6015.35986328125;6015.35986328125;6173235
2024-11-27 10:00:00-05:00;6016.85986328125;6016.85986328125;6013.31982421875;6013.39990234375;6013.39990234375;5936177
2024-11-27 10:01:00-05:00;6013.2900390625;6013.5;6010.330078125;6010.39990234375;6010.39990234375;5986697
2024-11-27 10:02:00-05:00;6010.39013671875;6013.669921875;6010.27001953125;6013.43017578125;6013.43017578125;6760652
2024-11-27 10:03:00-05:00;6013.47021484375;6013.830078125;6012.18017578125;6012.580078125;6012.580078125;4649345
2024-11-27 10:04:00-05:00;6012.47998046875;6014.009765625;6012.35009765625;6013.41015625;6013.41015625;6625435
2024-11-27 10:05:00-05:00;6013.35009765625;6013.89990234375;6012.6201171875;6012.77001953125;6012.77001953125;6080454
2024-11-27 10:06:00-05:00;6012.4599609375;6014.14013671875;6011.97998046875;6013.83984375;6013.83984375;6095558
2024-11-27 10:07:00-05:00;6013.91015625;6014.35986328125;6013.14013671875;6013.97021484375;6013.97021484375;4774823
2024-11-27 10:08:00-05:00;6014.14990234375;6015.0400390625;6013.93017578125;6014.5;6014.5;4567878
2024-11-27 10:09:00-05:00;6014.39013671875;6015.009765625;6012.77001953125;6012.77001953125;6012.77001953125;5313794
2024-11-27 10:10:00-05:00;6012.89013671875;6013.60009765625;6010.68994140625;6013.60009765625;6013.60009765625;7048195
2024-11-27 10:11:00-05:00;6013.64013671875;6013.89013671875;6012.02001953125;6012.41015625;6012.41015625;5365616
2024-11-27 10:12:00-05:00;6012.31005859375;6012.3701171875;6009.9501953125;6010.25;6010.25;5666878
2024-11-27 10:13:00-05:00;6010.27001953125;6010.43994140625;6009.27978515625;6009.8701171875;6009.8701171875;5365350
2024-11-27 10:14:00-05:00;6009.83984375;6010.009765625;6008.9599609375;6009.4501953125;6009.4501953125;5295329
2024-11-27 10:15:00-05:00;6009.509765625;6009.669921875;6008.10009765625;6008.16015625;6008.16015625;6834211
2024-11-27 10:16:00-05:00;6008.1298828125;6009.10009765625;6007.6201171875;6008.080078125;6008.080078125;8001746
2024-11-27 10:17:00-05:00;6008.16015625;6010.9599609375;6008.14013671875;6008.77001953125;6008.77001953125;6148717
2024-11-27 10:18:00-05:00;6008.77978515625;6010.009765625;6008.72021484375;6009.509765625;6009.509765625;5395271
2024-11-27 10:19:00-05:00;6009.490234375;6011.27001953125;6009.490234375;6010.56982421875;6010.56982421875;5363183
2024-11-27 10:20:00-05:00;6010.6201171875;6010.72998046875;6009.83984375;6010.72998046875;6010.72998046875;4835299
2024-11-27 10:21:00-05:00;6010.64013671875;6010.64013671875;6008.91015625;6009.2001953125;6009.2001953125;5980896
2024-11-27 10:22:00-05:00;6009.240234375;6009.43994140625;6007.7900390625;6007.830078125;6007.830078125;6139341
2024-11-27 10:23:00-05:00;6007.6298828125;6010.2001953125;6007.4501953125;6010.0400390625;6010.0400390625;5384702
2024-11-27 10:24:00-05:00;6009.97998046875;6010.2998046875;6008.240234375;6008.35986328125;6008.35986328125;5148012
2024-11-27 10:25:00-05:00;6008.2900390625;6009.31982421875;6007.60986328125;6007.64990234375;6007.64990234375;4769341
2024-11-27 10:26:00-05:00;6007.4599609375;6008.56005859375;6005.14013671875;6006.39013671875;6006.39013671875;5716642
2024-11-27 10:27:00-05:00;6006.4501953125;6006.4501953125;6003.9599609375;6004.259765625;6004.259765625;5518185
2024-11-27 10:28:00-05:00;6004.22998046875;6006.02001953125;6003.52978515625;6005.919921875;6005.919921875;5436423
2024-11-27 10:29:00-05:00;6005.93994140625;6006.18017578125;6004.580078125;6004.580078125;6004.580078125;5016516
2024-11-27 10:30:00-05:00;6004.77001953125;6005.58984375;6003.7998046875;6005.3701171875;6005.3701171875;3572972
2024-11-27 10:33:00-05:00;6005.419921875;6006.4501953125;6005.39990234375;6005.7998046875;6005.7998046875;20102736
2024-11-27 10:34:00-05:00;6005.919921875;6006.08984375;6003.8701171875;6003.91015625;6003.91015625;4506596
2024-11-27 10:35:00-05:00;6003.97021484375;6005.2001953125;6003.7001953125;6004.02978515625;6004.02978515625;5243408
2024-11-27 10:36:00-05:00;6003.990234375;6003.990234375;6000.6298828125;6001.10009765625;6001.10009765625;5764737
2024-11-27 10:37:00-05:00;6000.89013671875;6000.91015625;5997.06982421875;5997.1298828125;5997.1298828125;6234520
2024-11-27 10:38:00-05:00;5997.43994140625;5999.259765625;5996.68017578125;5998.39990234375;5998.39990234375;6915509
2024-11-27 10:39:00-05:00;5998.41015625;5999.18994140625;5998.009765625;5998.1201171875;5998.1201171875;4992190
2024-11-27 10:40:00-05:00;5998.02001953125;6001.27001953125;5997.2998046875;6001.27001953125;6001.27001953125;5251733
2024-11-27 10:41:00-05:00;6001.240234375;6004.72998046875;6001.240234375;6004.56982421875;6004.56982421875;5027820
2024-11-27 10:42:00-05:00;6004.64013671875;6005.75;6003.9501953125;6004.9599609375;6004.9599609375;4206342
2024-11-27 10:43:00-05:00;6004.93994140625;6006.27978515625;6004.81005859375;6005.89013671875;6005.89013671875;4252060
2024-11-27 10:44:00-05:00;6005.81005859375;6007.240234375;6005.6298828125;6006.990234375;6006.990234375;5029843
2024-11-27 10:45:00-05:00;6007.0400390625;6007.3701171875;6005.14013671875;6005.2099609375;6005.2099609375;3811350
2024-11-27 10:46:00-05:00;6005.169921875;6005.43994140625;6004.6298828125;6005.06982421875;6005.06982421875;3766904
2024-11-27 10:47:00-05:00;6005.10009765625;6005.93017578125;6005.08984375;6005.72998046875;6005.72998046875;3862927
2024-11-27 10:48:00-05:00;6005.60009765625;6005.7998046875;6002.3701171875;6002.47021484375;6002.47021484375;4239273
2024-11-27 10:49:00-05:00;6002.58984375;6003.14013671875;6001.93017578125;6002.0;6002.0;3214758
2024-11-27 10:50:00-05:00;6002.0;6003.18994140625;5999.47021484375;6002.10986328125;6002.10986328125;5023912
2024-11-27 10:51:00-05:00;6001.89990234375;6001.89990234375;6000.009765625;6000.009765625;6000.009765625;3669108
2024-11-27 10:52:00-05:00;6000.22998046875;6002.6201171875;6000.22998046875;6001.97998046875;6001.97998046875;4084430
2024-11-27 10:53:00-05:00;6002.0498046875;6002.27978515625;6001.009765625;6001.60986328125;6001.60986328125;3658380
2024-11-27 10:54:00-05:00;6001.60009765625;6002.14990234375;6001.2900390625;6001.89013671875;6001.89013671875;3778836
2024-11-27 10:55:00-05:00;6001.91015625;6002.14990234375;6000.0498046875;6000.0498046875;6000.0498046875;3847518
2024-11-27 10:56:00-05:00;6000.08984375;6001.35009765625;5999.56005859375;6001.0;6001.0;5258502
2024-11-27 10:57:00-05:00;6001.1201171875;6001.759765625;6000.75;6001.6201171875;6001.6201171875;4122380
2024-11-27 10:58:00-05:00;6001.64013671875;6003.08984375;6001.64013671875;6002.27001953125;6002.27001953125;5124205
2024-11-27 10:59:00-05:00;6001.89013671875;6001.89013671875;5999.8798828125;5999.8798828125;5999.8798828125;4482108
2024-11-27 11:00:00-05:00;5999.91015625;6000.18017578125;5998.89013671875;5998.97021484375;5998.97021484375;3997021
2024-11-27 11:01:00-05:00;5999.02978515625;5999.89013671875;5994.169921875;5994.60009765625;5994.60009765625;6238780
2024-11-27 11:02:00-05:00;5994.6201171875;5996.56005859375;5994.47021484375;5995.22021484375;5995.22021484375;4531482
2024-11-27 11:03:00-05:00;5995.18017578125;5997.68017578125;5995.1201171875;5996.830078125;5996.830078125;4055834
2024-11-27 11:04:00-05:00;5996.77001953125;5998.52978515625;5996.68017578125;5996.72998046875;5996.72998046875;4012783
2024-11-27 11:05:00-05:00;5996.759765625;5996.97021484375;5995.490234375;5996.52978515625;5996.52978515625;3633687
2024-11-27 11:06:00-05:00;5996.4501953125;5999.330078125;5996.4501953125;5999.31982421875;5999.31982421875;3530731
2024-11-27 11:07:00-05:00;5999.56005859375;5999.740234375;5998.759765625;5998.9599609375;5998.9599609375;3547415
2024-11-27 11:08:00-05:00;5998.9599609375;6000.009765625;5998.9599609375;5999.259765625;5999.259765625;3517044
2024-11-27 11:09:00-05:00;5999.31982421875;6000.169921875;5999.0;6000.169921875;6000.169921875;4821549
2024-11-27 11:10:00-05:00;5999.9501953125;5999.9501953125;5996.41015625;5997.0400390625;5997.0400390625;4955487
2024-11-27 11:11:00-05:00;5997.009765625;5997.27001953125;5994.7998046875;5995.31005859375;5995.31005859375;4347302
2024-11-27 11:12:00-05:00;5995.27978515625;5998.58984375;5995.27978515625;5998.3701171875;5998.3701171875;4177011
2024-11-27 11:13:00-05:00;5998.31005859375;5998.7001953125;5997.39013671875;5997.43994140625;5997.43994140625;3913755
2024-11-27 11:14:00-05:00;5997.39990234375;5997.93994140625;5997.08984375;5997.3798828125;5997.3798828125;3328167
2024-11-27 11:15:00-05:00;5997.2998046875;5997.919921875;5996.14990234375;5997.7900390625;5997.7900390625;3592659
2024-11-27 11:16:00-05:00;5997.68017578125;5997.68017578125;5995.669921875;5995.72021484375;5995.72021484375;4135913
2024-11-27 11:17:00-05:00;5995.6201171875;5995.8701171875;5995.27001953125;5995.3798828125;5995.3798828125;3724753
2024-11-27 11:18:00-05:00;5995.41015625;5995.91015625;5994.5;5995.91015625;5995.91015625;3561121
2024-11-27 11:19:00-05:00;5996.0400390625;5996.6201171875;5995.85986328125;5996.1298828125;5996.1298828125;3181597
2024-11-27 11:20:00-05:00;5996.16015625;5997.9599609375;5995.52001953125;5997.669921875;5997.669921875;3605825
2024-11-27 11:21:00-05:00;5997.81982421875;5998.2900390625;5997.4501953125;5997.6201171875;5997.6201171875;3389673
2024-11-27 11:22:00-05:00;5997.77978515625;5998.22021484375;5997.25;5997.39013671875;5997.39013671875;3438412
2024-11-27 11:23:00-05:00;5997.419921875;5998.009765625;5997.0;5997.169921875;5997.169921875;3581258
2024-11-27 11:24:00-05:00;5997.1201171875;5997.35009765625;5996.31982421875;5996.41015625;5996.41015625;3806154
2024-11-27 11:25:00-05:00;5996.31982421875;5996.740234375;5994.77001953125;5995.97021484375;5995.97021484375;6024003
2024-11-27 11:26:00-05:00;5996.08984375;5997.39990234375;5996.08984375;5996.8798828125;5996.8798828125;4409004
2024-11-27 11:27:00-05:00;5996.919921875;5997.02978515625;5994.68017578125;5995.10009765625;5995.10009765625;3508569
2024-11-27 11:28:00-05:00;5994.97021484375;5995.18017578125;5994.43017578125;5994.97021484375;5994.97021484375;5009611
2024-11-27 11:29:00-05:00;5994.97998046875;5996.2099609375;5994.97021484375;5995.64013671875;5995.64013671875;3609671
2024-11-27 11:30:00-05:00;5995.5;5995.5;5994.18017578125;5994.60009765625;5994.60009765625;4079640
2024-11-27 11:31:00-05:00;5994.669921875;5996.08984375;5994.669921875;5995.25;5995.25;4113153
2024-11-27 11:32:00-05:00;5995.18994140625;5997.39990234375;5994.990234375;5996.68017578125;5996.68017578125;3668990
2024-11-27 11:33:00-05:00;5996.68994140625;5996.72998046875;5996.06005859375;5996.240234375;5996.240234375;3319298
2024-11-27 11:34:00-05:00;5996.18994140625;5998.08984375;5996.0400390625;5998.02001953125;5998.02001953125;3912916
2024-11-27 11:35:00-05:00;5998.02001953125;5999.97021484375;5997.68017578125;5999.740234375;5999.740234375;4150880
2024-11-27 11:36:00-05:00;5999.72021484375;5999.97998046875;5999.22998046875;5999.919921875;5999.919921875;3475991
2024-11-27 11:37:00-05:00;6000.06982421875;6001.25;5999.52001953125;6001.10009765625;6001.10009765625;3492315
2024-11-27 11:38:00-05:00;6001.14013671875;6002.08984375;6000.5400390625;6000.5400390625;6000.5400390625;3333614
2024-11-27 11:39:00-05:00;6000.56005859375;6001.68017578125;6000.41015625;6001.6298828125;6001.6298828125;2580298
2024-11-27 11:40:00-05:00;6001.669921875;6002.64013671875;6001.0400390625;6001.47998046875;6001.47998046875;3396742
2024-11-27 11:41:00-05:00;6001.3798828125;6001.52978515625;6000.7998046875;6001.02001953125;6001.02001953125;2591186
2024-11-27 11:42:00-05:00;6001.06982421875;6001.60009765625;5999.2001953125;5999.27001953125;5999.27001953125;3526704
2024-11-27 11:43:00-05:00;5999.22021484375;5999.5;5998.72021484375;5999.1201171875;5999.1201171875;2908739
2024-11-27 11:44:00-05:00;5999.16015625;5999.16015625;5995.919921875;5995.97998046875;5995.97998046875;3296555
2024-11-27 11:45:00-05:00;5995.990234375;5997.5;5995.990234375;5996.58984375;5996.58984375;2722430
2024-11-27 11:46:00-05:00;5996.47021484375;5996.66015625;5993.93994140625;5994.16015625;5994.16015625;3423008
2024-11-27 11:47:00-05:00;5994.16015625;5994.33984375;5993.58984375;5993.75;5993.75;3298362
2024-11-27 11:48:00-05:00;5993.830078125;5994.06982421875;5993.47021484375;5993.490234375;5993.490234375;2312965
2024-11-27 11:49:00-05:00;5993.60986328125;5993.6201171875;5992.43017578125;5992.669921875;5992.669921875;2728272
2024-11-27 11:50:00-05:00;5992.66015625;5993.93994140625;5992.18017578125;5992.27978515625;5992.27978515625;3131916
2024-11-27 11:51:00-05:00;5992.3701171875;5992.919921875;5991.89013671875;5992.669921875;5992.669921875;3032413
2024-11-27 11:52:00-05:00;5992.66015625;5994.16015625;5992.66015625;5993.33984375;5993.33984375;3009655
2024-11-27 11:53:00-05:00;5993.27001953125;5994.2099609375;5993.18994140625;5994.0400390625;5994.0400390625;3195253
2024-11-27 11:54:00-05:00;5993.9599609375;5993.97998046875;5992.81005859375;5992.81005859375;5992.81005859375;3161838
2024-11-27 11:55:00-05:00;5992.85009765625;5992.91015625;5991.89990234375;5992.14013671875;5992.14013671875;2081223
2024-11-27 11:56:00-05:00;5992.14990234375;5993.31005859375;5992.14990234375;5992.52001953125;5992.52001953125;2463075
2024-11-27 11:57:00-05:00;5992.580078125;5992.93994140625;5991.919921875;5992.72998046875;5992.72998046875;2634880
2024-11-27 11:58:00-05:00;5992.68994140625;5994.41015625;5992.64990234375;5993.68994140625;5993.68994140625;2853913
2024-11-27 11:59:00-05:00;5993.68994140625;5993.89990234375;5992.64013671875;5992.64013671875;5992.64013671875;2690539
2024-11-27 12:00:00-05:00;5992.60009765625;5992.60009765625;5990.91015625;5991.830078125;5991.830078125;3131435
2024-11-27 12:01:00-05:00;5991.9501953125;5992.509765625;5990.7099609375;5991.009765625;5991.009765625;3484487
2024-11-27 12:02:00-05:00;5991.0498046875;5991.0498046875;5988.89990234375;5990.1298828125;5990.1298828125;4794323
2024-11-27 12:03:00-05:00;5990.080078125;5990.60009765625;5988.93017578125;5989.2900390625;5989.2900390625;3944360
2024-11-27 12:04:00-05:00;5989.25;5989.759765625;5989.08984375;5989.27001953125;5989.27001953125;3174880
2024-11-27 12:05:00-05:00;5989.259765625;5991.06982421875;5989.259765625;5989.7001953125;5989.7001953125;3105391
2024-11-27 12:06:00-05:00;5989.72021484375;5989.72021484375;5988.39013671875;5988.5;5988.5;2853765
2024-11-27 12:07:00-05:00;5988.5498046875;5988.68994140625;5987.83984375;5988.580078125;5988.580078125;2741034
2024-11-27 12:08:00-05:00;5988.580078125;5988.580078125;5985.169921875;5985.169921875;5985.169921875;4073695
2024-11-27 12:09:00-05:00;5985.16015625;5987.330078125;5984.8701171875;5986.64013671875;5986.64013671875;3632205
2024-11-27 12:10:00-05:00;5986.64013671875;5989.0400390625;5986.64013671875;5988.52001953125;5988.52001953125;3311754
2024-11-27 12:11:00-05:00;5988.580078125;5990.97998046875;5988.31005859375;5990.1201171875;5990.1201171875;3412195
2024-11-27 12:12:00-05:00;5990.10009765625;5991.2900390625;5990.02001953125;5990.77001953125;5990.77001953125;2836196
2024-11-27 12:13:00-05:00;5990.77001953125;5991.66015625;5990.56982421875;5991.240234375;5991.240234375;3251789
2024-11-27 12:14:00-05:00;5991.2001953125;5991.66015625;5990.6201171875;5990.7001953125;5990.7001953125;2897711
2024-11-27 12:15:00-05:00;5990.72021484375;5991.06005859375;5990.080078125;5990.080078125;5990.080078125;2958493
2024-11-27 12:16:00-05:00;5990.06982421875;5990.31982421875;5989.39990234375;5989.39990234375;5989.39990234375;2582230
2024-11-27 12:17:00-05:00;5989.419921875;5990.56005859375;5989.35009765625;5989.669921875;5989.669921875;2738269
2024-11-27 12:18:00-05:00;5989.6298828125;5989.77001953125;5989.009765625;5989.0400390625;5989.0400390625;2360545
2024-11-27 12:19:00-05:00;5989.06982421875;5991.240234375;5988.990234375;5991.16015625;5991.16015625;3025260
2024-11-27 12:20:00-05:00;5991.2900390625;5992.97021484375;5991.25;5992.68017578125;5992.68017578125;3159257
2024-11-27 12:21:00-05:00;5992.66015625;5993.22021484375;5992.35009765625;5992.7900390625;5992.7900390625;2705770
2024-11-27 12:22:00-05:00;5992.830078125;5992.830078125;5990.669921875;5990.740234375;5990.740234375;2281914
2024-11-27 12:23:00-05:00;5990.72021484375;5990.85009765625;5990.27978515625;5990.64013671875;5990.64013671875;2644191
2024-11-27 12:24:00-05:00;5990.58984375;5991.009765625;5990.3798828125;5990.419921875;5990.419921875;2383658
2024-11-27 12:25:00-05:00;5990.39013671875;5992.14013671875;5990.33984375;5992.14013671875;5992.14013671875;2978639
2024-11-27 12:26:00-05:00;5992.3701171875;5993.0498046875;5992.2998046875;5992.7900390625;5992.7900390625;4361403
2024-11-27 12:27:00-05:00;5992.6298828125;5993.509765625;5992.6201171875;5993.5;5993.5;2411155
2024-11-27 12:28:00-05:00;5993.490234375;5994.0;5993.419921875;5993.919921875;5993.919921875;2282988
2024-11-27 12:29:00-05:00;5993.58984375;5993.7099609375;5993.330078125;5993.68994140625;5993.68994140625;2246895
2024-11-27 12:30:00-05:00;5993.7001953125;5994.0;5992.5400390625;5992.56982421875;5992.56982421875;3381295
2024-11-27 12:31:00-05:00;5992.5400390625;5992.759765625;5990.43017578125;5990.64013671875;5990.64013671875;3055895
2024-11-27 12:32:00-05:00;5990.740234375;5990.89990234375;5989.97021484375;5989.97021484375;5989.97021484375;2656010
2024-11-27 12:33:00-05:00;5989.97998046875;5990.2900390625;5989.06982421875;5989.89990234375;5989.89990234375;2675636
2024-11-27 12:34:00-05:00;5989.89013671875;5991.56005859375;5989.89013671875;5991.4599609375;5991.4599609375;2617741
2024-11-27 12:35:00-05:00;5991.39013671875;5991.6201171875;5990.83984375;5991.490234375;5991.490234375;2955561
2024-11-27 12:36:00-05:00;5991.39990234375;5992.31982421875;5991.39990234375;5992.02001953125;5992.02001953125;3085094
2024-11-27 12:37:00-05:00;5992.0;5992.1298828125;5990.8798828125;5990.8798828125;5990.8798828125;2866314
2024-11-27 12:38:00-05:00;5990.83984375;5990.83984375;5989.7998046875;5990.4599609375;5990.4599609375;3009995
2024-11-27 12:39:00-05:00;5990.47021484375;5990.919921875;5990.169921875;5990.7099609375;5990.7099609375;3037035
2024-11-27 12:40:00-05:00;5990.81982421875;5991.43994140625;5990.6298828125;5991.2998046875;5991.2998046875;2642899
2024-11-27 12:41:00-05:00;5991.18994140625;5992.0;5990.93017578125;5991.8798828125;5991.8798828125;2847801
2024-11-27 12:42:00-05:00;5991.8798828125;5992.39990234375;5991.56982421875;5991.64990234375;5991.64990234375;2276257
2024-11-27 12:43:00-05:00;5991.64990234375;5991.68994140625;5990.85986328125;5991.02001953125;5991.02001953125;2448722
2024-11-27 12:44:00-05:00;5991.0400390625;5991.330078125;5990.919921875;5991.22021484375;5991.22021484375;2198682
2024-11-27 12:45:00-05:00;5991.22998046875;5991.330078125;5990.10986328125;5990.10986328125;5990.10986328125;2641535
2024-11-27 12:46:00-05:00;5990.1201171875;5991.56005859375;5989.91015625;5991.56005859375;5991.56005859375;2465817
2024-11-27 12:47:00-05:00;5991.5498046875;5993.0498046875;5991.509765625;5993.0400390625;5993.0400390625;2846577
2024-11-27 12:48:00-05:00;5993.06005859375;5993.1298828125;5992.2099609375;5992.27978515625;5992.27978515625;2548358
2024-11-27 12:49:00-05:00;5992.25;5992.759765625;5991.83984375;5992.68994140625;5992.68994140625;2424315
2024-11-27 12:50:00-05:00;5992.72021484375;5993.5400390625;5992.580078125;5992.9599609375;5992.9599609375;2388505
2024-11-27 12:51:00-05:00;5992.9599609375;5994.10986328125;5992.47021484375;5994.009765625;5994.009765625;2793480
2024-11-27 12:52:00-05:00;5994.0400390625;5994.77001953125;5994.0400390625;5994.5400390625;5994.5400390625;3086053
2024-11-27 12:53:00-05:00;5994.60009765625;5995.35986328125;5994.56982421875;5994.72021484375;5994.72021484375;2477640
2024-11-27 12:54:00-05:00;5994.7099609375;5994.7099609375;5993.5498046875;5993.81005859375;5993.81005859375;2050096
2024-11-27 12:55:00-05:00;5993.77978515625;5994.02001953125;5993.16015625;5993.47021484375;5993.47021484375;2181540
2024-11-27 12:56:00-05:00;5993.52001953125;5993.7001953125;5992.89990234375;5993.3798828125;5993.3798828125;2223684
2024-11-27 12:57:00-05:00;5993.41015625;5994.259765625;5993.3701171875;5994.080078125;5994.080078125;2619140
2024-11-27 12:58:00-05:00;5994.14990234375;5995.39013671875;5994.14990234375;5995.22998046875;5995.22998046875;2743949
2024-11-27 12:59:00-05:00;5995.2900390625;5995.47021484375;5995.169921875;5995.27001953125;5995.27001953125;2374074
2024-11-27 13:00:00-05:00;5995.25;5995.25;5994.14013671875;5994.14013671875;5994.14013671875;2952552
2024-11-27 13:01:00-05:00;5994.14013671875;5994.259765625;5993.4501953125;5993.47021484375;5993.47021484375;2524561
2024-11-27 13:02:00-05:00;5993.4599609375;5994.08984375;5993.3798828125;5993.93994140625;5993.93994140625;2725555
2024-11-27 13:03:00-05:00;5993.919921875;5994.72021484375;5993.919921875;5994.7099609375;5994.7099609375;2736353
2024-11-27 13:04:00-05:00;5994.7001953125;5994.83984375;5994.35009765625;5994.5498046875;5994.5498046875;2404872
2024-11-27 13:05:00-05:00;5994.669921875;5995.31982421875;5994.490234375;5995.2900390625;5995.2900390625;2448491
2024-11-27 13:06:00-05:00;5995.2900390625;5995.5;5994.759765625;5995.2099609375;5995.2099609375;2275035
2024-11-27 13:07:00-05:00;5995.18017578125;5995.919921875;5995.06982421875;5995.89990234375;5995.89990234375;2259424
2024-11-27 13:08:00-05:00;5995.8798828125;5995.89990234375;5995.1298828125;5995.33984375;5995.33984375;2570120
2024-11-27 13:09:00-05:00;5995.330078125;5996.0400390625;5995.330078125;5996.0400390625;5996.0400390625;2492864
2024-11-27 13:10:00-05:00;5996.02001953125;5996.93994140625;5995.9599609375;5996.93994140625;5996.93994140625;3143045
2024-11-27 13:11:00-05:00;5996.9599609375;5997.740234375;5996.91015625;5997.47998046875;5997.47998046875;3424562
2024-11-27 13:12:00-05:00;5997.4501953125;5997.490234375;5996.31005859375;5996.3798828125;5996.3798828125;2705983
2024-11-27 13:13:00-05:00;5996.3701171875;5997.0;5996.330078125;5997.0;5997.0;2112811
2024-11-27 13:14:00-05:00;5997.02001953125;5998.64990234375;5997.02001953125;5998.64990234375;5998.64990234375;2674743
2024-11-27 13:15:00-05:00;5998.89990234375;5999.080078125;5997.85986328125;5997.97998046875;5997.97998046875;2759686
2024-11-27 13:16:00-05:00;5997.97998046875;5998.18017578125;5997.5;5997.81005859375;5997.81005859375;2762237
2024-11-27 13:17:00-05:00;5997.7001953125;5997.759765625;5997.0;5997.5400390625;5997.5400390625;2892208
2024-11-27 13:18:00-05:00;5997.6201171875;5998.97021484375;5997.60009765625;5998.830078125;5998.830078125;2836411
2024-11-27 13:19:00-05:00;5998.8701171875;5999.7998046875;5998.830078125;5999.56005859375;5999.56005859375;2627110
2024-11-27 13:20:00-05:00;5999.6201171875;5999.91015625;5998.81005859375;5998.81005859375;5998.81005859375;2240469
2024-11-27 13:21:00-05:00;5998.7998046875;5998.8798828125;5998.43017578125;5998.75;5998.75;2114082
2024-11-27 13:22:00-05:00;5998.759765625;5998.7900390625;5997.41015625;5997.5400390625;5997.5400390625;2664571
2024-11-27 13:23:00-05:00;5997.56005859375;5997.64990234375;5997.18017578125;5997.33984375;5997.33984375;2560285
2024-11-27 13:24:00-05:00;5997.2099609375;5997.68994140625;5997.009765625;5997.56005859375;5997.56005859375;2748293
2024-11-27 13:25:00-05:00;5997.5400390625;5998.5498046875;5997.5400390625;5998.35009765625;5998.35009765625;2443301
2024-11-27 13:26:00-05:00;5998.0400390625;5998.2900390625;5997.5;5997.58984375;5997.58984375;2175431
2024-11-27 13:27:00-05:00;5997.60009765625;5997.6201171875;5995.7998046875;5995.7998046875;5995.7998046875;2410974
2024-11-27 13:28:00-05:00;5995.81982421875;5996.10009765625;5995.6298828125;5995.75;5995.75;2525927
2024-11-27 13:29:00-05:00;5995.72998046875;5996.47021484375;5995.72998046875;5996.33984375;5996.33984375;2337942
2024-11-27 13:30:00-05:00;5996.3701171875;5997.33984375;5995.64990234375;5997.31005859375;5997.31005859375;3039698
2024-11-27 13:31:00-05:00;5997.330078125;5997.47998046875;5996.52978515625;5996.8798828125;5996.8798828125;2976768
2024-11-27 13:32:00-05:00;5996.91015625;5998.509765625;5996.85986328125;5998.509765625;5998.509765625;2289706
2024-11-27 13:33:00-05:00;5998.52978515625;5998.7998046875;5998.39013671875;5998.60009765625;5998.60009765625;2416908
2024-11-27 13:34:00-05:00;5998.60009765625;5999.3701171875;5998.60009765625;5999.31982421875;5999.31982421875;2812833
2024-11-27 13:35:00-05:00;5999.3701171875;6000.2099609375;5999.35009765625;6000.0400390625;6000.0400390625;3212511
2024-11-27 13:36:00-05:00;6000.02978515625;6000.2900390625;5999.85986328125;5999.8798828125;5999.8798828125;3096492
2024-11-27 13:37:00-05:00;5999.77001953125;6000.85986328125;5999.72021484375;6000.72998046875;6000.72998046875;2804370
2024-11-27 13:38:00-05:00;6000.68994140625;6001.7998046875;6000.68994140625;6001.1298828125;6001.1298828125;3000123
2024-11-27 13:39:00-05:00;6001.080078125;6001.22998046875;5999.990234375;6000.52001953125;6000.52001953125;2510066
2024-11-27 13:40:00-05:00;6000.509765625;6001.14013671875;6000.2900390625;6000.52978515625;6000.52978515625;2581322
2024-11-27 13:41:00-05:00;6000.60986328125;6001.18994140625;5999.72998046875;5999.72998046875;5999.72998046875;2768005
2024-11-27 13:42:00-05:00;5999.77001953125;5999.77001953125;5998.5400390625;5999.02978515625;5999.02978515625;2592020
2024-11-27 13:43:00-05:00;5999.0498046875;5999.64013671875;5998.97021484375;5999.56982421875;5999.56982421875;2456178
2024-11-27 13:44:00-05:00;5999.4599609375;6000.06982421875;5999.4599609375;5999.990234375;5999.990234375;2390560
2024-11-27 13:45:00-05:00;5999.93994140625;6000.97998046875;5999.93994140625;6000.89990234375;6000.89990234375;2331871
2024-11-27 13:46:00-05:00;6000.830078125;6001.10986328125;5999.77978515625;5999.8701171875;5999.8701171875;2597321
2024-11-27 13:47:00-05:00;5999.89013671875;6000.56005859375;5999.77001953125;6000.39990234375;6000.39990234375;1842377
2024-11-27 13:48:00-05:00;6000.35986328125;6000.43017578125;5999.1298828125;5999.2001953125;5999.2001953125;2424022
2024-11-27 13:49:00-05:00;5998.97021484375;5999.35009765625;5998.16015625;5999.1298828125;5999.1298828125;2639113
2024-11-27 13:50:00-05:00;5999.14013671875;5999.4599609375;5998.75;5999.3798828125;5999.3798828125;2020446
2024-11-27 13:51:00-05:00;5999.35986328125;5999.64990234375;5998.72021484375;5999.35986328125;5999.35986328125;2553815
2024-11-27 13:52:00-05:00;5999.41015625;5999.64990234375;5999.2001953125;5999.47998046875;5999.47998046875;1964456
2024-11-27 13:53:00-05:00;5999.509765625;6001.3701171875;5999.509765625;6001.3701171875;6001.3701171875;2808921
2024-11-27 13:54:00-05:00;6001.41015625;6001.43017578125;6001.0498046875;6001.27001953125;6001.27001953125;1980504
2024-11-27 13:55:00-05:00;6001.22998046875;6001.81982421875;6001.0400390625;6001.52978515625;6001.52978515625;2208134
2024-11-27 13:56:00-05:00;6001.5;6002.1201171875;6001.39013671875;6001.81982421875;6001.81982421875;2332928
2024-11-27 13:57:00-05:00;6001.85986328125;6002.1298828125;6001.56982421875;6002.080078125;6002.080078125;2396434
2024-11-27 13:58:00-05:00;6002.0498046875;6002.66015625;6001.7900390625;6001.919921875;6001.919921875;2783347
2024-11-27 13:59:00-05:00;6001.97998046875;6002.43994140625;6000.41015625;6000.41015625;6000.41015625;3032756
2024-11-27 14:00:00-05:00;6000.4599609375;6000.740234375;6000.22021484375;6000.27001953125;6000.27001953125;2462790
2024-11-27 14:01:00-05:00;6000.240234375;6000.64013671875;5999.419921875;6000.39013671875;6000.39013671875;3080848
2024-11-27 14:02:00-05:00;6000.259765625;6000.7001953125;5999.97998046875;6000.1201171875;6000.1201171875;2913501
2024-11-27 14:03:00-05:00;6000.1298828125;6000.52001953125;5999.740234375;6000.490234375;6000.490234375;2799045
2024-11-27 14:04:00-05:00;6000.47998046875;6001.7998046875;6000.47998046875;6001.35986328125;6001.35986328125;2710810
2024-11-27 14:05:00-05:00;6001.27001953125;6001.31005859375;6000.52978515625;6000.580078125;6000.580078125;3398435
2024-11-27 14:06:00-05:00;6000.64013671875;6001.10986328125;6000.3701171875;6000.6298828125;6000.6298828125;3672688
2024-11-27 14:07:00-05:00;6000.68994140625;6001.3701171875;6000.56005859375;6001.16015625;6001.16015625;2746009
2024-11-27 14:08:00-05:00;6001.10986328125;6001.43017578125;6000.81982421875;6001.02978515625;6001.02978515625;2268219
2024-11-27 14:09:00-05:00;6001.06982421875;6001.7099609375;6000.93017578125;6001.009765625;6001.009765625;2491889
2024-11-27 14:10:00-05:00;6000.97998046875;6001.06005859375;5999.97021484375;5999.97021484375;5999.97021484375;2963491
2024-11-27 14:11:00-05:00;5999.93994140625;6001.02978515625;5999.919921875;6000.85009765625;6000.85009765625;3078821
2024-11-27 14:12:00-05:00;6000.85009765625;6000.85009765625;6000.18994140625;6000.7900390625;6000.7900390625;2305312
2024-11-27 14:13:00-05:00;6000.72998046875;6000.91015625;6000.43017578125;6000.91015625;6000.91015625;2622971
2024-11-27 14:14:00-05:00;6000.83984375;6002.39990234375;6000.7900390625;6002.39990234375;6002.39990234375;2905137
2024-11-27 14:15:00-05:00;6002.3701171875;6002.5400390625;6001.14990234375;6001.14990234375;6001.14990234375;2938954
2024-11-27 14:16:00-05:00;6001.18994140625;6001.7099609375;6001.080078125;6001.27001953125;6001.27001953125;2467242
2024-11-27 14:17:00-05:00;6001.22021484375;6001.330078125;6000.56005859375;6001.06005859375;6001.06005859375;2736748
2024-11-27 14:18:00-05:00;6001.10009765625;6001.2001953125;6000.2998046875;6000.68994140625;6000.68994140625;3077210
2024-11-27 14:19:00-05:00;6000.6201171875;6000.7099609375;5999.8798828125;6000.0498046875;6000.0498046875;2260464
2024-11-27 14:20:00-05:00;6000.10986328125;6000.1298828125;5999.58984375;5999.7001953125;5999.7001953125;3101840
2024-11-27 14:21:00-05:00;5999.6298828125;5999.9599609375;5999.2998046875;5999.56005859375;5999.56005859375;2245021
2024-11-27 14:22:00-05:00;5999.5400390625;5999.68017578125;5998.39013671875;5999.14990234375;5999.14990234375;2614518
2024-11-27 14:23:00-05:00;5999.169921875;6000.4599609375;5999.009765625;6000.330078125;6000.330078125;2756189
2024-11-27 14:24:00-05:00;6000.3798828125;6000.97021484375;6000.35986328125;6000.9501953125;6000.9501953125;2387280
2024-11-27 14:25:00-05:00;6000.990234375;6001.43017578125;6000.81005859375;6000.83984375;6000.83984375;2769385
2024-11-27 14:26:00-05:00;6000.8701171875;6000.8701171875;5999.8798828125;5999.97998046875;5999.97998046875;2392145
2024-11-27 14:27:00-05:00;5999.97021484375;5999.97021484375;5998.56005859375;5998.60009765625;5998.60009765625;2402253
2024-11-27 14:28:00-05:00;5998.60986328125;5999.2998046875;5998.52001953125;5999.0498046875;5999.0498046875;2501426
2024-11-27 14:29:00-05:00;5999.10009765625;5999.1201171875;5997.89013671875;5998.18994140625;5998.18994140625;2957969
2024-11-27 14:30:00-05:00;5998.06982421875;5998.7099609375;5997.75;5998.10986328125;5998.10986328125;2865796
2024-11-27 14:31:00-05:00;5998.14013671875;5998.72998046875;5997.81982421875;5998.72998046875;5998.72998046875;2714676
2024-11-27 14:32:00-05:00;5998.91015625;5999.10009765625;5998.509765625;5998.83984375;5998.83984375;2490034
2024-11-27 14:33:00-05:00;5998.830078125;5998.9501953125;5998.2001953125;5998.2099609375;5998.2099609375;2783685
2024-11-27 14:34:00-05:00;5998.16015625;5998.41015625;5998.1201171875;5998.2001953125;5998.2001953125;2381167
2024-11-27 14:35:00-05:00;5998.18017578125;5998.18017578125;5996.85009765625;5996.919921875;5996.919921875;2870978
2024-11-27 14:36:00-05:00;5996.93017578125;5997.18017578125;5996.0400390625;5996.93994140625;5996.93994140625;3405120
2024-11-27 14:37:00-05:00;5996.8798828125;5998.419921875;5996.81005859375;5998.2099609375;5998.2099609375;3016788
2024-11-27 14:38:00-05:00;5998.3701171875;5999.02001953125;5998.3701171875;5998.830078125;5998.830078125;2779736
2024-11-27 14:39:00-05:00;5998.77978515625;5999.330078125;5998.25;5998.39990234375;5998.39990234375;2909421
2024-11-27 14:40:00-05:00;5998.419921875;5999.18994140625;5998.25;5999.18994140625;5999.18994140625;2469853
2024-11-27 14:41:00-05:00;5999.18017578125;5999.89990234375;5999.18017578125;5999.85009765625;5999.85009765625;2156969
2024-11-27 14:42:00-05:00;5999.8701171875;6000.02978515625;5999.72998046875;6000.02978515625;6000.02978515625;2065731
2024-11-27 14:43:00-05:00;6000.0400390625;6001.33984375;5999.990234375;6001.2001953125;6001.2001953125;2364958
2024-11-27 14:44:00-05:00;6001.240234375;6001.60009765625;6001.009765625;6001.10009765625;6001.10009765625;2117399
2024-11-27 14:45:00-05:00;6001.08984375;6001.18994140625;6000.31005859375;6000.60009765625;6000.60009765625;2512045
2024-11-27 14:46:00-05:00;6000.56982421875;6000.64990234375;5999.830078125;5999.83984375;5999.83984375;2371917
2024-11-27 14:47:00-05:00;5999.8798828125;6001.22021484375;5999.8798828125;6001.22021484375;6001.22021484375;2447486
2024-11-27 14:48:00-05:00;6001.2998046875;6002.22021484375;6001.27001953125;6002.18017578125;6002.18017578125;2690208
2024-11-27 14:49:00-05:00;6002.14990234375;6002.240234375;6001.31982421875;6001.3798828125;6001.3798828125;2824495
2024-11-27 14:50:00-05:00;6001.3798828125;6001.81005859375;6000.91015625;6001.81005859375;6001.81005859375;3288362
2024-11-27 14:51:00-05:00;6001.7998046875;6001.97998046875;6001.490234375;6001.490234375;6001.490234375;2440452
2024-11-27 14:52:00-05:00;6001.4599609375;6001.580078125;6000.4599609375;6000.830078125;6000.830078125;2297307
2024-11-27 14:53:00-05:00;6000.759765625;6001.39013671875;6000.7099609375;6000.97021484375;6000.97021484375;2470107
2024-11-27 14:54:00-05:00;6001.0;6001.080078125;6000.2900390625;6000.52001953125;6000.52001953125;2364882
2024-11-27 14:55:00-05:00;6000.5400390625;6000.5400390625;6000.0498046875;6000.4501953125;6000.4501953125;2948959
2024-11-27 14:56:00-05:00;6000.52001953125;6000.740234375;6000.31005859375;6000.31005859375;6000.31005859375;2360879
2024-11-27 14:57:00-05:00;6000.39013671875;6000.39013671875;5999.990234375;6000.25;6000.25;2599364
2024-11-27 14:58:00-05:00;6000.240234375;6000.240234375;5999.35986328125;5999.72998046875;5999.72998046875;3276608
2024-11-27 14:59:00-05:00;5999.75;5999.75;5998.64013671875;5998.64990234375;5998.64990234375;2509770
2024-11-27 15:00:00-05:00;5998.72021484375;5999.18017578125;5997.72998046875;5997.72998046875;5997.72998046875;3201610
2024-11-27 15:01:00-05:00;5997.7001953125;5999.580078125;5997.669921875;5999.56982421875;5999.56982421875;3134650
2024-11-27 15:02:00-05:00;5999.41015625;5999.91015625;5999.0400390625;5999.759765625;5999.759765625;2716870
2024-11-27 15:03:00-05:00;5999.759765625;6000.18994140625;5999.5498046875;6000.080078125;6000.080078125;3852220
2024-11-27 15:04:00-05:00;5999.990234375;6000.85986328125;5999.9599609375;6000.1298828125;6000.1298828125;3219872
2024-11-27 15:05:00-05:00;6000.169921875;6001.4501953125;6000.08984375;6001.22021484375;6001.22021484375;3677974
2024-11-27 15:06:00-05:00;6001.27978515625;6001.58984375;6000.4501953125;6001.10009765625;6001.10009765625;3082101
2024-11-27 15:07:00-05:00;6001.10986328125;6001.18994140625;5999.830078125;6000.10009765625;6000.10009765625;3076985
2024-11-27 15:08:00-05:00;6000.080078125;6001.330078125;6000.02978515625;6001.06982421875;6001.06982421875;2864369
2024-11-27 15:09:00-05:00;6001.02978515625;6001.5400390625;6000.7998046875;6000.85009765625;6000.85009765625;2883625
2024-11-27 15:10:00-05:00;6000.8701171875;6000.8701171875;6000.27978515625;6000.669921875;6000.669921875;2714464
2024-11-27 15:11:00-05:00;6000.72021484375;6000.7998046875;5999.91015625;5999.91015625;5999.91015625;2522452
2024-11-27 15:12:00-05:00;5999.91015625;5999.97998046875;5998.77978515625;5999.5498046875;5999.5498046875;3774582
2024-11-27 15:13:00-05:00;5999.6298828125;5999.64990234375;5998.580078125;5998.68994140625;5998.68994140625;4153480
2024-11-27 15:14:00-05:00;5998.7900390625;5998.83984375;5998.25;5998.56982421875;5998.56982421875;2450243
2024-11-27 15:15:00-05:00;5998.6201171875;5999.72021484375;5998.47021484375;5999.64990234375;5999.64990234375;3145195
2024-11-27 15:16:00-05:00;5999.66015625;5999.740234375;5998.89990234375;5999.1298828125;5999.1298828125;3354982
2024-11-27 15:17:00-05:00;5999.1298828125;5999.14990234375;5998.6298828125;5998.64013671875;5998.64013671875;3034503
2024-11-27 15:18:00-05:00;5998.4599609375;5998.4599609375;5997.47998046875;5998.06005859375;5998.06005859375;3732627
2024-11-27 15:19:00-05:00;5998.0400390625;5998.0400390625;5996.9599609375;5997.33984375;5997.33984375;3221297
2024-11-27 15:20:00-05:00;5997.330078125;5997.41015625;5996.759765625;5997.259765625;5997.259765625;3121679
2024-11-27 15:21:00-05:00;5997.16015625;5997.22998046875;5995.3701171875;5995.3701171875;5995.3701171875;3084301
2024-11-27 15:22:00-05:00;5995.47021484375;5997.58984375;5995.47021484375;5997.10009765625;5997.10009765625;3110421
2024-11-27 15:23:00-05:00;5997.06005859375;5997.85009765625;5996.60986328125;5996.75;5996.75;3420703
2024-11-27 15:24:00-05:00;5996.64013671875;5996.64013671875;5995.81005859375;5996.2001953125;5996.2001953125;3612494
2024-11-27 15:25:00-05:00;5996.14990234375;5996.68994140625;5995.47021484375;5995.9501953125;5995.9501953125;3250363
2024-11-27 15:26:00-05:00;5995.9501953125;5995.9501953125;5995.33984375;5995.33984375;5995.33984375;3226388
2024-11-27 15:27:00-05:00;5995.39013671875;5995.97998046875;5995.02978515625;5995.6298828125;5995.6298828125;3208531
2024-11-27 15:28:00-05:00;5995.6298828125;5996.18994140625;5995.509765625;5995.85009765625;5995.85009765625;2999226
2024-11-27 15:29:00-05:00;5995.81982421875;5997.509765625;5995.419921875;5997.06982421875;5997.06982421875;3666359
2024-11-27 15:30:00-05:00;5997.02001953125;5997.240234375;5995.14990234375;5995.18017578125;5995.18017578125;4658542
2024-11-27 15:31:00-05:00;5995.169921875;5995.35986328125;5994.68017578125;5995.14990234375;5995.14990234375;3791383
2024-11-27 15:32:00-05:00;5995.169921875;5995.740234375;5995.14990234375;5995.47021484375;5995.47021484375;3565601
2024-11-27 15:33:00-05:00;5995.4599609375;5996.4501953125;5995.25;5996.35009765625;5996.35009765625;4255132
2024-11-27 15:34:00-05:00;5996.39990234375;5997.18017578125;5996.39013671875;5996.919921875;5996.919921875;3842621
2024-11-27 15:35:00-05:00;5996.8798828125;5996.8798828125;5995.81005859375;5995.81005859375;5995.81005859375;4260795
2024-11-27 15:36:00-05:00;5995.85009765625;5996.81005859375;5995.7900390625;5995.91015625;5995.91015625;4261893
2024-11-27 15:37:00-05:00;5995.93017578125;5996.669921875;5995.91015625;5996.3798828125;5996.3798828125;4034879
2024-11-27 15:38:00-05:00;5996.39013671875;5996.56982421875;5996.1201171875;5996.31005859375;5996.31005859375;3590673
2024-11-27 15:39:00-05:00;5996.259765625;5996.93017578125;5995.89990234375;5995.89990234375;5995.89990234375;3941994
2024-11-27 15:40:00-05:00;5995.83984375;5995.8798828125;5994.72021484375;5994.77001953125;5994.77001953125;3854954
2024-11-27 15:41:00-05:00;5994.68994140625;5994.97021484375;5992.52001953125;5993.1298828125;5993.1298828125;5490695
2024-11-27 15:42:00-05:00;5993.2001953125;5993.8701171875;5992.7900390625;5992.83984375;5992.83984375;5207170
2024-11-27 15:43:00-05:00;5992.77978515625;5993.93017578125;5991.47021484375;5993.93017578125;5993.93017578125;5212980
2024-11-27 15:44:00-05:00;5993.89990234375;5994.93017578125;5993.68994140625;5994.93017578125;5994.93017578125;5553206
2024-11-27 15:45:00-05:00;5995.0400390625;5996.9501953125;5995.0400390625;5996.8701171875;5996.8701171875;5131407
2024-11-27 15:46:00-05:00;5997.02001953125;5997.64013671875;5996.490234375;5997.259765625;5997.259765625;5077058
2024-11-27 15:47:00-05:00;5997.27978515625;5998.5;5997.0400390625;5998.419921875;5998.419921875;4915371
2024-11-27 15:48:00-05:00;5998.41015625;5999.35986328125;5998.27001953125;5998.330078125;5998.330078125;5912495
2024-11-27 15:49:00-05:00;5998.31982421875;6000.1201171875;5998.27001953125;5999.60009765625;5999.60009765625;6898536
2024-11-27 15:50:00-05:00;5999.43994140625;6001.1201171875;5999.35986328125;5999.97021484375;5999.97021484375;11091887
2024-11-27 15:51:00-05:00;5999.990234375;6000.669921875;5999.85986328125;6000.02001953125;6000.02001953125;9051019
2024-11-27 15:52:00-05:00;6000.10986328125;6000.6298828125;5999.7900390625;5999.7998046875;5999.7998046875;9513313
2024-11-27 15:53:00-05:00;5999.97021484375;6000.080078125;5998.18017578125;5999.89990234375;5999.89990234375;10204696
2024-11-27 15:54:00-05:00;5999.9501953125;6000.02978515625;5996.4501953125;5997.3701171875;5997.3701171875;13097474
2024-11-27 15:55:00-05:00;5997.2900390625;5998.990234375;5997.2900390625;5998.990234375;5998.990234375;19581725
2024-11-27 15:56:00-05:00;5998.85986328125;5998.85986328125;5997.9599609375;5998.35986328125;5998.35986328125;15722213
2024-11-27 15:57:00-05:00;5998.2998046875;5998.68994140625;5996.580078125;5997.169921875;5997.169921875;18464305
2024-11-27 15:58:00-05:00;5997.080078125;5998.830078125;5996.7001953125;5998.580078125;5998.580078125;18508027
2024-11-27 15:59:00-05:00;5998.41015625;5998.85986328125;5997.60009765625;5998.72021484375;5998.72021484375;23082287
