Datetime;Open;High;Low;Close;Adj Close;Volume
2024-09-26 09:30:00-04:00;5762.22021484375;5767.3701171875;5761.18994140625;5761.18994140625;5761.18994140625;0
2024-09-26 09:31:00-04:00;5760.240234375;5762.35986328125;5759.93994140625;5761.27978515625;5761.27978515625;28165348
2024-09-26 09:32:00-04:00;5761.68994140625;5762.490234375;5759.41015625;5759.75;5759.75;20224854
2024-09-26 09:33:00-04:00;5759.58984375;5760.81982421875;5759.58984375;5760.56982421875;5760.56982421875;16193768
2024-09-26 09:34:00-04:00;5760.10986328125;5760.419921875;5757.31005859375;5757.60986328125;5757.60986328125;13077722
2024-09-26 09:35:00-04:00;5757.83984375;5759.7001953125;5756.58984375;5756.68017578125;5756.68017578125;14562659
2024-09-26 09:36:00-04:00;5756.72021484375;5758.10009765625;5756.1298828125;5757.919921875;5757.919921875;12621153
2024-09-26 09:37:00-04:00;5758.22998046875;5762.85009765625;5757.97021484375;5762.85009765625;5762.85009765625;13939474
2024-09-26 09:38:00-04:00;5762.990234375;5763.47021484375;5761.7900390625;5762.0498046875;5762.0498046875;13267840
2024-09-26 09:39:00-04:00;5761.8798828125;5761.8798828125;5758.77001953125;5758.9599609375;5758.9599609375;12838321
2024-09-26 09:40:00-04:00;5759.0;5759.0;5756.10986328125;5757.009765625;5757.009765625;11582624
2024-09-26 09:41:00-04:00;5757.2001953125;5757.35009765625;5756.580078125;5756.81982421875;5756.81982421875;9272560
2024-09-26 09:42:00-04:00;5756.8798828125;5758.2998046875;5756.43017578125;5756.52001953125;5756.52001953125;8955686
2024-09-26 09:43:00-04:00;5756.60986328125;5757.509765625;5756.39013671875;5756.85009765625;5756.85009765625;8327689
2024-09-26 09:44:00-04:00;5756.60009765625;5758.5400390625;5756.259765625;5758.43017578125;5758.43017578125;9395387
2024-09-26 09:45:00-04:00;5758.2998046875;5760.080078125;5756.990234375;5759.8798828125;5759.8798828125;11456930
2024-09-26 09:46:00-04:00;5759.8798828125;5760.6298828125;5757.35986328125;5759.330078125;5759.330078125;9784390
2024-09-26 09:47:00-04:00;5759.39013671875;5760.31005859375;5757.81005859375;5757.81005859375;5757.81005859375;9981024
2024-09-26 09:48:00-04:00;5757.7998046875;5759.35986328125;5756.259765625;5756.509765625;5756.509765625;11539608
2024-09-26 09:49:00-04:00;5756.56982421875;5758.919921875;5756.35986328125;5758.919921875;5758.919921875;8043031
2024-09-26 09:50:00-04:00;5758.91015625;5758.91015625;5756.3798828125;5757.35009765625;5757.35009765625;9050383
2024-09-26 09:51:00-04:00;5757.18994140625;5757.85986328125;5756.419921875;5756.580078125;5756.580078125;7070677
2024-09-26 09:52:00-04:00;5756.47021484375;5758.18017578125;5756.47021484375;5757.9501953125;5757.9501953125;8004639
2024-09-26 09:53:00-04:00;5758.1298828125;5758.7900390625;5756.66015625;5756.8798828125;5756.8798828125;6724514
2024-09-26 09:54:00-04:00;5757.009765625;5757.47998046875;5756.4599609375;5756.72021484375;5756.72021484375;7305373
2024-09-26 09:55:00-04:00;5756.75;5758.16015625;5754.56982421875;5755.490234375;5755.490234375;9642804
2024-09-26 09:56:00-04:00;5755.39013671875;5756.7900390625;5755.330078125;5756.0;5756.0;7651105
2024-09-26 09:57:00-04:00;5756.18017578125;5756.68017578125;5755.4599609375;5756.68017578125;5756.68017578125;7353180
2024-09-26 09:58:00-04:00;5756.7998046875;5757.83984375;5756.3701171875;5757.60009765625;5757.60009765625;7636085
2024-09-26 09:59:00-04:00;5757.7001953125;5758.1201171875;5756.490234375;5757.8798828125;5757.8798828125;7390177
2024-09-26 10:00:00-04:00;5758.27978515625;5762.97021484375;5757.16015625;5760.02001953125;5760.02001953125;13271949
2024-09-26 10:01:00-04:00;5760.10986328125;5760.25;5757.830078125;5758.509765625;5758.509765625;9072274
2024-09-26 10:02:00-04:00;5758.43994140625;5759.06005859375;5757.240234375;5757.490234375;5757.490234375;7992765
2024-09-26 10:03:00-04:00;5757.490234375;5758.14013671875;5757.1298828125;5757.419921875;5757.419921875;6862543
2024-09-26 10:04:00-04:00;5757.3701171875;5757.3798828125;5754.39013671875;5755.10009765625;5755.10009765625;8282629
2024-09-26 10:05:00-04:00;5755.02978515625;5755.02978515625;5750.85986328125;5753.85986328125;5753.85986328125;8076873
2024-09-26 10:06:00-04:00;5753.85009765625;5753.85009765625;5751.080078125;5751.14013671875;5751.14013671875;7296180
2024-09-26 10:07:00-04:00;5751.43994140625;5753.14013671875;5750.8798828125;5751.14013671875;5751.14013671875;6632053
2024-09-26 10:08:00-04:00;5751.10986328125;5752.4501953125;5750.509765625;5751.89990234375;5751.89990234375;7454002
2024-09-26 10:09:00-04:00;5751.89013671875;5752.81005859375;5751.39013671875;5751.81005859375;5751.81005859375;6782923
2024-09-26 10:10:00-04:00;5751.91015625;5753.60986328125;5751.6298828125;5753.60986328125;5753.60986328125;6403842
2024-09-26 10:11:00-04:00;5753.7001953125;5755.02001953125;5753.4501953125;5753.60009765625;5753.60009765625;7426895
2024-09-26 10:12:00-04:00;5753.669921875;5754.7099609375;5753.02978515625;5753.9501953125;5753.9501953125;6032065
2024-09-26 10:13:00-04:00;5753.97998046875;5754.68994140625;5753.6201171875;5753.759765625;5753.759765625;6161446
2024-09-26 10:14:00-04:00;5753.509765625;5754.56005859375;5753.02978515625;5753.75;5753.75;6006967
2024-09-26 10:15:00-04:00;5753.93017578125;5754.39013671875;5752.8798828125;5754.330078125;5754.330078125;5383209
2024-09-26 10:16:00-04:00;5754.27978515625;5755.259765625;5753.5;5753.6298828125;5753.6298828125;7197628
2024-09-26 10:17:00-04:00;5753.68994140625;5754.68017578125;5752.81982421875;5754.68017578125;5754.68017578125;6501155
2024-09-26 10:18:00-04:00;5754.580078125;5755.14990234375;5754.22021484375;5754.3798828125;5754.3798828125;7734648
2024-09-26 10:19:00-04:00;5754.5;5754.9599609375;5752.93017578125;5753.14990234375;5753.14990234375;4912347
2024-09-26 10:20:00-04:00;5753.27001953125;5753.60009765625;5752.14013671875;5752.330078125;5752.330078125;5898251
2024-09-26 10:21:00-04:00;5752.259765625;5753.18994140625;5751.509765625;5752.02001953125;5752.02001953125;6046898
2024-09-26 10:22:00-04:00;5752.2099609375;5752.35986328125;5751.18994140625;5751.35986328125;5751.35986328125;5459316
2024-09-26 10:23:00-04:00;5751.35009765625;5752.10009765625;5751.10986328125;5751.31982421875;5751.31982421875;4665408
2024-09-26 10:24:00-04:00;5749.3798828125;5751.3701171875;5748.18017578125;5749.3798828125;5749.3798828125;6695394
2024-09-26 10:25:00-04:00;5749.5498046875;5749.5498046875;5747.52978515625;5748.7998046875;5748.7998046875;6135425
2024-09-26 10:26:00-04:00;5748.72998046875;5748.77978515625;5747.419921875;5748.77978515625;5748.77978515625;6823154
2024-09-26 10:27:00-04:00;5748.919921875;5749.77978515625;5748.240234375;5748.41015625;5748.41015625;5605759
2024-09-26 10:28:00-04:00;5748.490234375;5748.68017578125;5746.7099609375;5746.81005859375;5746.81005859375;10381361
2024-09-26 10:29:00-04:00;5747.0400390625;5747.740234375;5746.08984375;5747.740234375;5747.740234375;9284960
2024-09-26 10:30:00-04:00;5747.77001953125;5749.509765625;5747.77001953125;5748.66015625;5748.66015625;8461175
2024-09-26 10:31:00-04:00;5748.72021484375;5748.72021484375;5745.5498046875;5746.97021484375;5746.97021484375;9739060
2024-09-26 10:32:00-04:00;5747.06982421875;5749.06982421875;5746.72998046875;5747.83984375;5747.83984375;8608618
2024-09-26 10:33:00-04:00;5747.72998046875;5748.35986328125;5746.7001953125;5746.97998046875;5746.97998046875;9411677
2024-09-26 10:34:00-04:00;5747.0498046875;5749.81982421875;5747.0498046875;5749.81982421875;5749.81982421875;8066366
2024-09-26 10:35:00-04:00;5749.93017578125;5750.66015625;5748.2001953125;5750.66015625;5750.66015625;7874940
2024-09-26 10:36:00-04:00;5750.52001953125;5752.080078125;5749.91015625;5752.080078125;5752.080078125;6708972
2024-09-26 10:37:00-04:00;5752.27978515625;5754.580078125;5751.7001953125;5754.08984375;5754.08984375;6273782
2024-09-26 10:38:00-04:00;5755.14013671875;5755.68994140625;5753.27978515625;5755.14013671875;5755.14013671875;5282150
2024-09-26 10:39:00-04:00;5755.1298828125;5755.52978515625;5754.2900390625;5755.33984375;5755.33984375;5776749
2024-09-26 10:40:00-04:00;5755.31982421875;5755.31982421875;5753.0400390625;5753.2099609375;5753.2099609375;5567678
2024-09-26 10:41:00-04:00;5753.1298828125;5753.1298828125;5748.509765625;5749.3798828125;5749.3798828125;6823079
2024-09-26 10:42:00-04:00;5749.2001953125;5750.1201171875;5748.89990234375;5749.1298828125;5749.1298828125;4920025
2024-09-26 10:43:00-04:00;5749.14013671875;5751.240234375;5749.14013671875;5750.10009765625;5750.10009765625;5182474
2024-09-26 10:44:00-04:00;5749.7099609375;5750.10009765625;5748.66015625;5749.02001953125;5749.02001953125;4979726
2024-09-26 10:45:00-04:00;5749.009765625;5752.93017578125;5749.009765625;5752.68017578125;5752.68017578125;5403248
2024-09-26 10:46:00-04:00;5752.85009765625;5753.5400390625;5752.47021484375;5752.68994140625;5752.68994140625;4926861
2024-09-26 10:47:00-04:00;5752.6298828125;5752.740234375;5748.43994140625;5748.509765625;5748.509765625;8266268
2024-09-26 10:48:00-04:00;5748.35986328125;5748.35986328125;5745.16015625;5746.7900390625;5746.7900390625;8753907
2024-09-26 10:49:00-04:00;5746.83984375;5749.06982421875;5746.669921875;5746.97021484375;5746.97021484375;5454382
2024-09-26 10:50:00-04:00;5747.22021484375;5747.83984375;5746.60986328125;5747.75;5747.75;5414488
2024-09-26 10:51:00-04:00;5743.02978515625;5747.490234375;5743.02978515625;5743.02978515625;5743.02978515625;7090070
2024-09-26 10:52:00-04:00;5742.85986328125;5742.89990234375;5740.6201171875;5741.0;5741.0;8418478
2024-09-26 10:53:00-04:00;5740.8701171875;5742.08984375;5739.43017578125;5740.169921875;5740.169921875;8632682
2024-09-26 10:54:00-04:00;5740.330078125;5741.52001953125;5740.330078125;5741.4599609375;5741.4599609375;7220819
2024-09-26 10:55:00-04:00;5741.60009765625;5741.83984375;5733.85009765625;5734.06982421875;5734.06982421875;11523494
2024-09-26 10:56:00-04:00;5734.47021484375;5737.52978515625;5734.4599609375;5736.47998046875;5736.47998046875;8528365
2024-09-26 10:57:00-04:00;5736.330078125;5736.330078125;5733.72021484375;5734.31982421875;5734.31982421875;7420753
2024-09-26 10:58:00-04:00;5734.1298828125;5735.009765625;5734.02001953125;5734.509765625;5734.509765625;6052830
2024-09-26 10:59:00-04:00;5734.5498046875;5734.93994140625;5732.31005859375;5733.7998046875;5733.7998046875;7206127
2024-09-26 11:00:00-04:00;5733.52978515625;5733.52978515625;5730.72021484375;5731.1298828125;5731.1298828125;8500385
2024-09-26 11:01:00-04:00;5730.89013671875;5733.0;5730.39990234375;5733.0;5733.0;8700325
2024-09-26 11:02:00-04:00;5732.68994140625;5736.27978515625;5732.68994140625;5736.0498046875;5736.0498046875;6932848
2024-09-26 11:03:00-04:00;5736.2998046875;5736.64990234375;5735.43017578125;5736.490234375;5736.490234375;7465231
2024-09-26 11:04:00-04:00;5736.47021484375;5738.580078125;5736.47021484375;5738.580078125;5738.580078125;6849030
2024-09-26 11:05:00-04:00;5738.47998046875;5741.0;5738.47998046875;5739.8798828125;5739.8798828125;7605223
2024-09-26 11:06:00-04:00;5739.89013671875;5740.16015625;5739.080078125;5739.58984375;5739.58984375;7486281
2024-09-26 11:07:00-04:00;5739.490234375;5741.0400390625;5739.10986328125;5741.0400390625;5741.0400390625;6570876
2024-09-26 11:08:00-04:00;5740.9501953125;5742.580078125;5739.919921875;5742.47021484375;5742.47021484375;6004357
2024-09-26 11:09:00-04:00;5742.490234375;5742.68017578125;5741.14013671875;5741.33984375;5741.33984375;5190868
2024-09-26 11:10:00-04:00;5741.35986328125;5741.35986328125;5738.18017578125;5738.7001953125;5738.7001953125;6862531
2024-09-26 11:11:00-04:00;5738.68994140625;5738.93994140625;5737.41015625;5737.41015625;5737.41015625;5256765
2024-09-26 11:12:00-04:00;5736.97998046875;5737.919921875;5736.18017578125;5736.31982421875;5736.31982421875;4594352
2024-09-26 11:13:00-04:00;5736.41015625;5736.64990234375;5733.97021484375;5734.06005859375;5734.06005859375;5372179
2024-09-26 11:14:00-04:00;5734.080078125;5735.72998046875;5734.080078125;5735.41015625;5735.41015625;5537453
2024-09-26 11:15:00-04:00;5735.490234375;5736.85009765625;5735.4501953125;5735.64013671875;5735.64013671875;5508083
2024-09-26 11:16:00-04:00;5735.759765625;5737.56005859375;5735.759765625;5737.10009765625;5737.10009765625;4823985
2024-09-26 11:17:00-04:00;5737.22021484375;5737.8798828125;5736.43994140625;5737.27978515625;5737.27978515625;4304715
2024-09-26 11:18:00-04:00;5737.1298828125;5737.18017578125;5735.16015625;5735.759765625;5735.759765625;4811748
2024-09-26 11:19:00-04:00;5735.6201171875;5735.8798828125;5734.02001953125;5734.14013671875;5734.14013671875;5797648
2024-09-26 11:20:00-04:00;5733.43994140625;5735.7998046875;5731.669921875;5735.58984375;5735.58984375;6111051
2024-09-26 11:21:00-04:00;5735.56982421875;5735.56982421875;5734.77978515625;5735.169921875;5735.169921875;4501987
2024-09-26 11:22:00-04:00;5735.14990234375;5736.22998046875;5734.91015625;5735.0498046875;5735.0498046875;4678644
2024-09-26 11:23:00-04:00;5735.009765625;5735.10009765625;5734.0;5734.580078125;5734.580078125;4575935
2024-09-26 11:24:00-04:00;5734.490234375;5735.0498046875;5733.81982421875;5734.35009765625;5734.35009765625;4938242
2024-09-26 11:25:00-04:00;5734.35986328125;5734.52978515625;5732.56982421875;5732.89013671875;5732.89013671875;5221626
2024-09-26 11:26:00-04:00;5732.83984375;5733.81005859375;5732.68017578125;5733.4599609375;5733.4599609375;4691923
2024-09-26 11:27:00-04:00;5733.490234375;5733.490234375;5731.89990234375;5733.16015625;5733.16015625;4809043
2024-09-26 11:28:00-04:00;5733.16015625;5733.16015625;5731.6298828125;5732.68994140625;5732.68994140625;4124073
2024-09-26 11:29:00-04:00;5732.68994140625;5736.22021484375;5732.68994140625;5736.10986328125;5736.10986328125;5359177
2024-09-26 11:30:00-04:00;5735.89013671875;5735.89013671875;5732.259765625;5732.8798828125;5732.8798828125;4996741
2024-09-26 11:31:00-04:00;5732.919921875;5733.56982421875;5732.56005859375;5732.58984375;5732.58984375;3563951
2024-09-26 11:32:00-04:00;5732.60986328125;5735.39990234375;5732.52978515625;5735.39013671875;5735.39013671875;4566564
2024-09-26 11:33:00-04:00;5735.41015625;5735.47998046875;5732.4599609375;5732.89013671875;5732.89013671875;4232150
2024-09-26 11:34:00-04:00;5732.9501953125;5733.31982421875;5732.47021484375;5732.56982421875;5732.56982421875;4295055
2024-09-26 11:35:00-04:00;5732.6201171875;5734.2099609375;5732.6201171875;5734.1298828125;5734.1298828125;4370956
2024-09-26 11:36:00-04:00;5734.080078125;5734.080078125;5732.64013671875;5733.080078125;5733.080078125;3987884
2024-09-26 11:37:00-04:00;5733.0498046875;5733.8701171875;5732.68994140625;5733.8701171875;5733.8701171875;3832577
2024-09-26 11:38:00-04:00;5733.91015625;5736.06005859375;5733.91015625;5736.0400390625;5736.0400390625;4724392
2024-09-26 11:39:00-04:00;5735.81982421875;5737.27978515625;5735.68994140625;5737.27978515625;5737.27978515625;4265585
2024-09-26 11:40:00-04:00;5737.14013671875;5738.39990234375;5737.06005859375;5737.5;5737.5;5200250
2024-09-26 11:41:00-04:00;5737.419921875;5738.509765625;5737.419921875;5737.5498046875;5737.5498046875;4160675
2024-09-26 11:42:00-04:00;5737.2001953125;5737.85009765625;5736.759765625;5737.35009765625;5737.35009765625;4517047
2024-09-26 11:43:00-04:00;5737.39013671875;5738.39013671875;5737.31982421875;5737.89013671875;5737.89013671875;4127420
2024-09-26 11:44:00-04:00;5737.8798828125;5739.4501953125;5737.8798828125;5739.33984375;5739.33984375;4152040
2024-09-26 11:45:00-04:00;5739.35986328125;5742.0400390625;5739.08984375;5742.02001953125;5742.02001953125;4844869
2024-09-26 11:46:00-04:00;5741.9501953125;5741.9501953125;5739.43994140625;5739.669921875;5739.669921875;3911589
2024-09-26 11:47:00-04:00;5739.669921875;5740.35986328125;5739.0400390625;5740.240234375;5740.240234375;3940037
2024-09-26 11:48:00-04:00;5740.22998046875;5740.64990234375;5739.580078125;5739.85986328125;5739.85986328125;3626463
2024-09-26 11:49:00-04:00;5739.8701171875;5739.89990234375;5738.56982421875;5738.83984375;5738.83984375;3804555
2024-09-26 11:50:00-04:00;5738.77001953125;5739.60986328125;5738.7001953125;5738.81982421875;5738.81982421875;3676764
2024-09-26 11:51:00-04:00;5738.89990234375;5740.7099609375;5738.75;5740.43017578125;5740.43017578125;5621353
2024-09-26 11:52:00-04:00;5740.5400390625;5740.7099609375;5739.35986328125;5739.75;5739.75;3572857
2024-09-26 11:53:00-04:00;5739.77978515625;5742.1298828125;5739.77978515625;5741.8798828125;5741.8798828125;3601684
2024-09-26 11:54:00-04:00;5741.7900390625;5743.509765625;5741.7900390625;5743.3798828125;5743.3798828125;3786629
2024-09-26 11:55:00-04:00;5743.3798828125;5744.41015625;5742.990234375;5744.35986328125;5744.35986328125;4024227
2024-09-26 11:56:00-04:00;5744.490234375;5746.3701171875;5744.06982421875;5746.31005859375;5746.31005859375;4179329
2024-09-26 11:57:00-04:00;5746.2900390625;5746.93017578125;5746.08984375;5746.4501953125;5746.4501953125;4240000
2024-09-26 11:58:00-04:00;5746.52001953125;5747.759765625;5746.27001953125;5747.66015625;5747.66015625;4033989
2024-09-26 11:59:00-04:00;5747.66015625;5747.85009765625;5746.52001953125;5746.93017578125;5746.93017578125;3727623
2024-09-26 12:00:00-04:00;5746.89990234375;5746.89990234375;5744.4501953125;5744.4501953125;5744.4501953125;4490016
2024-09-26 12:01:00-04:00;5744.0;5744.919921875;5743.169921875;5743.169921875;5743.169921875;3798886
2024-09-26 12:02:00-04:00;5743.2099609375;5743.3798828125;5741.68994140625;5741.7001953125;5741.7001953125;4060046
2024-09-26 12:03:00-04:00;5741.75;5742.16015625;5740.85009765625;5741.16015625;5741.16015625;3780089
2024-09-26 12:04:00-04:00;5741.31005859375;5741.31005859375;5738.27978515625;5738.740234375;5738.740234375;4823654
2024-09-26 12:05:00-04:00;5738.68994140625;5739.93994140625;5737.60009765625;5739.7998046875;5739.7998046875;5756698
2024-09-26 12:06:00-04:00;5739.72021484375;5739.72021484375;5738.93017578125;5739.27001953125;5739.27001953125;2675286
2024-09-26 12:07:00-04:00;5739.2998046875;5741.64013671875;5739.08984375;5741.31982421875;5741.31982421875;3743426
2024-09-26 12:08:00-04:00;5741.22998046875;5741.52001953125;5740.009765625;5740.93994140625;5740.93994140625;3796926
2024-09-26 12:09:00-04:00;5740.85009765625;5741.27978515625;5739.68994140625;5739.77001953125;5739.77001953125;4096834
2024-09-26 12:10:00-04:00;5739.669921875;5741.0;5739.60986328125;5740.259765625;5740.259765625;3579168
2024-09-26 12:11:00-04:00;5740.27001953125;5740.31982421875;5738.93994140625;5738.97998046875;5738.97998046875;3668140
2024-09-26 12:12:00-04:00;5739.2099609375;5739.52001953125;5738.669921875;5738.93994140625;5738.93994140625;3533128
2024-09-26 12:13:00-04:00;5738.93994140625;5739.06982421875;5737.4599609375;5737.89013671875;5737.89013671875;4081514
2024-09-26 12:14:00-04:00;5737.740234375;5738.10986328125;5736.3798828125;5737.47021484375;5737.47021484375;4113526
2024-09-26 12:15:00-04:00;5737.56005859375;5739.06005859375;5737.4599609375;5738.58984375;5738.58984375;4425987
2024-09-26 12:16:00-04:00;5738.47998046875;5738.56982421875;5737.1201171875;5738.2001953125;5738.2001953125;3683717
2024-09-26 12:17:00-04:00;5738.25;5738.25;5737.31982421875;5737.60009765625;5737.60009765625;3434062
2024-09-26 12:18:00-04:00;5737.56982421875;5737.7900390625;5737.22998046875;5737.4501953125;5737.4501953125;2859531
2024-09-26 12:19:00-04:00;5737.47998046875;5737.81005859375;5736.81005859375;5737.02001953125;5737.02001953125;3486257
2024-09-26 12:20:00-04:00;5737.06982421875;5737.64013671875;5736.7099609375;5737.169921875;5737.169921875;4985401
2024-09-26 12:21:00-04:00;5737.27978515625;5737.990234375;5735.60986328125;5736.330078125;5736.330078125;4972006
2024-09-26 12:22:00-04:00;5736.25;5736.64013671875;5735.7099609375;5736.0498046875;5736.0498046875;4633944
2024-09-26 12:23:00-04:00;5736.06982421875;5736.169921875;5734.169921875;5734.169921875;5734.169921875;4386523
2024-09-26 12:24:00-04:00;5733.75;5736.0400390625;5733.75;5735.52001953125;5735.52001953125;3851562
2024-09-26 12:25:00-04:00;5735.5400390625;5737.6201171875;5735.52978515625;5737.52978515625;5737.52978515625;3968875
2024-09-26 12:26:00-04:00;5737.5;5738.580078125;5736.56005859375;5736.8701171875;5736.8701171875;3738670
2024-09-26 12:27:00-04:00;5736.81005859375;5738.169921875;5736.81005859375;5737.10009765625;5737.10009765625;3424436
2024-09-26 12:28:00-04:00;5737.10009765625;5737.10009765625;5735.5;5735.5;5735.5;2882062
2024-09-26 12:29:00-04:00;5735.43994140625;5735.64990234375;5734.02978515625;5734.35009765625;5734.35009765625;3650354
2024-09-26 12:30:00-04:00;5734.35009765625;5734.35009765625;5733.3798828125;5733.3798828125;5733.3798828125;3540218
2024-09-26 12:31:00-04:00;5733.35986328125;5733.85986328125;5732.509765625;5733.22021484375;5733.22021484375;3581715
2024-09-26 12:32:00-04:00;5733.27001953125;5734.8798828125;5733.25;5734.669921875;5734.669921875;3461534
2024-09-26 12:33:00-04:00;5734.64013671875;5734.93994140625;5733.7900390625;5733.85986328125;5733.85986328125;2892855
2024-09-26 12:34:00-04:00;5733.85986328125;5734.2998046875;5732.2900390625;5732.39013671875;5732.39013671875;2796272
2024-09-26 12:35:00-04:00;5732.43994140625;5733.9501953125;5732.2099609375;5733.5;5733.5;3233574
2024-09-26 12:36:00-04:00;5733.4599609375;5734.0;5733.41015625;5733.56005859375;5733.56005859375;2539118
2024-09-26 12:37:00-04:00;5733.47998046875;5734.14013671875;5733.08984375;5734.10986328125;5734.10986328125;3074344
2024-09-26 12:38:00-04:00;5734.1298828125;5734.41015625;5733.740234375;5734.10986328125;5734.10986328125;2858827
2024-09-26 12:39:00-04:00;5734.18017578125;5735.39990234375;5734.18017578125;5735.31005859375;5735.31005859375;2728871
2024-09-26 12:40:00-04:00;5735.22998046875;5735.22998046875;5732.3701171875;5732.4599609375;5732.4599609375;3450201
2024-09-26 12:41:00-04:00;5732.580078125;5732.990234375;5730.9501953125;5732.7900390625;5732.7900390625;4071059
2024-09-26 12:42:00-04:00;5732.830078125;5734.5;5732.830078125;5734.14990234375;5734.14990234375;3378516
2024-09-26 12:43:00-04:00;5734.14013671875;5734.14013671875;5733.0498046875;5733.3701171875;5733.3701171875;2945561
2024-09-26 12:44:00-04:00;5733.2900390625;5735.0498046875;5733.27978515625;5734.9501953125;5734.9501953125;3074402
2024-09-26 12:45:00-04:00;5735.0400390625;5735.81005859375;5734.77001953125;5735.43017578125;5735.43017578125;2763602
2024-09-26 12:46:00-04:00;5735.39013671875;5736.0400390625;5734.330078125;5734.56005859375;5734.56005859375;3357197
2024-09-26 12:47:00-04:00;5734.60986328125;5734.7998046875;5734.35009765625;5734.5400390625;5734.5400390625;2211001
2024-09-26 12:48:00-04:00;5734.580078125;5735.1298828125;5734.47021484375;5734.91015625;5734.91015625;2599993
2024-09-26 12:49:00-04:00;5734.919921875;5735.009765625;5733.3701171875;5733.41015625;5733.41015625;2926916
2024-09-26 12:50:00-04:00;5733.330078125;5733.7099609375;5732.669921875;5733.669921875;5733.669921875;2656496
2024-09-26 12:51:00-04:00;5733.56005859375;5734.52978515625;5733.52001953125;5734.16015625;5734.16015625;2252819
2024-09-26 12:52:00-04:00;5734.14990234375;5734.81982421875;5733.330078125;5733.740234375;5733.740234375;2475278
2024-09-26 12:53:00-04:00;5733.77978515625;5733.77978515625;5732.14013671875;5733.08984375;5733.08984375;3263045
2024-09-26 12:54:00-04:00;5733.18994140625;5733.240234375;5732.52001953125;5732.85986328125;5732.85986328125;2824875
2024-09-26 12:55:00-04:00;5732.77978515625;5733.2001953125;5732.14013671875;5732.72998046875;5732.72998046875;2852417
2024-09-26 12:56:00-04:00;5732.6298828125;5733.080078125;5732.41015625;5732.41015625;5732.41015625;2532759
2024-09-26 12:57:00-04:00;5732.2998046875;5732.7099609375;5731.18994140625;5731.5498046875;5731.5498046875;3020052
2024-09-26 12:58:00-04:00;5731.56005859375;5732.4599609375;5731.2001953125;5732.16015625;5732.16015625;3254256
2024-09-26 12:59:00-04:00;5732.27001953125;5732.81005859375;5731.89990234375;5732.56005859375;5732.56005859375;2960399
2024-09-26 13:00:00-04:00;5732.5498046875;5732.5498046875;5731.33984375;5732.2001953125;5732.2001953125;3197661
2024-09-26 13:01:00-04:00;5732.10986328125;5733.06005859375;5731.43017578125;5732.009765625;5732.009765625;3828455
2024-09-26 13:02:00-04:00;5732.009765625;5733.7998046875;5731.97998046875;5733.72021484375;5733.72021484375;4153274
2024-09-26 13:03:00-04:00;5733.75;5733.8701171875;5732.81982421875;5732.81982421875;5732.81982421875;2807788
2024-09-26 13:04:00-04:00;5732.77978515625;5735.35986328125;5732.77978515625;5735.31005859375;5735.31005859375;3639892
2024-09-26 13:05:00-04:00;5735.18017578125;5735.93994140625;5734.56005859375;5734.66015625;5734.66015625;3208763
2024-09-26 13:06:00-04:00;5734.7099609375;5735.22021484375;5732.47021484375;5733.10986328125;5733.10986328125;3932509
2024-09-26 13:07:00-04:00;5733.06005859375;5733.4599609375;5732.509765625;5732.8798828125;5732.8798828125;3061584
2024-09-26 13:08:00-04:00;5732.89990234375;5734.27001953125;5732.89990234375;5733.6201171875;5733.6201171875;2796714
2024-09-26 13:09:00-04:00;5733.72021484375;5733.72021484375;5731.06005859375;5731.669921875;5731.669921875;4094196
2024-09-26 13:10:00-04:00;5731.64990234375;5733.06982421875;5731.52978515625;5732.56982421875;5732.56982421875;3514998
2024-09-26 13:11:00-04:00;5732.56005859375;5733.2001953125;5732.06005859375;5733.1298828125;5733.1298828125;2813759
2024-09-26 13:12:00-04:00;5733.169921875;5734.1201171875;5731.39990234375;5731.39990234375;5731.39990234375;3496291
2024-09-26 13:13:00-04:00;5731.39990234375;5731.8798828125;5730.4501953125;5730.9501953125;5730.9501953125;3668756
2024-09-26 13:14:00-04:00;5731.10009765625;5731.43994140625;5730.81005859375;5730.990234375;5730.990234375;2750326
2024-09-26 13:15:00-04:00;5731.06005859375;5731.06005859375;5729.22021484375;5729.22021484375;5729.22021484375;3328844
2024-09-26 13:16:00-04:00;5729.27001953125;5729.64990234375;5726.7001953125;5727.740234375;5727.740234375;4286945
2024-09-26 13:17:00-04:00;5727.7099609375;5729.89013671875;5727.52001953125;5729.68994140625;5729.68994140625;3506534
2024-09-26 13:18:00-04:00;5729.83984375;5730.60009765625;5727.7998046875;5727.830078125;5727.830078125;3155779
2024-09-26 13:19:00-04:00;5727.56982421875;5727.85009765625;5721.009765625;5722.97021484375;5722.97021484375;7607757
2024-09-26 13:20:00-04:00;5722.919921875;5725.27978515625;5722.75;5725.27978515625;5725.27978515625;5283895
2024-09-26 13:21:00-04:00;5725.2900390625;5725.56005859375;5724.85986328125;5725.27978515625;5725.27978515625;4406366
2024-09-26 13:22:00-04:00;5725.25;5727.60009765625;5725.22021484375;5727.33984375;5727.33984375;3358047
2024-09-26 13:23:00-04:00;5727.35009765625;5727.35009765625;5725.91015625;5726.1298828125;5726.1298828125;2890945
2024-09-26 13:24:00-04:00;5726.14013671875;5726.39013671875;5725.39013671875;5725.39990234375;5725.39990234375;2690524
2024-09-26 13:25:00-04:00;5725.4501953125;5726.5;5725.08984375;5725.52001953125;5725.52001953125;3212959
2024-09-26 13:26:00-04:00;5725.58984375;5726.18994140625;5725.58984375;5726.0498046875;5726.0498046875;3018160
2024-09-26 13:27:00-04:00;5726.0400390625;5728.64990234375;5726.0400390625;5728.5;5728.5;3537062
2024-09-26 13:28:00-04:00;5728.4599609375;5729.81005859375;5728.4599609375;5729.60986328125;5729.60986328125;3817103
2024-09-26 13:29:00-04:00;5729.669921875;5732.66015625;5729.64990234375;5732.64013671875;5732.64013671875;4312055
2024-09-26 13:30:00-04:00;5732.56982421875;5734.47021484375;5732.56982421875;5734.3701171875;5734.3701171875;4551648
2024-09-26 13:31:00-04:00;5734.33984375;5735.9501953125;5734.2001953125;5735.68017578125;5735.68017578125;3937697
2024-09-26 13:32:00-04:00;5735.7099609375;5736.68017578125;5734.85009765625;5734.990234375;5734.990234375;3503457
2024-09-26 13:33:00-04:00;5734.85986328125;5734.85986328125;5733.72998046875;5734.4501953125;5734.4501953125;3841885
2024-09-26 13:34:00-04:00;5734.330078125;5734.60009765625;5733.8798828125;5734.4599609375;5734.4599609375;3074331
2024-09-26 13:35:00-04:00;5734.43994140625;5734.66015625;5733.58984375;5734.39013671875;5734.39013671875;3727370
2024-09-26 13:36:00-04:00;5734.41015625;5735.22021484375;5734.35986328125;5734.75;5734.75;3188391
2024-09-26 13:37:00-04:00;5734.72021484375;5735.5498046875;5734.490234375;5735.14013671875;5735.14013671875;3494132
2024-09-26 13:38:00-04:00;5735.14013671875;5735.35009765625;5734.27978515625;5734.8701171875;5734.8701171875;3233529
2024-09-26 13:39:00-04:00;5734.7900390625;5735.3701171875;5734.72021484375;5735.10009765625;5735.10009765625;3283513
2024-09-26 13:40:00-04:00;5735.10986328125;5735.8701171875;5735.10986328125;5735.58984375;5735.58984375;2851195
2024-09-26 13:41:00-04:00;5735.509765625;5736.0498046875;5735.39990234375;5736.0498046875;5736.0498046875;3050448
2024-09-26 13:42:00-04:00;5736.02978515625;5737.08984375;5735.41015625;5736.93017578125;5736.93017578125;4122365
2024-09-26 13:43:00-04:00;5736.919921875;5737.02001953125;5736.35986328125;5736.6201171875;5736.6201171875;3402066
2024-09-26 13:44:00-04:00;5736.6201171875;5737.6298828125;5736.6201171875;5737.259765625;5737.259765625;3712834
2024-09-26 13:45:00-04:00;5737.2099609375;5738.31982421875;5737.2099609375;5737.66015625;5737.66015625;3359070
2024-09-26 13:46:00-04:00;5737.5;5737.580078125;5736.77978515625;5737.52978515625;5737.52978515625;7799142
2024-09-26 13:47:00-04:00;5737.4599609375;5738.330078125;5737.009765625;5737.2099609375;5737.2099609375;3110653
2024-09-26 13:48:00-04:00;5737.259765625;5737.89013671875;5736.89990234375;5737.60986328125;5737.60986328125;2944718
2024-09-26 13:49:00-04:00;5737.58984375;5738.18017578125;5737.39990234375;5738.18017578125;5738.18017578125;2724306
2024-09-26 13:50:00-04:00;5738.2099609375;5738.43017578125;5737.43994140625;5737.47021484375;5737.47021484375;3412499
2024-09-26 13:51:00-04:00;5737.580078125;5737.81005859375;5736.91015625;5736.93994140625;5736.93994140625;3257021
2024-09-26 13:52:00-04:00;5736.85009765625;5737.240234375;5736.72021484375;5737.08984375;5737.08984375;2718498
2024-09-26 13:53:00-04:00;5737.080078125;5737.14990234375;5736.3701171875;5736.91015625;5736.91015625;2864182
2024-09-26 13:54:00-04:00;5736.91015625;5738.18994140625;5736.7099609375;5738.10986328125;5738.10986328125;4026024
2024-09-26 13:55:00-04:00;5738.080078125;5739.169921875;5738.080078125;5738.93017578125;5738.93017578125;3631476
2024-09-26 13:56:00-04:00;5738.8701171875;5739.14990234375;5737.9501953125;5738.2099609375;5738.2099609375;3286796
2024-09-26 13:57:00-04:00;5738.259765625;5738.2998046875;5736.77001953125;5737.0400390625;5737.0400390625;3146281
2024-09-26 13:58:00-04:00;5737.02001953125;5737.85009765625;5736.97998046875;5737.43017578125;5737.43017578125;3237151
2024-09-26 13:59:00-04:00;5737.43994140625;5737.77001953125;5736.91015625;5737.080078125;5737.080078125;2849551
2024-09-26 14:00:00-04:00;5737.1298828125;5738.47021484375;5737.1298828125;5738.47021484375;5738.47021484375;3060193
2024-09-26 14:01:00-04:00;5738.5498046875;5739.31982421875;5738.5;5738.52001953125;5738.52001953125;3284260
2024-09-26 14:02:00-04:00;5738.5;5738.5400390625;5737.509765625;5737.64990234375;5737.64990234375;3481413
2024-09-26 14:03:00-04:00;5737.64990234375;5738.39013671875;5737.6201171875;5738.22998046875;5738.22998046875;2845410
2024-09-26 14:04:00-04:00;5738.25;5738.81982421875;5738.08984375;5738.669921875;5738.669921875;3179934
2024-09-26 14:05:00-04:00;5738.580078125;5738.93994140625;5738.1201171875;5738.52978515625;5738.52978515625;3025764
2024-09-26 14:06:00-04:00;5738.52978515625;5739.72021484375;5738.52978515625;5738.66015625;5738.66015625;4224073
2024-09-26 14:07:00-04:00;5738.64013671875;5739.33984375;5738.080078125;5739.1298828125;5739.1298828125;2843904
2024-09-26 14:08:00-04:00;5739.080078125;5739.2998046875;5738.77001953125;5738.97021484375;5738.97021484375;3356435
2024-09-26 14:09:00-04:00;5738.89013671875;5739.97021484375;5738.89013671875;5739.77978515625;5739.77978515625;2522729
2024-09-26 14:10:00-04:00;5739.740234375;5739.8701171875;5739.14013671875;5739.5400390625;5739.5400390625;3271497
2024-09-26 14:11:00-04:00;5739.52978515625;5741.2099609375;5739.2900390625;5741.2099609375;5741.2099609375;3557710
2024-09-26 14:12:00-04:00;5741.27978515625;5744.7998046875;5741.22998046875;5744.35986328125;5744.35986328125;4976712
2024-09-26 14:13:00-04:00;5744.22021484375;5744.22021484375;5742.509765625;5743.18017578125;5743.18017578125;3337165
2024-09-26 14:14:00-04:00;5743.1201171875;5744.64013671875;5743.1201171875;5744.4599609375;5744.4599609375;3370435
2024-09-26 14:15:00-04:00;5744.4599609375;5746.830078125;5744.4599609375;5746.35009765625;5746.35009765625;4525329
2024-09-26 14:16:00-04:00;5746.3798828125;5748.89013671875;5746.3798828125;5748.25;5748.25;5041146
2024-09-26 14:17:00-04:00;5748.25;5748.56005859375;5748.08984375;5748.2001953125;5748.2001953125;3077426
2024-09-26 14:18:00-04:00;5748.31005859375;5748.33984375;5745.35009765625;5745.5;5745.5;3175308
2024-09-26 14:19:00-04:00;5745.5;5745.52001953125;5744.990234375;5745.27978515625;5745.27978515625;3243484
2024-09-26 14:20:00-04:00;5745.35986328125;5746.2001953125;5744.7001953125;5746.16015625;5746.16015625;3383915
2024-09-26 14:21:00-04:00;5746.10986328125;5746.490234375;5746.009765625;5746.08984375;5746.08984375;3465831
2024-09-26 14:22:00-04:00;5746.06982421875;5746.7001953125;5745.8798828125;5746.6201171875;5746.6201171875;2846732
2024-09-26 14:23:00-04:00;5746.669921875;5746.669921875;5745.3798828125;5745.5498046875;5745.5498046875;2854613
2024-09-26 14:24:00-04:00;5745.52978515625;5746.490234375;5745.2998046875;5746.39990234375;5746.39990234375;3051482
2024-09-26 14:25:00-04:00;5746.43017578125;5746.47998046875;5745.47998046875;5745.93017578125;5745.93017578125;3172686
2024-09-26 14:26:00-04:00;5745.9599609375;5745.9599609375;5745.31982421875;5745.3701171875;5745.3701171875;3037579
2024-09-26 14:27:00-04:00;5745.39990234375;5745.93994140625;5745.16015625;5745.56982421875;5745.56982421875;3910888
2024-09-26 14:28:00-04:00;5745.56982421875;5746.39990234375;5745.5498046875;5746.27978515625;5746.27978515625;2942782
2024-09-26 14:29:00-04:00;5746.2900390625;5746.6298828125;5746.2900390625;5746.52001953125;5746.52001953125;3390324
2024-09-26 14:30:00-04:00;5746.39013671875;5746.39013671875;5745.33984375;5745.419921875;5745.419921875;3905840
2024-09-26 14:31:00-04:00;5745.41015625;5745.759765625;5743.89990234375;5743.89990234375;5743.89990234375;3316818
2024-09-26 14:32:00-04:00;5744.0;5744.18994140625;5743.3701171875;5743.5400390625;5743.5400390625;3623306
2024-09-26 14:33:00-04:00;5743.56005859375;5744.7900390625;5743.4501953125;5744.0;5744.0;3865011
2024-09-26 14:34:00-04:00;5743.97021484375;5744.33984375;5743.2900390625;5743.72998046875;5743.72998046875;3390293
2024-09-26 14:35:00-04:00;5743.77978515625;5744.1298828125;5742.56005859375;5742.91015625;5742.91015625;3296832
2024-09-26 14:36:00-04:00;5742.89990234375;5743.91015625;5742.14990234375;5743.830078125;5743.830078125;3744952
2024-09-26 14:37:00-04:00;5743.759765625;5744.22998046875;5743.7099609375;5743.81005859375;5743.81005859375;3378049
2024-09-26 14:38:00-04:00;5743.830078125;5744.9599609375;5743.830078125;5744.14990234375;5744.14990234375;3175233
2024-09-26 14:39:00-04:00;5744.1201171875;5745.14013671875;5744.1201171875;5744.89990234375;5744.89990234375;3088268
2024-09-26 14:40:00-04:00;5744.89990234375;5744.89990234375;5743.64013671875;5744.1298828125;5744.1298828125;2911257
2024-09-26 14:41:00-04:00;5744.14990234375;5744.7900390625;5743.93994140625;5744.5;5744.5;3555446
2024-09-26 14:42:00-04:00;5744.509765625;5744.5498046875;5743.3798828125;5743.39990234375;5743.39990234375;3083761
2024-09-26 14:43:00-04:00;5743.35986328125;5743.56005859375;5743.02978515625;5743.3701171875;5743.3701171875;2889321
2024-09-26 14:44:00-04:00;5743.3701171875;5743.41015625;5742.1298828125;5742.33984375;5742.33984375;3243405
2024-09-26 14:45:00-04:00;5742.330078125;5742.330078125;5741.64990234375;5742.2900390625;5742.2900390625;3857341
2024-09-26 14:46:00-04:00;5742.2900390625;5742.66015625;5741.919921875;5742.64990234375;5742.64990234375;2778800
2024-09-26 14:47:00-04:00;5742.64013671875;5742.68994140625;5741.85009765625;5742.0400390625;5742.0400390625;2955413
2024-09-26 14:48:00-04:00;5742.0498046875;5742.89990234375;5742.0498046875;5742.47021484375;5742.47021484375;3598038
2024-09-26 14:49:00-04:00;5742.41015625;5742.41015625;5741.60986328125;5742.0;5742.0;3073449
2024-09-26 14:50:00-04:00;5741.97998046875;5743.06005859375;5741.9599609375;5742.81005859375;5742.81005859375;3438633
2024-09-26 14:51:00-04:00;5742.759765625;5743.52001953125;5742.7001953125;5743.43994140625;5743.43994140625;4184713
2024-09-26 14:52:00-04:00;5743.43017578125;5743.64013671875;5742.740234375;5743.5498046875;5743.5498046875;3145431
2024-09-26 14:53:00-04:00;5743.509765625;5744.10986328125;5743.509765625;5743.85009765625;5743.85009765625;3502208
2024-09-26 14:54:00-04:00;5743.8798828125;5744.64990234375;5743.580078125;5744.5400390625;5744.5400390625;3243143
2024-09-26 14:55:00-04:00;5744.4501953125;5745.2998046875;5744.22021484375;5744.7900390625;5744.7900390625;3690397
2024-09-26 14:56:00-04:00;5744.7900390625;5745.18994140625;5744.68017578125;5744.9599609375;5744.9599609375;3930268
2024-09-26 14:57:00-04:00;5745.0;5745.39990234375;5744.9501953125;5745.31005859375;5745.31005859375;3220620
2024-09-26 14:58:00-04:00;5745.35986328125;5746.2998046875;5745.35986328125;5745.97021484375;5745.97021484375;4168132
2024-09-26 14:59:00-04:00;5745.93994140625;5745.93994140625;5744.2099609375;5744.419921875;5744.419921875;4180273
2024-09-26 15:00:00-04:00;5744.43994140625;5744.43994140625;5743.18994140625;5743.7099609375;5743.7099609375;4543708
2024-09-26 15:01:00-04:00;5743.75;5743.9599609375;5742.7900390625;5742.7900390625;5742.7900390625;3891429
2024-09-26 15:02:00-04:00;5742.7998046875;5743.3798828125;5742.31005859375;5742.33984375;5742.33984375;3501806
2024-09-26 15:03:00-04:00;5742.27978515625;5744.18017578125;5742.27978515625;5743.759765625;5743.759765625;4174802
2024-09-26 15:04:00-04:00;5743.740234375;5744.669921875;5743.56982421875;5743.64013671875;5743.64013671875;3328700
2024-09-26 15:05:00-04:00;5743.58984375;5743.85986328125;5743.02001953125;5743.6201171875;5743.6201171875;4267119
2024-09-26 15:06:00-04:00;5743.64013671875;5743.68994140625;5742.7998046875;5742.97998046875;5742.97998046875;3591011
2024-09-26 15:07:00-04:00;5743.08984375;5743.7099609375;5742.8798828125;5743.52001953125;5743.52001953125;3413448
2024-09-26 15:08:00-04:00;5743.47021484375;5744.580078125;5743.47021484375;5743.919921875;5743.919921875;3981767
2024-09-26 15:09:00-04:00;5743.89990234375;5744.1298828125;5743.2099609375;5743.3701171875;5743.3701171875;3708356
2024-09-26 15:10:00-04:00;5743.39013671875;5744.0400390625;5743.39013671875;5743.6201171875;5743.6201171875;4675031
2024-09-26 15:11:00-04:00;5743.669921875;5744.8701171875;5743.5;5744.8701171875;5744.8701171875;4803226
2024-09-26 15:12:00-04:00;5744.8701171875;5744.97998046875;5744.1201171875;5744.1298828125;5744.1298828125;4565364
2024-09-26 15:13:00-04:00;5744.18994140625;5746.5498046875;5744.18994140625;5746.27978515625;5746.27978515625;5556980
2024-09-26 15:14:00-04:00;5746.14013671875;5746.68994140625;5745.81005859375;5745.8798828125;5745.8798828125;3662957
2024-09-26 15:15:00-04:00;5745.85009765625;5745.85009765625;5744.47998046875;5745.14990234375;5745.14990234375;3922950
2024-09-26 15:16:00-04:00;5745.02978515625;5745.5498046875;5744.740234375;5745.27978515625;5745.27978515625;3610186
2024-09-26 15:17:00-04:00;5745.22998046875;5745.3798828125;5744.68017578125;5744.68017578125;5744.68017578125;4282477
2024-09-26 15:18:00-04:00;5744.83984375;5745.259765625;5743.93017578125;5745.0498046875;5745.0498046875;4579153
2024-09-26 15:19:00-04:00;5745.06005859375;5745.7099609375;5745.02978515625;5745.330078125;5745.330078125;4304698
2024-09-26 15:20:00-04:00;5745.490234375;5746.14990234375;5745.47021484375;5745.83984375;5745.83984375;4387995
2024-09-26 15:21:00-04:00;5745.8798828125;5746.02978515625;5745.18994140625;5745.25;5745.25;4221737
2024-09-26 15:22:00-04:00;5745.240234375;5745.4599609375;5744.93994140625;5745.02978515625;5745.02978515625;4710055
2024-09-26 15:23:00-04:00;5745.02978515625;5745.10009765625;5744.2998046875;5745.02978515625;5745.02978515625;4808216
2024-09-26 15:24:00-04:00;5745.0498046875;5745.56982421875;5744.81005859375;5745.10986328125;5745.10986328125;5521599
2024-09-26 15:25:00-04:00;5745.1201171875;5745.64990234375;5744.6201171875;5744.68017578125;5744.68017578125;5001425
2024-09-26 15:26:00-04:00;5744.64013671875;5745.0400390625;5743.7001953125;5743.72998046875;5743.72998046875;4677429
2024-09-26 15:27:00-04:00;5743.68017578125;5744.64990234375;5743.68017578125;5743.93017578125;5743.93017578125;5417706
2024-09-26 15:28:00-04:00;5743.91015625;5744.18017578125;5741.5;5741.919921875;5741.919921875;5849766
2024-09-26 15:29:00-04:00;5742.02978515625;5743.22021484375;5741.5498046875;5743.22021484375;5743.22021484375;5938163
2024-09-26 15:30:00-04:00;5743.16015625;5743.43994140625;5742.2001953125;5742.22021484375;5742.22021484375;6078363
2024-09-26 15:31:00-04:00;5742.14990234375;5742.56005859375;5741.27978515625;5741.72021484375;5741.72021484375;6721940
2024-09-26 15:32:00-04:00;5741.7099609375;5742.2001953125;5740.7099609375;5742.18017578125;5742.18017578125;5929810
2024-09-26 15:33:00-04:00;5742.18994140625;5743.39990234375;5742.14990234375;5742.9501953125;5742.9501953125;5376137
2024-09-26 15:34:00-04:00;5742.89013671875;5742.9599609375;5741.97998046875;5742.60986328125;5742.60986328125;5494092
2024-09-26 15:35:00-04:00;5742.509765625;5742.85986328125;5740.919921875;5741.759765625;5741.759765625;6841589
2024-09-26 15:36:00-04:00;5741.81982421875;5742.2001953125;5741.43017578125;5742.18017578125;5742.18017578125;5187749
2024-09-26 15:37:00-04:00;5742.14013671875;5742.93994140625;5742.009765625;5742.3798828125;5742.3798828125;6071573
2024-09-26 15:38:00-04:00;5742.3701171875;5742.4501953125;5741.8701171875;5741.93017578125;5741.93017578125;5388933
2024-09-26 15:39:00-04:00;5742.02978515625;5742.330078125;5741.66015625;5742.2998046875;5742.2998046875;6078172
2024-09-26 15:40:00-04:00;5742.33984375;5743.22021484375;5742.0498046875;5742.31005859375;5742.31005859375;6491600
2024-09-26 15:41:00-04:00;5742.27001953125;5743.25;5742.08984375;5742.990234375;5742.990234375;6457239
2024-09-26 15:42:00-04:00;5742.9501953125;5743.1298828125;5742.1298828125;5742.2001953125;5742.2001953125;6313752
2024-09-26 15:43:00-04:00;5742.18017578125;5742.85009765625;5742.18017578125;5742.43994140625;5742.43994140625;5771384
2024-09-26 15:44:00-04:00;5742.490234375;5742.91015625;5742.39013671875;5742.39013671875;5742.39013671875;5515406
2024-09-26 15:45:00-04:00;5742.52001953125;5743.14990234375;5742.1298828125;5742.93017578125;5742.93017578125;7170540
2024-09-26 15:46:00-04:00;5742.8798828125;5743.22021484375;5742.39990234375;5742.8701171875;5742.8701171875;6778897
2024-09-26 15:47:00-04:00;5742.919921875;5743.419921875;5742.85986328125;5742.93017578125;5742.93017578125;7967474
2024-09-26 15:48:00-04:00;5742.89013671875;5743.60986328125;5742.41015625;5743.56982421875;5743.56982421875;7390616
2024-09-26 15:49:00-04:00;5743.4501953125;5744.60009765625;5743.4501953125;5744.490234375;5744.490234375;8476597
2024-09-26 15:50:00-04:00;5744.580078125;5744.7998046875;5743.25;5743.330078125;5743.330078125;14324807
2024-09-26 15:51:00-04:00;5743.25;5743.85009765625;5741.22998046875;5741.22998046875;5741.22998046875;12139851
2024-09-26 15:52:00-04:00;5741.2998046875;5742.4599609375;5741.2998046875;5741.35009765625;5741.35009765625;11606073
2024-09-26 15:53:00-04:00;5741.2998046875;5742.35009765625;5741.27978515625;5741.56005859375;5741.56005859375;12261835
2024-09-26 15:54:00-04:00;5741.5;5744.60986328125;5741.5;5743.85009765625;5743.85009765625;15148451
2024-09-26 15:55:00-04:00;5743.97998046875;5744.419921875;5742.2099609375;5744.259765625;5744.259765625;18021629
2024-09-26 15:56:00-04:00;5744.31982421875;5745.5400390625;5744.31982421875;5745.02978515625;5745.02978515625;17120514
2024-09-26 15:57:00-04:00;5745.009765625;5746.740234375;5745.009765625;5746.56982421875;5746.56982421875;16712588
2024-09-26 15:58:00-04:00;5746.509765625;5748.58984375;5746.509765625;5747.75;5747.75;15788704
2024-09-26 15:59:00-04:00;5747.72021484375;5749.02978515625;5744.52001953125;5744.52001953125;5744.52001953125;17359017
