Datetime;Open;High;Low;Close;Adj Close;Volume
2024-10-10 09:30:00-04:00;5778.35986328125;5778.35986328125;5773.81982421875;5774.56982421875;5774.56982421875;0
2024-10-10 09:31:00-04:00;5774.16015625;5777.41015625;5773.419921875;5777.10009765625;5777.10009765625;10913412
2024-10-10 09:32:00-04:00;5776.81005859375;5778.83984375;5775.759765625;5778.77978515625;5778.77978515625;9406742
2024-10-10 09:33:00-04:00;5778.7998046875;5778.83984375;5775.52001953125;5776.6298828125;5776.6298828125;9272682
2024-10-10 09:34:00-04:00;5776.72021484375;5777.81005859375;5776.43017578125;5777.259765625;5777.259765625;8696033
2024-10-10 09:35:00-04:00;5777.1201171875;5777.830078125;5775.669921875;5775.919921875;5775.919921875;9689410
2024-10-10 09:36:00-04:00;5775.759765625;5776.490234375;5774.1298828125;5774.169921875;5774.169921875;9701516
2024-10-10 09:37:00-04:00;5774.0;5775.169921875;5773.0;5773.60009765625;5773.60009765625;7700401
2024-10-10 09:38:00-04:00;5773.2001953125;5773.66015625;5770.330078125;5772.0498046875;5772.0498046875;6649644
2024-10-10 09:39:00-04:00;5772.18017578125;5774.18017578125;5771.2001953125;5773.41015625;5773.41015625;6094044
2024-10-10 09:40:00-04:00;5773.39013671875;5774.31005859375;5771.3798828125;5772.009765625;5772.009765625;6732164
2024-10-10 09:41:00-04:00;5772.2001953125;5774.35009765625;5771.81982421875;5773.97998046875;5773.97998046875;6899115
2024-10-10 09:42:00-04:00;5774.06005859375;5775.58984375;5773.91015625;5774.1201171875;5774.1201171875;6412523
2024-10-10 09:43:00-04:00;5774.08984375;5774.97998046875;5773.72021484375;5773.990234375;5773.990234375;5654291
2024-10-10 09:44:00-04:00;5773.990234375;5774.5498046875;5773.1298828125;5773.72998046875;5773.72998046875;6003709
2024-10-10 09:45:00-04:00;5773.72021484375;5774.81005859375;5772.3798828125;5774.81005859375;5774.81005859375;6876571
2024-10-10 09:46:00-04:00;5774.43017578125;5775.68017578125;5771.91015625;5772.47021484375;5772.47021484375;7462699
2024-10-10 09:47:00-04:00;5772.68994140625;5772.68994140625;5768.91015625;5769.06982421875;5769.06982421875;8591736
2024-10-10 09:48:00-04:00;5768.77978515625;5769.41015625;5766.330078125;5766.64013671875;5766.64013671875;8853400
2024-10-10 09:49:00-04:00;5766.490234375;5767.14013671875;5765.41015625;5766.5498046875;5766.5498046875;7551247
2024-10-10 09:50:00-04:00;5766.25;5770.02001953125;5765.7998046875;5769.6298828125;5769.6298828125;8871493
2024-10-10 09:51:00-04:00;5769.77978515625;5771.2099609375;5768.490234375;5769.22998046875;5769.22998046875;6757824
2024-10-10 09:52:00-04:00;5769.10009765625;5774.39990234375;5768.7001953125;5773.56982421875;5773.56982421875;7349997
2024-10-10 09:53:00-04:00;5773.919921875;5776.47998046875;5773.77001953125;5775.1298828125;5775.1298828125;7052168
2024-10-10 09:54:00-04:00;5775.14013671875;5776.4501953125;5774.14990234375;5774.8798828125;5774.8798828125;6263927
2024-10-10 09:55:00-04:00;5774.830078125;5779.64013671875;5773.8798828125;5779.27001953125;5779.27001953125;6392889
2024-10-10 09:56:00-04:00;5779.259765625;5781.10986328125;5778.1298828125;5780.990234375;5780.990234375;5803970
2024-10-10 09:57:00-04:00;5781.0;5782.31005859375;5779.64013671875;5779.759765625;5779.759765625;6298356
2024-10-10 09:58:00-04:00;5779.7998046875;5781.35986328125;5779.4599609375;5780.68994140625;5780.68994140625;6340438
2024-10-10 09:59:00-04:00;5780.580078125;5780.580078125;5774.2099609375;5774.2099609375;5774.2099609375;7450083
2024-10-10 10:00:00-04:00;5774.47021484375;5778.8798828125;5773.89013671875;5778.56982421875;5778.56982421875;7068846
2024-10-10 10:01:00-04:00;5778.56005859375;5779.6201171875;5778.2099609375;5778.5;5778.5;6353417
2024-10-10 10:02:00-04:00;5778.22021484375;5778.27978515625;5775.39013671875;5775.7001953125;5775.7001953125;6087853
2024-10-10 10:03:00-04:00;5775.66015625;5779.06005859375;5775.2900390625;5779.06005859375;5779.06005859375;5644087
2024-10-10 10:04:00-04:00;5779.18994140625;5779.18994140625;5778.009765625;5778.2099609375;5778.2099609375;4790350
2024-10-10 10:05:00-04:00;5778.2001953125;5781.85986328125;5777.97021484375;5781.77978515625;5781.77978515625;6241596
2024-10-10 10:06:00-04:00;5781.7998046875;5781.93017578125;5778.81005859375;5779.330078125;5779.330078125;5180140
2024-10-10 10:07:00-04:00;5779.259765625;5779.3701171875;5776.89990234375;5779.35986328125;5779.35986328125;5536832
2024-10-10 10:08:00-04:00;5779.2001953125;5781.25;5779.18994140625;5781.02978515625;5781.02978515625;5455742
2024-10-10 10:09:00-04:00;5781.080078125;5782.06982421875;5781.080078125;5781.9501953125;5781.9501953125;4199318
2024-10-10 10:10:00-04:00;5781.83984375;5784.81005859375;5780.77978515625;5784.47021484375;5784.47021484375;6003515
2024-10-10 10:11:00-04:00;5784.27978515625;5785.97998046875;5783.81005859375;5785.4501953125;5785.4501953125;5588116
2024-10-10 10:12:00-04:00;5785.5498046875;5785.93017578125;5783.419921875;5784.0400390625;5784.0400390625;4428243
2024-10-10 10:13:00-04:00;5784.02978515625;5784.02978515625;5780.509765625;5780.97021484375;5780.97021484375;4792563
2024-10-10 10:14:00-04:00;5780.77001953125;5782.97998046875;5780.740234375;5782.68994140625;5782.68994140625;5440257
2024-10-10 10:15:00-04:00;5782.080078125;5783.009765625;5782.02978515625;5782.740234375;5782.740234375;5227239
2024-10-10 10:16:00-04:00;5782.77001953125;5783.490234375;5782.2900390625;5782.89013671875;5782.89013671875;5067338
2024-10-10 10:17:00-04:00;5782.85986328125;5783.3701171875;5781.990234375;5782.5498046875;5782.5498046875;4856865
2024-10-10 10:18:00-04:00;5782.56005859375;5783.64013671875;5782.10009765625;5783.0400390625;5783.0400390625;4051513
2024-10-10 10:19:00-04:00;5783.0400390625;5783.0498046875;5780.22021484375;5780.7099609375;5780.7099609375;5081712
2024-10-10 10:20:00-04:00;5780.68017578125;5780.91015625;5778.0;5779.580078125;5779.580078125;5485718
2024-10-10 10:21:00-04:00;5779.56005859375;5780.02001953125;5778.93017578125;5779.68017578125;5779.68017578125;4041541
2024-10-10 10:22:00-04:00;5779.77001953125;5779.89990234375;5777.41015625;5778.02978515625;5778.02978515625;5483026
2024-10-10 10:23:00-04:00;5778.02001953125;5778.330078125;5776.8798828125;5777.490234375;5777.490234375;4623623
2024-10-10 10:24:00-04:00;5777.5498046875;5779.509765625;5777.31982421875;5779.509765625;5779.509765625;5178151
2024-10-10 10:25:00-04:00;5779.56982421875;5780.14990234375;5777.43017578125;5778.0400390625;5778.0400390625;5489543
2024-10-10 10:26:00-04:00;5777.990234375;5779.6201171875;5777.990234375;5779.0;5779.0;5005063
2024-10-10 10:27:00-04:00;5778.9501953125;5780.81005859375;5778.27978515625;5780.77001953125;5780.77001953125;6354484
2024-10-10 10:28:00-04:00;5780.7900390625;5780.7900390625;5778.419921875;5779.10986328125;5779.10986328125;4670028
2024-10-10 10:29:00-04:00;5779.2099609375;5779.2099609375;5778.14990234375;5778.740234375;5778.740234375;4358023
2024-10-10 10:30:00-04:00;5778.85009765625;5780.509765625;5778.47021484375;5780.1201171875;5780.1201171875;4579785
2024-10-10 10:31:00-04:00;5780.08984375;5780.08984375;5777.4599609375;5778.06982421875;5778.06982421875;4719246
2024-10-10 10:32:00-04:00;5777.85009765625;5778.080078125;5776.58984375;5777.39990234375;5777.39990234375;4233580
2024-10-10 10:33:00-04:00;5777.419921875;5777.72998046875;5776.759765625;5777.02978515625;5777.02978515625;3964923
2024-10-10 10:34:00-04:00;5777.06982421875;5777.14013671875;5776.27978515625;5776.83984375;5776.83984375;4328187
2024-10-10 10:35:00-04:00;5776.85986328125;5778.169921875;5776.759765625;5777.93994140625;5777.93994140625;4262580
2024-10-10 10:36:00-04:00;5777.89013671875;5777.93017578125;5774.58984375;5776.5498046875;5776.5498046875;6335259
2024-10-10 10:37:00-04:00;5776.52978515625;5778.41015625;5776.16015625;5778.41015625;5778.41015625;3799692
2024-10-10 10:38:00-04:00;5778.419921875;5778.43017578125;5776.919921875;5777.06982421875;5777.06982421875;3835765
2024-10-10 10:39:00-04:00;5777.1298828125;5778.47998046875;5777.1298828125;5777.66015625;5777.66015625;5818696
2024-10-10 10:40:00-04:00;5777.64990234375;5777.75;5775.8701171875;5775.8701171875;5775.8701171875;4022805
2024-10-10 10:41:00-04:00;5776.16015625;5776.60009765625;5775.919921875;5775.93994140625;5775.93994140625;3754762
2024-10-10 10:42:00-04:00;5775.93017578125;5778.02978515625;5775.72998046875;5777.68017578125;5777.68017578125;4564317
2024-10-10 10:43:00-04:00;5777.77001953125;5781.08984375;5777.77001953125;5781.08984375;5781.08984375;4573952
2024-10-10 10:44:00-04:00;5781.1201171875;5781.509765625;5779.85986328125;5779.85986328125;5779.85986328125;5280115
2024-10-10 10:45:00-04:00;5779.66015625;5779.66015625;5778.18994140625;5779.1298828125;5779.1298828125;4381678
2024-10-10 10:46:00-04:00;5778.9599609375;5779.330078125;5777.66015625;5777.919921875;5777.919921875;4042234
2024-10-10 10:47:00-04:00;5778.009765625;5780.2001953125;5777.81982421875;5780.06005859375;5780.06005859375;4990419
2024-10-10 10:48:00-04:00;5779.97021484375;5780.14013671875;5777.490234375;5777.490234375;5777.490234375;4363459
2024-10-10 10:49:00-04:00;5777.2998046875;5778.18017578125;5776.18994140625;5777.89990234375;5777.89990234375;4209699
2024-10-10 10:50:00-04:00;5777.77978515625;5779.47021484375;5777.490234375;5779.2099609375;5779.2099609375;4439899
2024-10-10 10:51:00-04:00;5779.22021484375;5779.22021484375;5776.52978515625;5776.64013671875;5776.64013671875;3580163
2024-10-10 10:52:00-04:00;5776.58984375;5776.7900390625;5775.22021484375;5775.22021484375;5775.22021484375;4507103
2024-10-10 10:53:00-04:00;5775.259765625;5775.259765625;5773.43017578125;5773.43017578125;5773.43017578125;4034874
2024-10-10 10:54:00-04:00;5773.35009765625;5774.330078125;5772.77978515625;5773.169921875;5773.169921875;4422738
2024-10-10 10:55:00-04:00;5773.169921875;5773.81982421875;5772.6201171875;5772.72998046875;5772.72998046875;4395230
2024-10-10 10:56:00-04:00;5772.72998046875;5774.0400390625;5771.2001953125;5773.83984375;5773.83984375;5107478
2024-10-10 10:57:00-04:00;5773.8798828125;5775.66015625;5773.83984375;5774.58984375;5774.58984375;3983119
2024-10-10 10:58:00-04:00;5774.58984375;5774.740234375;5772.89013671875;5773.58984375;5773.58984375;4205637
2024-10-10 10:59:00-04:00;5773.60986328125;5773.66015625;5772.8701171875;5773.509765625;5773.509765625;3545461
2024-10-10 11:00:00-04:00;5773.5;5774.35986328125;5773.009765625;5773.1201171875;5773.1201171875;3552563
2024-10-10 11:01:00-04:00;5773.0;5773.25;5772.02001953125;5772.830078125;5772.830078125;3736419
2024-10-10 11:02:00-04:00;5772.740234375;5772.740234375;5771.31982421875;5771.93017578125;5771.93017578125;3878568
2024-10-10 11:03:00-04:00;5772.0400390625;5772.10009765625;5771.06005859375;5771.89013671875;5771.89013671875;3667503
2024-10-10 11:04:00-04:00;5772.009765625;5774.14013671875;5771.97021484375;5773.8701171875;5773.8701171875;3560838
2024-10-10 11:05:00-04:00;5773.8701171875;5774.66015625;5773.7998046875;5774.41015625;5774.41015625;3426036
2024-10-10 11:06:00-04:00;5774.3701171875;5775.2001953125;5773.259765625;5775.2001953125;5775.2001953125;3576906
2024-10-10 11:07:00-04:00;5775.25;5778.169921875;5775.25;5777.990234375;5777.990234375;4182522
2024-10-10 11:08:00-04:00;5777.990234375;5779.41015625;5777.93994140625;5778.97998046875;5778.97998046875;4075678
2024-10-10 11:09:00-04:00;5779.009765625;5779.16015625;5777.5498046875;5778.4599609375;5778.4599609375;3897778
2024-10-10 11:10:00-04:00;5778.41015625;5779.169921875;5778.41015625;5778.5400390625;5778.5400390625;4025693
2024-10-10 11:11:00-04:00;5778.68994140625;5780.240234375;5778.68994140625;5779.9501953125;5779.9501953125;3468693
2024-10-10 11:12:00-04:00;5779.77978515625;5780.22021484375;5779.0498046875;5779.56005859375;5779.56005859375;3789981
2024-10-10 11:13:00-04:00;5779.60986328125;5780.18017578125;5779.3701171875;5780.169921875;5780.169921875;3383203
2024-10-10 11:14:00-04:00;5780.169921875;5782.35009765625;5780.10986328125;5782.35009765625;5782.35009765625;3944073
2024-10-10 11:15:00-04:00;5782.35009765625;5784.16015625;5782.35009765625;5784.16015625;5784.16015625;4286331
2024-10-10 11:16:00-04:00;5784.0498046875;5784.169921875;5781.830078125;5781.990234375;5781.990234375;4392369
2024-10-10 11:17:00-04:00;5781.93994140625;5783.56005859375;5781.93994140625;5783.43017578125;5783.43017578125;2906938
2024-10-10 11:18:00-04:00;5783.43017578125;5783.4599609375;5781.89990234375;5782.0498046875;5782.0498046875;3320592
2024-10-10 11:19:00-04:00;5782.0;5782.39013671875;5781.6298828125;5782.25;5782.25;3407810
2024-10-10 11:20:00-04:00;5782.2900390625;5782.66015625;5780.93017578125;5781.10986328125;5781.10986328125;3431946
2024-10-10 11:21:00-04:00;5780.919921875;5781.93017578125;5780.64990234375;5781.85009765625;5781.85009765625;3113507
2024-10-10 11:22:00-04:00;5781.8701171875;5782.3701171875;5781.16015625;5781.27978515625;5781.27978515625;3222481
2024-10-10 11:23:00-04:00;5781.3798828125;5781.4599609375;5780.77001953125;5781.08984375;5781.08984375;2614717
2024-10-10 11:24:00-04:00;5781.08984375;5781.56005859375;5780.990234375;5781.35009765625;5781.35009765625;3384799
2024-10-10 11:25:00-04:00;5781.2998046875;5781.9599609375;5780.9501953125;5781.43017578125;5781.43017578125;4499734
2024-10-10 11:26:00-04:00;5781.4599609375;5781.81982421875;5781.31005859375;5781.77001953125;5781.77001953125;3349967
2024-10-10 11:27:00-04:00;5781.81005859375;5782.6298828125;5781.58984375;5781.81005859375;5781.81005859375;3844060
2024-10-10 11:28:00-04:00;5781.7900390625;5783.06982421875;5781.7900390625;5782.919921875;5782.919921875;3754426
2024-10-10 11:29:00-04:00;5782.9599609375;5783.06005859375;5782.06005859375;5782.14990234375;5782.14990234375;3767150
2024-10-10 11:30:00-04:00;5782.02001953125;5782.830078125;5780.759765625;5780.77978515625;5780.77978515625;4514153
2024-10-10 11:31:00-04:00;5780.60009765625;5780.60009765625;5779.1201171875;5779.1201171875;5779.1201171875;3708486
2024-10-10 11:32:00-04:00;5779.1201171875;5779.8701171875;5778.43994140625;5779.7099609375;5779.7099609375;3105851
2024-10-10 11:33:00-04:00;5779.740234375;5781.6298828125;5779.43017578125;5781.6298828125;5781.6298828125;2979770
2024-10-10 11:34:00-04:00;5781.6298828125;5782.47021484375;5781.52978515625;5782.419921875;5782.419921875;2885732
2024-10-10 11:35:00-04:00;5782.509765625;5782.72998046875;5781.8701171875;5782.509765625;5782.509765625;3137582
2024-10-10 11:36:00-04:00;5782.52978515625;5783.18994140625;5781.7998046875;5782.02978515625;5782.02978515625;3492064
2024-10-10 11:37:00-04:00;5782.10009765625;5782.31005859375;5781.47021484375;5781.68994140625;5781.68994140625;3579231
2024-10-10 11:38:00-04:00;5781.77978515625;5782.7998046875;5781.77978515625;5782.509765625;5782.509765625;3355149
2024-10-10 11:39:00-04:00;5782.47021484375;5783.89990234375;5782.33984375;5783.8798828125;5783.8798828125;3082970
2024-10-10 11:40:00-04:00;5783.93994140625;5783.93994140625;5781.93994140625;5782.0400390625;5782.0400390625;3398066
2024-10-10 11:41:00-04:00;5782.009765625;5782.10986328125;5780.7001953125;5780.85009765625;5780.85009765625;3309010
2024-10-10 11:42:00-04:00;5780.77001953125;5783.490234375;5780.35986328125;5783.490234375;5783.490234375;3402885
2024-10-10 11:43:00-04:00;5783.509765625;5783.81005859375;5783.2998046875;5783.52001953125;5783.52001953125;2751887
2024-10-10 11:44:00-04:00;5783.43994140625;5784.2099609375;5783.419921875;5783.6298828125;5783.6298828125;3759963
2024-10-10 11:45:00-04:00;5783.7998046875;5784.02001953125;5783.22021484375;5783.39990234375;5783.39990234375;3182967
2024-10-10 11:46:00-04:00;5783.3701171875;5783.990234375;5783.33984375;5783.83984375;5783.83984375;2640620
2024-10-10 11:47:00-04:00;5783.85986328125;5784.47998046875;5783.85986328125;5784.47021484375;5784.47021484375;2834052
2024-10-10 11:48:00-04:00;5784.43994140625;5784.56982421875;5783.89990234375;5784.0;5784.0;2586879
2024-10-10 11:49:00-04:00;5783.919921875;5784.2099609375;5783.72998046875;5783.81005859375;5783.81005859375;3032057
2024-10-10 11:50:00-04:00;5783.85009765625;5783.97998046875;5783.43017578125;5783.68994140625;5783.68994140625;3046562
2024-10-10 11:51:00-04:00;5783.68994140625;5783.68994140625;5782.75;5783.3798828125;5783.3798828125;2839193
2024-10-10 11:52:00-04:00;5783.35986328125;5783.89013671875;5783.259765625;5783.740234375;5783.740234375;3210642
2024-10-10 11:53:00-04:00;5783.77001953125;5784.22021484375;5783.39013671875;5784.18017578125;5784.18017578125;2558380
2024-10-10 11:54:00-04:00;5784.0400390625;5785.02001953125;5783.8701171875;5785.02001953125;5785.02001953125;2678952
2024-10-10 11:55:00-04:00;5785.02978515625;5786.22998046875;5785.02978515625;5785.97998046875;5785.97998046875;3224807
2024-10-10 11:56:00-04:00;5786.0;5786.22021484375;5785.1298828125;5786.22021484375;5786.22021484375;3955696
2024-10-10 11:57:00-04:00;5786.22998046875;5786.97998046875;5786.14013671875;5786.9599609375;5786.9599609375;3592443
2024-10-10 11:58:00-04:00;5786.97021484375;5788.18994140625;5786.83984375;5788.18994140625;5788.18994140625;3508746
2024-10-10 11:59:00-04:00;5788.2001953125;5789.009765625;5788.2001953125;5788.97998046875;5788.97998046875;2767011
2024-10-10 12:00:00-04:00;5789.009765625;5790.18017578125;5788.330078125;5790.16015625;5790.16015625;3995823
2024-10-10 12:01:00-04:00;5790.10986328125;5790.25;5789.52001953125;5789.83984375;5789.83984375;3961824
2024-10-10 12:02:00-04:00;5789.8701171875;5790.2099609375;5788.72021484375;5788.72021484375;5788.72021484375;3063612
2024-10-10 12:03:00-04:00;5788.740234375;5789.419921875;5788.47998046875;5789.419921875;5789.419921875;2880916
2024-10-10 12:04:00-04:00;5789.43017578125;5789.6201171875;5788.60009765625;5788.75;5788.75;2836277
2024-10-10 12:05:00-04:00;5788.77978515625;5789.81982421875;5788.68994140625;5789.81982421875;5789.81982421875;2907930
2024-10-10 12:06:00-04:00;5789.8798828125;5790.31982421875;5789.72998046875;5790.31005859375;5790.31005859375;3269916
2024-10-10 12:07:00-04:00;5790.35986328125;5791.31005859375;5790.35986328125;5790.64013671875;5790.64013671875;2862145
2024-10-10 12:08:00-04:00;5790.669921875;5790.669921875;5789.22998046875;5790.419921875;5790.419921875;3304632
2024-10-10 12:09:00-04:00;5790.419921875;5790.7001953125;5789.990234375;5790.7001953125;5790.7001953125;3066536
2024-10-10 12:10:00-04:00;5790.7001953125;5791.72998046875;5790.64013671875;5791.7099609375;5791.7099609375;3359989
2024-10-10 12:11:00-04:00;5791.56982421875;5793.7001953125;5791.56982421875;5793.7001953125;5793.7001953125;3285408
2024-10-10 12:12:00-04:00;5793.68994140625;5793.77978515625;5793.18994140625;5793.330078125;5793.330078125;2790785
2024-10-10 12:13:00-04:00;5793.3798828125;5793.5;5792.2099609375;5792.2099609375;5792.2099609375;2994184
2024-10-10 12:14:00-04:00;5792.169921875;5792.81005859375;5791.97021484375;5792.52978515625;5792.52978515625;3594235
2024-10-10 12:15:00-04:00;5792.66015625;5793.89990234375;5792.580078125;5793.89990234375;5793.89990234375;2940294
2024-10-10 12:16:00-04:00;5793.8701171875;5794.60009765625;5793.8701171875;5794.47998046875;5794.47998046875;4297080
2024-10-10 12:17:00-04:00;5794.52978515625;5795.02978515625;5794.169921875;5794.27978515625;5794.27978515625;3063651
2024-10-10 12:18:00-04:00;5794.31982421875;5794.6298828125;5793.56005859375;5793.75;5793.75;3012278
2024-10-10 12:19:00-04:00;5793.56005859375;5794.330078125;5793.56005859375;5794.2001953125;5794.2001953125;2388425
2024-10-10 12:20:00-04:00;5794.22021484375;5794.3798828125;5793.9501953125;5794.31005859375;5794.31005859375;2737817
2024-10-10 12:21:00-04:00;5794.2900390625;5794.56005859375;5793.8701171875;5794.39013671875;5794.39013671875;3217463
2024-10-10 12:22:00-04:00;5794.4501953125;5794.4501953125;5793.72998046875;5793.81982421875;5793.81982421875;2657431
2024-10-10 12:23:00-04:00;5793.83984375;5794.0498046875;5793.5;5793.72021484375;5793.72021484375;2524935
2024-10-10 12:24:00-04:00;5793.60009765625;5793.64013671875;5792.60986328125;5792.7900390625;5792.7900390625;3276893
2024-10-10 12:25:00-04:00;5792.919921875;5793.22998046875;5792.35009765625;5792.39990234375;5792.39990234375;2659697
2024-10-10 12:26:00-04:00;5792.39013671875;5792.39013671875;5788.990234375;5790.60009765625;5790.60009765625;4821885
2024-10-10 12:27:00-04:00;5790.58984375;5791.8798828125;5790.58984375;5791.72998046875;5791.72998046875;2770622
2024-10-10 12:28:00-04:00;5791.72021484375;5791.759765625;5790.5400390625;5790.66015625;5790.66015625;3792737
2024-10-10 12:29:00-04:00;5790.60009765625;5790.89013671875;5789.56982421875;5790.64013671875;5790.64013671875;3526261
2024-10-10 12:30:00-04:00;5790.56005859375;5790.77978515625;5787.33984375;5787.35986328125;5787.35986328125;4778476
2024-10-10 12:31:00-04:00;5787.3701171875;5787.3701171875;5785.490234375;5785.93994140625;5785.93994140625;4730285
2024-10-10 12:32:00-04:00;5785.89990234375;5788.91015625;5785.830078125;5788.27001953125;5788.27001953125;4000635
2024-10-10 12:33:00-04:00;5788.259765625;5789.27001953125;5788.0498046875;5788.97998046875;5788.97998046875;3148661
2024-10-10 12:34:00-04:00;5788.97998046875;5789.56982421875;5788.77978515625;5789.259765625;5789.259765625;3528500
2024-10-10 12:35:00-04:00;5789.27978515625;5789.39990234375;5788.009765625;5788.81005859375;5788.81005859375;2852633
2024-10-10 12:36:00-04:00;5788.72998046875;5789.85009765625;5788.72998046875;5789.81982421875;5789.81982421875;2567100
2024-10-10 12:37:00-04:00;5789.759765625;5790.18017578125;5789.2900390625;5790.02001953125;5790.02001953125;3071652
2024-10-10 12:38:00-04:00;5790.02978515625;5790.16015625;5789.52001953125;5789.97998046875;5789.97998046875;2421139
2024-10-10 12:39:00-04:00;5789.9599609375;5790.18994140625;5789.47998046875;5789.47998046875;5789.47998046875;2805897
2024-10-10 12:40:00-04:00;5789.5400390625;5789.72998046875;5789.240234375;5789.27978515625;5789.27978515625;3535853
2024-10-10 12:41:00-04:00;5789.25;5789.2900390625;5788.68994140625;5788.81005859375;5788.81005859375;3240849
2024-10-10 12:42:00-04:00;5788.7998046875;5789.06982421875;5786.8701171875;5786.8701171875;5786.8701171875;3526822
2024-10-10 12:43:00-04:00;5786.7900390625;5787.080078125;5784.43994140625;5785.5498046875;5785.5498046875;3329391
2024-10-10 12:44:00-04:00;5785.56005859375;5785.7998046875;5780.56005859375;5782.22021484375;5782.22021484375;6932614
2024-10-10 12:45:00-04:00;5782.2998046875;5782.4501953125;5780.7900390625;5782.4501953125;5782.4501953125;3021190
2024-10-10 12:46:00-04:00;5782.52978515625;5783.7998046875;5780.22021484375;5781.009765625;5781.009765625;3789647
2024-10-10 12:47:00-04:00;5781.0400390625;5781.58984375;5780.68017578125;5780.97021484375;5780.97021484375;3121182
2024-10-10 12:48:00-04:00;5780.93017578125;5781.009765625;5778.02001953125;5780.89990234375;5780.89990234375;3825202
2024-10-10 12:49:00-04:00;5780.8798828125;5781.27978515625;5780.60986328125;5780.6298828125;5780.6298828125;2737321
2024-10-10 12:50:00-04:00;5780.52001953125;5781.31005859375;5780.16015625;5780.18017578125;5780.18017578125;2574396
2024-10-10 12:51:00-04:00;5780.25;5780.47021484375;5779.18994140625;5779.93994140625;5779.93994140625;2596942
2024-10-10 12:52:00-04:00;5779.97998046875;5782.27001953125;5779.830078125;5782.18994140625;5782.18994140625;3069406
2024-10-10 12:53:00-04:00;5782.18994140625;5782.2998046875;5781.14990234375;5781.3701171875;5781.3701171875;2455509
2024-10-10 12:54:00-04:00;5781.41015625;5782.669921875;5781.0498046875;5782.669921875;5782.669921875;2825760
2024-10-10 12:55:00-04:00;5782.72021484375;5783.06005859375;5782.52978515625;5782.669921875;5782.669921875;2504420
2024-10-10 12:56:00-04:00;5782.64013671875;5782.64013671875;5781.9599609375;5782.27001953125;5782.27001953125;3160350
2024-10-10 12:57:00-04:00;5782.1201171875;5782.1201171875;5779.43994140625;5780.18994140625;5780.18994140625;4003616
2024-10-10 12:58:00-04:00;5780.169921875;5781.39013671875;5780.169921875;5781.39013671875;5781.39013671875;2853539
2024-10-10 12:59:00-04:00;5781.39013671875;5782.10986328125;5781.259765625;5781.31005859375;5781.31005859375;3096344
2024-10-10 13:00:00-04:00;5781.27978515625;5781.77978515625;5780.89990234375;5781.669921875;5781.669921875;2542080
2024-10-10 13:01:00-04:00;5781.509765625;5781.509765625;5780.60009765625;5781.419921875;5781.419921875;2295372
2024-10-10 13:02:00-04:00;5781.41015625;5782.14013671875;5780.72021484375;5781.68017578125;5781.68017578125;3276968
2024-10-10 13:03:00-04:00;5781.64990234375;5782.919921875;5781.64990234375;5781.77978515625;5781.77978515625;2982405
2024-10-10 13:04:00-04:00;5781.669921875;5781.669921875;5780.509765625;5780.58984375;5780.58984375;4493980
2024-10-10 13:05:00-04:00;5780.58984375;5780.58984375;5777.7900390625;5777.93017578125;5777.93017578125;4308451
2024-10-10 13:06:00-04:00;5777.89013671875;5778.169921875;5777.2099609375;5778.169921875;5778.169921875;3465530
2024-10-10 13:07:00-04:00;5778.10009765625;5778.10009765625;5776.91015625;5777.81982421875;5777.81982421875;3022855
2024-10-10 13:08:00-04:00;5777.830078125;5777.97021484375;5776.0;5776.06005859375;5776.06005859375;3245995
2024-10-10 13:09:00-04:00;5776.06005859375;5776.06005859375;5772.6201171875;5774.39013671875;5774.39013671875;4502166
2024-10-10 13:10:00-04:00;5774.47021484375;5774.47021484375;5773.85009765625;5774.009765625;5774.009765625;2789827
2024-10-10 13:11:00-04:00;5773.77978515625;5776.759765625;5773.580078125;5776.72998046875;5776.72998046875;3616873
2024-10-10 13:12:00-04:00;5776.7099609375;5776.9599609375;5774.81982421875;5775.18994140625;5775.18994140625;2971262
2024-10-10 13:13:00-04:00;5775.0400390625;5776.169921875;5774.81982421875;5775.39013671875;5775.39013671875;2857810
2024-10-10 13:14:00-04:00;5775.4501953125;5775.5400390625;5774.89013671875;5775.47021484375;5775.47021484375;1944864
2024-10-10 13:15:00-04:00;5775.5;5776.39013671875;5775.31005859375;5775.33984375;5775.33984375;2524778
2024-10-10 13:16:00-04:00;5775.330078125;5776.009765625;5774.75;5775.9501953125;5775.9501953125;2250345
2024-10-10 13:17:00-04:00;5775.93017578125;5777.0498046875;5775.89990234375;5776.60986328125;5776.60986328125;3013175
2024-10-10 13:18:00-04:00;5776.68994140625;5778.33984375;5776.68994140625;5778.2900390625;5778.2900390625;3054120
2024-10-10 13:19:00-04:00;5778.22021484375;5778.669921875;5777.68017578125;5778.47998046875;5778.47998046875;2456453
2024-10-10 13:20:00-04:00;5778.47998046875;5781.47021484375;5778.47998046875;5781.35986328125;5781.35986328125;3179294
2024-10-10 13:21:00-04:00;5781.490234375;5782.4599609375;5781.33984375;5782.22998046875;5782.22998046875;2895768
2024-10-10 13:22:00-04:00;5782.259765625;5783.990234375;5782.259765625;5783.97021484375;5783.97021484375;3013534
2024-10-10 13:23:00-04:00;5783.8798828125;5784.27978515625;5783.27001953125;5783.5400390625;5783.5400390625;2409023
2024-10-10 13:24:00-04:00;5783.52978515625;5784.7998046875;5783.43017578125;5784.330078125;5784.330078125;2904669
2024-10-10 13:25:00-04:00;5784.2998046875;5784.58984375;5784.169921875;5784.169921875;5784.169921875;2390600
2024-10-10 13:26:00-04:00;5784.14013671875;5784.52001953125;5783.759765625;5783.759765625;5783.759765625;2829613
2024-10-10 13:27:00-04:00;5783.81982421875;5784.14990234375;5783.7001953125;5783.7001953125;5783.7001953125;2098759
2024-10-10 13:28:00-04:00;5783.7001953125;5783.7001953125;5782.85009765625;5782.85009765625;5782.85009765625;2477114
2024-10-10 13:29:00-04:00;5782.6298828125;5783.009765625;5781.85986328125;5782.919921875;5782.919921875;2611404
2024-10-10 13:30:00-04:00;5782.919921875;5783.93017578125;5782.89990234375;5783.93017578125;5783.93017578125;2464169
2024-10-10 13:31:00-04:00;5783.93994140625;5784.66015625;5783.93994140625;5784.490234375;5784.490234375;2758013
2024-10-10 13:32:00-04:00;5784.47021484375;5784.990234375;5784.2998046875;5784.81005859375;5784.81005859375;2704176
2024-10-10 13:33:00-04:00;5784.85009765625;5785.14013671875;5784.7099609375;5784.7099609375;5784.7099609375;2440632
2024-10-10 13:34:00-04:00;5784.66015625;5784.66015625;5784.10009765625;5784.490234375;5784.490234375;2398620
2024-10-10 13:35:00-04:00;5784.43994140625;5785.18017578125;5784.2998046875;5785.1298828125;5785.1298828125;2774861
2024-10-10 13:36:00-04:00;5785.08984375;5785.43994140625;5784.77001953125;5785.2099609375;5785.2099609375;3076198
2024-10-10 13:37:00-04:00;5785.25;5785.39990234375;5783.60986328125;5783.81005859375;5783.81005859375;2555716
2024-10-10 13:38:00-04:00;5783.83984375;5784.169921875;5782.89013671875;5782.91015625;5782.91015625;2549470
2024-10-10 13:39:00-04:00;5782.85986328125;5783.18017578125;5782.52978515625;5782.56005859375;5782.56005859375;2496914
2024-10-10 13:40:00-04:00;5782.58984375;5783.02978515625;5781.75;5782.1298828125;5782.1298828125;2877671
2024-10-10 13:41:00-04:00;5782.22998046875;5783.009765625;5781.93017578125;5781.97021484375;5781.97021484375;2811365
2024-10-10 13:42:00-04:00;5781.93017578125;5783.75;5781.8798828125;5783.75;5783.75;2605838
2024-10-10 13:43:00-04:00;5783.77001953125;5783.97021484375;5781.97021484375;5783.18017578125;5783.18017578125;2613468
2024-10-10 13:44:00-04:00;5783.169921875;5783.18017578125;5782.81005859375;5783.14990234375;5783.14990234375;2001265
2024-10-10 13:45:00-04:00;5783.1298828125;5783.35009765625;5781.97998046875;5782.18994140625;5782.18994140625;2522255
2024-10-10 13:46:00-04:00;5782.169921875;5782.18994140625;5781.52001953125;5781.83984375;5781.83984375;2461947
2024-10-10 13:47:00-04:00;5781.830078125;5781.83984375;5778.5400390625;5779.080078125;5779.080078125;3253392
2024-10-10 13:48:00-04:00;5779.08984375;5779.5;5778.8701171875;5779.10009765625;5779.10009765625;2314731
2024-10-10 13:49:00-04:00;5779.080078125;5779.43017578125;5776.77978515625;5777.41015625;5777.41015625;3091751
2024-10-10 13:50:00-04:00;5777.39013671875;5777.39013671875;5776.56982421875;5776.60986328125;5776.60986328125;2240291
2024-10-10 13:51:00-04:00;5776.5498046875;5776.669921875;5771.77001953125;5772.18017578125;5772.18017578125;4741936
2024-10-10 13:52:00-04:00;5772.27001953125;5772.27001953125;5768.080078125;5772.02978515625;5772.02978515625;5385817
2024-10-10 13:53:00-04:00;5772.06982421875;5772.4599609375;5771.35009765625;5771.58984375;5771.58984375;3628083
2024-10-10 13:54:00-04:00;5771.56005859375;5775.169921875;5771.31982421875;5775.169921875;5775.169921875;3563657
2024-10-10 13:55:00-04:00;5775.259765625;5776.22998046875;5775.10009765625;5775.47021484375;5775.47021484375;2962091
2024-10-10 13:56:00-04:00;5775.490234375;5777.35009765625;5775.490234375;5777.16015625;5777.16015625;2519735
2024-10-10 13:57:00-04:00;5777.18017578125;5780.02978515625;5777.18017578125;5780.02978515625;5780.02978515625;3560260
2024-10-10 13:58:00-04:00;5780.2099609375;5780.580078125;5779.56005859375;5779.77978515625;5779.77978515625;2470515
2024-10-10 13:59:00-04:00;5779.77978515625;5781.18994140625;5779.56982421875;5780.97998046875;5780.97998046875;2392944
2024-10-10 14:00:00-04:00;5780.919921875;5780.97998046875;5779.919921875;5779.93994140625;5779.93994140625;2145175
2024-10-10 14:01:00-04:00;5779.8701171875;5779.8701171875;5778.25;5778.39013671875;5778.39013671875;3053235
2024-10-10 14:02:00-04:00;5778.3701171875;5778.3701171875;5776.0498046875;5776.2099609375;5776.2099609375;3591763
2024-10-10 14:03:00-04:00;5776.22021484375;5776.93994140625;5775.8798828125;5776.669921875;5776.669921875;2525074
2024-10-10 14:04:00-04:00;5776.669921875;5776.81982421875;5775.5498046875;5775.66015625;5775.66015625;2402454
2024-10-10 14:05:00-04:00;5775.75;5775.89013671875;5774.759765625;5775.89013671875;5775.89013671875;2849465
2024-10-10 14:06:00-04:00;5775.990234375;5777.14013671875;5775.35986328125;5775.5400390625;5775.5400390625;2839528
2024-10-10 14:07:00-04:00;5775.5400390625;5776.740234375;5774.75;5776.68994140625;5776.68994140625;2331733
2024-10-10 14:08:00-04:00;5776.7099609375;5777.43994140625;5776.56005859375;5776.89013671875;5776.89013671875;2087329
2024-10-10 14:09:00-04:00;5776.8701171875;5776.9501953125;5775.68994140625;5775.830078125;5775.830078125;2573424
2024-10-10 14:10:00-04:00;5775.919921875;5777.509765625;5775.919921875;5777.18017578125;5777.18017578125;2668709
2024-10-10 14:11:00-04:00;5777.10986328125;5777.10986328125;5775.72998046875;5775.919921875;5775.919921875;2496192
2024-10-10 14:12:00-04:00;5775.8798828125;5776.169921875;5775.0400390625;5775.31982421875;5775.31982421875;2922648
2024-10-10 14:13:00-04:00;5775.259765625;5776.18017578125;5775.14013671875;5775.990234375;5775.990234375;2422178
2024-10-10 14:14:00-04:00;5776.06005859375;5776.490234375;5775.490234375;5775.5400390625;5775.5400390625;3014699
2024-10-10 14:15:00-04:00;5775.4599609375;5775.4599609375;5774.64013671875;5774.66015625;5774.66015625;2578393
2024-10-10 14:16:00-04:00;5774.64990234375;5774.8798828125;5773.080078125;5773.72998046875;5773.72998046875;2897001
2024-10-10 14:17:00-04:00;5773.72021484375;5774.72021484375;5773.39013671875;5774.31005859375;5774.31005859375;2959896
2024-10-10 14:18:00-04:00;5774.35009765625;5774.35009765625;5773.5400390625;5773.9599609375;5773.9599609375;2284168
2024-10-10 14:19:00-04:00;5773.89990234375;5774.41015625;5773.33984375;5774.33984375;5774.33984375;2969892
2024-10-10 14:20:00-04:00;5774.2900390625;5774.830078125;5772.81982421875;5773.169921875;5773.169921875;3072350
2024-10-10 14:21:00-04:00;5773.22021484375;5773.68017578125;5772.830078125;5773.60986328125;5773.60986328125;2691231
2024-10-10 14:22:00-04:00;5773.58984375;5775.27978515625;5773.58984375;5774.77978515625;5774.77978515625;3231203
2024-10-10 14:23:00-04:00;5774.93017578125;5775.5;5774.75;5774.89990234375;5774.89990234375;2661405
2024-10-10 14:24:00-04:00;5774.85009765625;5774.8701171875;5774.33984375;5774.39990234375;5774.39990234375;2730939
2024-10-10 14:25:00-04:00;5774.4501953125;5774.759765625;5773.97021484375;5774.52001953125;5774.52001953125;2871469
2024-10-10 14:26:00-04:00;5774.31005859375;5774.39990234375;5772.47021484375;5774.39990234375;5774.39990234375;3138624
2024-10-10 14:27:00-04:00;5774.35009765625;5774.43994140625;5773.97021484375;5773.990234375;5773.990234375;2075442
2024-10-10 14:28:00-04:00;5773.8701171875;5773.93994140625;5773.169921875;5773.18994140625;5773.18994140625;2364642
2024-10-10 14:29:00-04:00;5773.25;5773.64990234375;5772.8701171875;5772.89990234375;5772.89990234375;2584346
2024-10-10 14:30:00-04:00;5772.91015625;5772.91015625;5771.93994140625;5772.39013671875;5772.39013671875;2570174
2024-10-10 14:31:00-04:00;5772.35009765625;5772.35009765625;5771.08984375;5771.72021484375;5771.72021484375;2962847
2024-10-10 14:32:00-04:00;5771.64990234375;5771.64990234375;5770.91015625;5771.259765625;5771.259765625;2999318
2024-10-10 14:33:00-04:00;5771.31005859375;5772.2001953125;5771.2099609375;5772.08984375;5772.08984375;2638789
2024-10-10 14:34:00-04:00;5772.22998046875;5773.35986328125;5772.22998046875;5773.22998046875;5773.22998046875;3566890
2024-10-10 14:35:00-04:00;5773.240234375;5773.58984375;5771.740234375;5771.740234375;5771.740234375;2749056
2024-10-10 14:36:00-04:00;5771.72998046875;5771.72998046875;5770.759765625;5771.22021484375;5771.22021484375;2633319
2024-10-10 14:37:00-04:00;5771.2099609375;5771.830078125;5770.39990234375;5770.81982421875;5770.81982421875;3504448
2024-10-10 14:38:00-04:00;5770.77001953125;5770.9501953125;5770.5;5770.89990234375;5770.89990234375;2210028
2024-10-10 14:39:00-04:00;5770.91015625;5771.72998046875;5770.22998046875;5771.2900390625;5771.2900390625;3952434
2024-10-10 14:40:00-04:00;5771.31982421875;5772.89990234375;5771.22998046875;5772.259765625;5772.259765625;2991708
2024-10-10 14:41:00-04:00;5772.22021484375;5772.52001953125;5770.93017578125;5770.9501953125;5770.9501953125;2780675
2024-10-10 14:42:00-04:00;5770.990234375;5771.10009765625;5770.39990234375;5770.41015625;5770.41015625;2459213
2024-10-10 14:43:00-04:00;5770.47021484375;5770.47021484375;5764.759765625;5768.68994140625;5768.68994140625;6134319
2024-10-10 14:44:00-04:00;5768.669921875;5769.7099609375;5767.919921875;5769.419921875;5769.419921875;3163804
2024-10-10 14:45:00-04:00;5769.35009765625;5770.2998046875;5769.27978515625;5769.91015625;5769.91015625;2534467
2024-10-10 14:46:00-04:00;5769.919921875;5769.9501953125;5769.5498046875;5769.89013671875;5769.89013671875;2366440
2024-10-10 14:47:00-04:00;5770.009765625;5772.18994140625;5770.009765625;5772.169921875;5772.169921875;3904343
2024-10-10 14:48:00-04:00;5772.16015625;5772.43994140625;5771.85009765625;5772.1201171875;5772.1201171875;2456558
2024-10-10 14:49:00-04:00;5772.16015625;5772.60986328125;5771.66015625;5771.66015625;5771.66015625;2656492
2024-10-10 14:50:00-04:00;5771.60986328125;5771.60986328125;5769.33984375;5769.35986328125;5769.35986328125;3326935
2024-10-10 14:51:00-04:00;5769.43994140625;5770.52001953125;5769.43994140625;5770.2900390625;5770.2900390625;2479232
2024-10-10 14:52:00-04:00;5770.27001953125;5770.31982421875;5769.7998046875;5770.0;5770.0;2493489
2024-10-10 14:53:00-04:00;5770.02978515625;5770.580078125;5769.8798828125;5769.9501953125;5769.9501953125;2742052
2024-10-10 14:54:00-04:00;5769.9501953125;5770.81005859375;5769.89990234375;5770.759765625;5770.759765625;2782092
2024-10-10 14:55:00-04:00;5770.81982421875;5772.509765625;5770.7998046875;5772.06982421875;5772.06982421875;3444547
2024-10-10 14:56:00-04:00;5772.1298828125;5772.52978515625;5771.9501953125;5772.22021484375;5772.22021484375;2869891
2024-10-10 14:57:00-04:00;5772.27001953125;5773.169921875;5772.27001953125;5773.02978515625;5773.02978515625;2847176
2024-10-10 14:58:00-04:00;5772.89990234375;5772.91015625;5771.06005859375;5771.56005859375;5771.56005859375;3217300
2024-10-10 14:59:00-04:00;5771.58984375;5772.419921875;5771.509765625;5772.1201171875;5772.1201171875;2730402
2024-10-10 15:00:00-04:00;5772.06982421875;5772.6298828125;5771.27001953125;5772.509765625;5772.509765625;3385714
2024-10-10 15:01:00-04:00;5772.52978515625;5772.81005859375;5771.43994140625;5772.02001953125;5772.02001953125;3126620
2024-10-10 15:02:00-04:00;5771.990234375;5772.27001953125;5771.3798828125;5771.919921875;5771.919921875;2991799
2024-10-10 15:03:00-04:00;5771.9501953125;5772.52978515625;5771.31005859375;5771.330078125;5771.330078125;3930969
2024-10-10 15:04:00-04:00;5771.31982421875;5771.60009765625;5768.64990234375;5769.330078125;5769.330078125;4838708
2024-10-10 15:05:00-04:00;5769.3798828125;5770.14013671875;5768.2900390625;5768.47998046875;5768.47998046875;3863914
2024-10-10 15:06:00-04:00;5768.43994140625;5769.7998046875;5767.93994140625;5769.64013671875;5769.64013671875;3660264
2024-10-10 15:07:00-04:00;5769.7099609375;5770.14013671875;5768.93017578125;5768.9599609375;5768.9599609375;3073766
2024-10-10 15:08:00-04:00;5768.93017578125;5769.2900390625;5768.2001953125;5768.830078125;5768.830078125;3179979
2024-10-10 15:09:00-04:00;5768.8701171875;5768.89990234375;5768.0400390625;5768.89990234375;5768.89990234375;3162236
2024-10-10 15:10:00-04:00;5768.85986328125;5770.240234375;5768.85986328125;5769.8701171875;5769.8701171875;3746670
2024-10-10 15:11:00-04:00;5769.81005859375;5770.330078125;5769.77978515625;5769.77978515625;5769.77978515625;3447456
2024-10-10 15:12:00-04:00;5769.68994140625;5769.72021484375;5768.64990234375;5768.68994140625;5768.68994140625;3103225
2024-10-10 15:13:00-04:00;5768.5400390625;5769.47021484375;5767.93017578125;5769.2998046875;5769.2998046875;2938208
2024-10-10 15:14:00-04:00;5769.25;5770.43994140625;5769.25;5769.7099609375;5769.7099609375;3241303
2024-10-10 15:15:00-04:00;5769.7099609375;5769.83984375;5769.0400390625;5769.080078125;5769.080078125;3164084
2024-10-10 15:16:00-04:00;5769.10986328125;5769.14013671875;5768.39990234375;5769.0498046875;5769.0498046875;3362230
2024-10-10 15:17:00-04:00;5768.97998046875;5770.580078125;5768.919921875;5770.56005859375;5770.56005859375;3695242
2024-10-10 15:18:00-04:00;5770.58984375;5772.0498046875;5770.52978515625;5772.009765625;5772.009765625;3763244
2024-10-10 15:19:00-04:00;5772.10986328125;5772.10986328125;5771.64990234375;5772.009765625;5772.009765625;2681984
2024-10-10 15:20:00-04:00;5772.0;5772.93017578125;5771.85009765625;5772.1298828125;5772.1298828125;5141252
2024-10-10 15:21:00-04:00;5772.25;5772.8798828125;5771.97998046875;5772.8798828125;5772.8798828125;3509140
2024-10-10 15:22:00-04:00;5772.830078125;5773.3798828125;5772.759765625;5773.3798828125;5773.3798828125;3229663
2024-10-10 15:23:00-04:00;5773.47021484375;5773.830078125;5772.64013671875;5772.64990234375;5772.64990234375;4310412
2024-10-10 15:24:00-04:00;5772.6298828125;5772.93017578125;5771.89013671875;5772.18994140625;5772.18994140625;3098912
2024-10-10 15:25:00-04:00;5772.14990234375;5772.41015625;5771.990234375;5772.02978515625;5772.02978515625;3228301
2024-10-10 15:26:00-04:00;5772.06005859375;5772.5498046875;5771.91015625;5771.93017578125;5771.93017578125;3606999
2024-10-10 15:27:00-04:00;5771.9599609375;5773.14990234375;5771.9599609375;5772.9599609375;5772.9599609375;4565879
2024-10-10 15:28:00-04:00;5772.97998046875;5773.22998046875;5772.64990234375;5773.0498046875;5773.0498046875;4126671
2024-10-10 15:29:00-04:00;5773.06005859375;5773.06005859375;5772.58984375;5773.02978515625;5773.02978515625;4017617
2024-10-10 15:30:00-04:00;5772.9599609375;5773.7900390625;5772.47021484375;5773.7900390625;5773.7900390625;5353890
2024-10-10 15:31:00-04:00;5773.740234375;5774.169921875;5773.419921875;5774.169921875;5774.169921875;5316194
2024-10-10 15:32:00-04:00;5774.2099609375;5774.60009765625;5773.97021484375;5774.41015625;5774.41015625;4670468
2024-10-10 15:33:00-04:00;5774.35986328125;5774.81982421875;5773.72021484375;5774.81982421875;5774.81982421875;4338599
2024-10-10 15:34:00-04:00;5774.830078125;5774.83984375;5772.830078125;5773.5;5773.5;5849932
2024-10-10 15:35:00-04:00;5773.5400390625;5774.18017578125;5773.52001953125;5773.669921875;5773.669921875;5380717
2024-10-10 15:36:00-04:00;5773.56005859375;5773.7001953125;5772.27001953125;5772.91015625;5772.91015625;4185487
2024-10-10 15:37:00-04:00;5772.919921875;5773.14013671875;5772.259765625;5772.47021484375;5772.47021484375;4551619
2024-10-10 15:38:00-04:00;5772.43017578125;5774.3798828125;5772.43017578125;5774.3798828125;5774.3798828125;4866069
2024-10-10 15:39:00-04:00;5774.39013671875;5774.85986328125;5774.18017578125;5774.22998046875;5774.22998046875;4396336
2024-10-10 15:40:00-04:00;5774.2099609375;5774.740234375;5773.85986328125;5774.6201171875;5774.6201171875;5572737
2024-10-10 15:41:00-04:00;5774.66015625;5774.89990234375;5774.27001953125;5774.509765625;5774.509765625;4790520
2024-10-10 15:42:00-04:00;5774.490234375;5774.5;5773.33984375;5773.35009765625;5773.35009765625;5086651
2024-10-10 15:43:00-04:00;5773.33984375;5773.830078125;5773.33984375;5773.830078125;5773.830078125;5224557
2024-10-10 15:44:00-04:00;5773.85009765625;5775.22021484375;5773.85009765625;5775.10009765625;5775.10009765625;6135327
2024-10-10 15:45:00-04:00;5775.14013671875;5775.60009765625;5774.97998046875;5775.27001953125;5775.27001953125;5863221
2024-10-10 15:46:00-04:00;5775.259765625;5775.77001953125;5775.10986328125;5775.77001953125;5775.77001953125;6454001
2024-10-10 15:47:00-04:00;5775.7998046875;5776.81005859375;5775.72021484375;5776.580078125;5776.580078125;6655725
2024-10-10 15:48:00-04:00;5776.5498046875;5776.8701171875;5775.93994140625;5776.330078125;5776.330078125;6851060
2024-10-10 15:49:00-04:00;5776.2998046875;5777.7001953125;5776.2099609375;5777.58984375;5777.58984375;7070826
2024-10-10 15:50:00-04:00;5777.47021484375;5778.580078125;5777.47021484375;5778.41015625;5778.41015625;12555413
2024-10-10 15:51:00-04:00;5778.41015625;5779.64013671875;5778.3701171875;5779.02978515625;5779.02978515625;11890470
2024-10-10 15:52:00-04:00;5778.97021484375;5779.72021484375;5778.2099609375;5779.72021484375;5779.72021484375;10020702
2024-10-10 15:53:00-04:00;5779.7998046875;5783.759765625;5779.43017578125;5783.759765625;5783.759765625;12297593
2024-10-10 15:54:00-04:00;5783.72021484375;5784.0;5782.31005859375;5782.31005859375;5782.31005859375;13600935
2024-10-10 15:55:00-04:00;5782.18017578125;5782.18017578125;5780.5400390625;5781.60009765625;5781.60009765625;14315993
2024-10-10 15:56:00-04:00;5781.56982421875;5782.81982421875;5781.56982421875;5782.47998046875;5782.47998046875;15972259
2024-10-10 15:57:00-04:00;5782.43017578125;5782.8701171875;5781.47021484375;5782.0;5782.0;16147966
2024-10-10 15:58:00-04:00;5781.830078125;5782.330078125;5781.35986328125;5781.4599609375;5781.4599609375;15407326
2024-10-10 15:59:00-04:00;5781.47998046875;5782.2900390625;5779.41015625;5780.27001953125;5780.27001953125;17191153
