Datetime;Open;High;Low;Close;Adj Close;Volume
2024-10-01 09:30:00-04:00;5757.72998046875;5757.72998046875;5751.14990234375;5752.330078125;5752.330078125;0
2024-10-01 09:31:00-04:00;5751.91015625;5752.18994140625;5748.0400390625;5748.419921875;5748.419921875;10638408
2024-10-01 09:32:00-04:00;5748.5400390625;5748.5400390625;5740.14990234375;5740.14990234375;5740.14990234375;11313630
2024-10-01 09:33:00-04:00;5740.22021484375;5742.27978515625;5737.22021484375;5737.27001953125;5737.27001953125;8421605
2024-10-01 09:34:00-04:00;5736.64013671875;5736.64013671875;5732.509765625;5733.77978515625;5733.77978515625;9097173
2024-10-01 09:35:00-04:00;5733.81982421875;5733.81982421875;5730.14013671875;5730.8798828125;5730.8798828125;10479206
2024-10-01 09:36:00-04:00;5731.14990234375;5731.47998046875;5727.14990234375;5727.330078125;5727.330078125;8652395
2024-10-01 09:37:00-04:00;5727.14013671875;5729.16015625;5720.66015625;5721.3701171875;5721.3701171875;9038043
2024-10-01 09:38:00-04:00;5721.509765625;5722.77001953125;5719.9501953125;5720.259765625;5720.259765625;8488646
2024-10-01 09:39:00-04:00;5720.31982421875;5724.740234375;5719.68017578125;5724.740234375;5724.740234375;10510146
2024-10-01 09:40:00-04:00;5724.81982421875;5724.81982421875;5721.4599609375;5722.419921875;5722.419921875;8416075
2024-10-01 09:41:00-04:00;5722.9599609375;5722.9599609375;5719.33984375;5722.31982421875;5722.31982421875;7784275
2024-10-01 09:42:00-04:00;5722.35986328125;5723.2099609375;5720.81005859375;5722.9501953125;5722.9501953125;7470627
2024-10-01 09:43:00-04:00;5723.240234375;5728.06982421875;5722.7900390625;5726.58984375;5726.58984375;8238049
2024-10-01 09:44:00-04:00;5726.5498046875;5728.02001953125;5723.2998046875;5724.2998046875;5724.2998046875;7531754
2024-10-01 09:45:00-04:00;5724.27978515625;5724.27978515625;5715.990234375;5717.7998046875;5717.7998046875;9351515
2024-10-01 09:46:00-04:00;5717.740234375;5719.72998046875;5716.830078125;5718.7998046875;5718.7998046875;7565612
2024-10-01 09:47:00-04:00;5718.6201171875;5718.6201171875;5712.259765625;5713.27978515625;5713.27978515625;8905025
2024-10-01 09:48:00-04:00;5713.0498046875;5714.2001953125;5711.58984375;5712.580078125;5712.580078125;7830019
2024-10-01 09:49:00-04:00;5712.3701171875;5716.68994140625;5712.3701171875;5714.580078125;5714.580078125;7399549
2024-10-01 09:50:00-04:00;5714.39013671875;5714.41015625;5711.7099609375;5712.490234375;5712.490234375;7134229
2024-10-01 09:51:00-04:00;5712.68994140625;5712.72021484375;5709.64990234375;5710.31005859375;5710.31005859375;6430038
2024-10-01 09:52:00-04:00;5710.27001953125;5711.33984375;5708.06982421875;5708.1201171875;5708.1201171875;6739742
2024-10-01 09:53:00-04:00;5708.0498046875;5714.97998046875;5707.97021484375;5714.60009765625;5714.60009765625;8218410
2024-10-01 09:54:00-04:00;5714.64013671875;5714.64013671875;5711.81005859375;5712.169921875;5712.169921875;6649073
2024-10-01 09:55:00-04:00;5711.93017578125;5713.3798828125;5708.16015625;5709.33984375;5709.33984375;8260614
2024-10-01 09:56:00-04:00;5709.39013671875;5712.4501953125;5708.8798828125;5712.4501953125;5712.4501953125;8778834
2024-10-01 09:57:00-04:00;5712.47998046875;5715.919921875;5712.47998046875;5715.83984375;5715.83984375;7825535
2024-10-01 09:58:00-04:00;5715.81982421875;5717.2998046875;5715.14990234375;5716.330078125;5716.330078125;6208601
2024-10-01 09:59:00-04:00;5716.39013671875;5717.2001953125;5715.85986328125;5716.72021484375;5716.72021484375;5868360
2024-10-01 10:00:00-04:00;5717.33984375;5722.580078125;5709.830078125;5716.43994140625;5716.43994140625;16175725
2024-10-01 10:01:00-04:00;5716.31982421875;5716.72021484375;5714.18994140625;5716.0400390625;5716.0400390625;8000315
2024-10-01 10:02:00-04:00;5715.85986328125;5715.85986328125;5711.89013671875;5713.919921875;5713.919921875;6876143
2024-10-01 10:03:00-04:00;5714.1201171875;5714.4599609375;5712.509765625;5713.830078125;5713.830078125;7391103
2024-10-01 10:04:00-04:00;5713.85986328125;5717.89013671875;5713.3798828125;5717.27978515625;5717.27978515625;6934653
2024-10-01 10:05:00-04:00;5717.47998046875;5717.47998046875;5712.85009765625;5713.22021484375;5713.22021484375;6388083
2024-10-01 10:06:00-04:00;5713.740234375;5713.740234375;5708.31982421875;5709.419921875;5709.419921875;8868865
2024-10-01 10:07:00-04:00;5709.02978515625;5709.02978515625;5703.990234375;5704.52001953125;5704.52001953125;6787965
2024-10-01 10:08:00-04:00;5704.5498046875;5706.0498046875;5704.25;5704.83984375;5704.83984375;6194039
2024-10-01 10:09:00-04:00;5704.64990234375;5705.18994140625;5700.2099609375;5700.2099609375;5700.2099609375;8399663
2024-10-01 10:10:00-04:00;5700.39990234375;5701.509765625;5694.830078125;5696.2900390625;5696.2900390625;10114204
2024-10-01 10:11:00-04:00;5696.47021484375;5696.89013671875;5694.16015625;5695.1298828125;5695.1298828125;7914370
2024-10-01 10:12:00-04:00;5694.89990234375;5698.7099609375;5691.91015625;5697.97998046875;5697.97998046875;10895278
2024-10-01 10:13:00-04:00;5698.06982421875;5703.14013671875;5698.06982421875;5699.10986328125;5699.10986328125;8135230
2024-10-01 10:14:00-04:00;5699.10009765625;5700.419921875;5697.52978515625;5697.85009765625;5697.85009765625;6779050
2024-10-01 10:15:00-04:00;5697.9501953125;5697.9501953125;5694.06005859375;5694.330078125;5694.330078125;7812964
2024-10-01 10:16:00-04:00;5694.35009765625;5695.02978515625;5693.0498046875;5693.0498046875;5693.0498046875;6441360
2024-10-01 10:17:00-04:00;5693.330078125;5695.43994140625;5693.06005859375;5693.52978515625;5693.52978515625;7239361
2024-10-01 10:18:00-04:00;5693.47998046875;5694.4501953125;5692.080078125;5693.77978515625;5693.77978515625;6381691
2024-10-01 10:19:00-04:00;5693.97021484375;5695.27001953125;5692.18017578125;5692.9501953125;5692.9501953125;5903416
2024-10-01 10:20:00-04:00;5692.85009765625;5699.89013671875;5692.85009765625;5696.64013671875;5696.64013671875;11214515
2024-10-01 10:21:00-04:00;5696.740234375;5705.02978515625;5696.22021484375;5704.14013671875;5704.14013671875;8655448
2024-10-01 10:22:00-04:00;5703.83984375;5706.6298828125;5702.9599609375;5706.60009765625;5706.60009765625;6459535
2024-10-01 10:23:00-04:00;5706.52978515625;5709.330078125;5706.2001953125;5707.009765625;5707.009765625;6449888
2024-10-01 10:24:00-04:00;5707.06982421875;5707.22998046875;5703.10009765625;5703.35986328125;5703.35986328125;5802328
2024-10-01 10:25:00-04:00;5703.509765625;5704.47998046875;5701.35986328125;5701.43994140625;5701.43994140625;4856543
2024-10-01 10:26:00-04:00;5701.08984375;5701.64990234375;5698.1201171875;5698.1201171875;5698.1201171875;5649431
2024-10-01 10:27:00-04:00;5698.06005859375;5698.240234375;5695.3701171875;5695.3701171875;5695.3701171875;5065525
2024-10-01 10:28:00-04:00;5695.31982421875;5695.77001953125;5689.68994140625;5690.2998046875;5690.2998046875;9845040
2024-10-01 10:29:00-04:00;5690.3701171875;5696.0;5689.85009765625;5695.5498046875;5695.5498046875;7600885
2024-10-01 10:30:00-04:00;5695.6201171875;5696.35009765625;5690.7998046875;5691.08984375;5691.08984375;8125602
2024-10-01 10:31:00-04:00;5690.740234375;5691.77001953125;5689.0400390625;5689.41015625;5689.41015625;7948810
2024-10-01 10:32:00-04:00;5689.31005859375;5691.490234375;5687.7001953125;5691.490234375;5691.490234375;7357314
2024-10-01 10:33:00-04:00;5691.52978515625;5694.919921875;5689.4501953125;5694.14013671875;5694.14013671875;7033823
2024-10-01 10:34:00-04:00;5694.14990234375;5698.4599609375;5692.68017578125;5695.8701171875;5695.8701171875;8027574
2024-10-01 10:35:00-04:00;5695.64990234375;5695.64990234375;5692.77978515625;5692.7998046875;5692.7998046875;5202597
2024-10-01 10:36:00-04:00;5692.9501953125;5700.759765625;5692.60009765625;5699.85009765625;5699.85009765625;6659919
2024-10-01 10:37:00-04:00;5699.5;5702.080078125;5698.9501953125;5700.85986328125;5700.85986328125;5407362
2024-10-01 10:38:00-04:00;5700.83984375;5704.1298828125;5700.7099609375;5702.83984375;5702.83984375;5820883
2024-10-01 10:39:00-04:00;5703.08984375;5704.0;5701.830078125;5702.83984375;5702.83984375;4851100
2024-10-01 10:40:00-04:00;5702.81982421875;5704.5;5701.83984375;5702.64990234375;5702.64990234375;5190243
2024-10-01 10:41:00-04:00;5702.58984375;5707.25;5702.58984375;5707.25;5707.25;5635724
2024-10-01 10:42:00-04:00;5707.25;5708.2998046875;5705.56005859375;5707.18994140625;5707.18994140625;5130525
2024-10-01 10:43:00-04:00;5707.22998046875;5707.47998046875;5706.2001953125;5706.759765625;5706.759765625;4688479
2024-10-01 10:44:00-04:00;5706.6298828125;5706.6298828125;5704.2001953125;5704.3701171875;5704.3701171875;5544425
2024-10-01 10:45:00-04:00;5704.6201171875;5705.97021484375;5703.0400390625;5704.81005859375;5704.81005859375;5186725
2024-10-01 10:46:00-04:00;5704.64013671875;5706.47021484375;5703.8798828125;5705.580078125;5705.580078125;4521346
2024-10-01 10:47:00-04:00;5704.580078125;5705.669921875;5703.66015625;5705.0;5705.0;4381783
2024-10-01 10:48:00-04:00;5705.2001953125;5705.2001953125;5702.9599609375;5703.009765625;5703.009765625;4703801
2024-10-01 10:49:00-04:00;5703.08984375;5703.7900390625;5699.81005859375;5701.14013671875;5701.14013671875;5326887
2024-10-01 10:50:00-04:00;5701.10009765625;5701.64990234375;5699.02001953125;5699.47021484375;5699.47021484375;4327070
2024-10-01 10:51:00-04:00;5699.3701171875;5701.009765625;5699.16015625;5699.16015625;5699.16015625;4575910
2024-10-01 10:52:00-04:00;5699.18994140625;5699.830078125;5697.39013671875;5698.3798828125;5698.3798828125;4647102
2024-10-01 10:53:00-04:00;5698.43017578125;5699.75;5698.10009765625;5698.41015625;5698.41015625;3941482
2024-10-01 10:54:00-04:00;5698.2099609375;5698.3798828125;5696.31982421875;5696.669921875;5696.669921875;4369204
2024-10-01 10:55:00-04:00;5696.60986328125;5700.06982421875;5696.56005859375;5700.02001953125;5700.02001953125;4688502
2024-10-01 10:56:00-04:00;5699.669921875;5700.85009765625;5697.419921875;5697.919921875;5697.919921875;5668399
2024-10-01 10:57:00-04:00;5697.9501953125;5700.7900390625;5697.9501953125;5698.3701171875;5698.3701171875;4492630
2024-10-01 10:58:00-04:00;5698.10009765625;5702.16015625;5698.10009765625;5701.919921875;5701.919921875;4077628
2024-10-01 10:59:00-04:00;5702.06982421875;5702.91015625;5701.14990234375;5701.9501953125;5701.9501953125;4354483
2024-10-01 11:00:00-04:00;5701.91015625;5702.10009765625;5698.60009765625;5698.6298828125;5698.6298828125;5277771
2024-10-01 11:01:00-04:00;5698.759765625;5701.64990234375;5698.759765625;5700.8701171875;5700.8701171875;2514783
2024-10-01 11:03:00-04:00;5699.080078125;5699.10986328125;5698.259765625;5698.64013671875;5698.64013671875;10584464
2024-10-01 11:04:00-04:00;5698.68994140625;5699.56982421875;5698.5498046875;5698.580078125;5698.580078125;5069819
2024-10-01 11:05:00-04:00;5698.10009765625;5698.10009765625;5694.81005859375;5694.89990234375;5694.89990234375;5401747
2024-10-01 11:06:00-04:00;5694.97998046875;5695.990234375;5693.0400390625;5694.4599609375;5694.4599609375;6089157
2024-10-01 11:07:00-04:00;5694.35009765625;5694.35009765625;5692.259765625;5692.5;5692.5;3902831
2024-10-01 11:08:00-04:00;5692.39990234375;5692.77978515625;5687.14013671875;5688.60009765625;5688.60009765625;6645868
2024-10-01 11:09:00-04:00;5688.31005859375;5688.31005859375;5684.10986328125;5684.16015625;5684.16015625;6798507
2024-10-01 11:10:00-04:00;5684.10009765625;5685.47998046875;5683.77001953125;5684.669921875;5684.669921875;5593995
2024-10-01 11:11:00-04:00;5684.58984375;5685.41015625;5683.669921875;5684.27978515625;5684.27978515625;4978186
2024-10-01 11:12:00-04:00;5684.25;5684.33984375;5683.3798828125;5683.8798828125;5683.8798828125;4551291
2024-10-01 11:13:00-04:00;5683.89013671875;5684.91015625;5683.64013671875;5683.93017578125;5683.93017578125;4434522
2024-10-01 11:14:00-04:00;5683.89013671875;5684.22998046875;5683.18017578125;5683.18017578125;5683.18017578125;3664796
2024-10-01 11:15:00-04:00;5683.2900390625;5683.91015625;5682.9501953125;5683.3798828125;5683.3798828125;4955908
2024-10-01 11:16:00-04:00;5683.31982421875;5684.10009765625;5682.35986328125;5683.41015625;5683.41015625;6058888
2024-10-01 11:17:00-04:00;5683.33984375;5683.89013671875;5681.27978515625;5681.68994140625;5681.68994140625;7537714
2024-10-01 11:18:00-04:00;5681.6298828125;5683.93017578125;5681.58984375;5683.7099609375;5683.7099609375;5160176
2024-10-01 11:19:00-04:00;5683.509765625;5686.0498046875;5683.3798828125;5686.0;5686.0;4788384
2024-10-01 11:20:00-04:00;5685.7900390625;5688.43994140625;5685.7900390625;5687.0498046875;5687.0498046875;5859992
2024-10-01 11:21:00-04:00;5687.02001953125;5688.3798828125;5685.509765625;5688.3798828125;5688.3798828125;4071374
2024-10-01 11:22:00-04:00;5688.2001953125;5691.22998046875;5687.9501953125;5691.1298828125;5691.1298828125;5061748
2024-10-01 11:23:00-04:00;5691.06982421875;5691.9501953125;5688.7900390625;5688.919921875;5688.919921875;6039357
2024-10-01 11:24:00-04:00;5688.97021484375;5689.75;5688.10986328125;5688.2001953125;5688.2001953125;4042953
2024-10-01 11:25:00-04:00;5688.25;5690.81005859375;5688.25;5690.81005859375;5690.81005859375;3701286
2024-10-01 11:26:00-04:00;5690.669921875;5692.2001953125;5690.669921875;5692.2001953125;5692.2001953125;3927762
2024-10-01 11:27:00-04:00;5692.2998046875;5695.27978515625;5692.2900390625;5695.14013671875;5695.14013671875;5454306
2024-10-01 11:28:00-04:00;5695.02001953125;5698.14013671875;5695.02001953125;5698.14013671875;5698.14013671875;5000207
2024-10-01 11:29:00-04:00;5698.14990234375;5700.990234375;5698.14990234375;5700.759765625;5700.759765625;5808291
2024-10-01 11:30:00-04:00;5700.5400390625;5701.740234375;5698.47998046875;5701.740234375;5701.740234375;5640072
2024-10-01 11:31:00-04:00;5701.68994140625;5702.919921875;5701.31005859375;5702.60986328125;5702.60986328125;5063999
2024-10-01 11:32:00-04:00;5702.7099609375;5703.35986328125;5700.25;5702.06982421875;5702.06982421875;5554955
2024-10-01 11:33:00-04:00;5702.240234375;5705.3798828125;5702.02978515625;5705.240234375;5705.240234375;4275551
2024-10-01 11:34:00-04:00;5705.02001953125;5706.580078125;5705.02001953125;5705.39013671875;5705.39013671875;7956508
2024-10-01 11:35:00-04:00;5705.39990234375;5705.60009765625;5704.669921875;5704.91015625;5704.91015625;4181389
2024-10-01 11:36:00-04:00;5705.0;5705.97998046875;5704.43017578125;5705.27001953125;5705.27001953125;4304109
2024-10-01 11:37:00-04:00;5705.2099609375;5707.68994140625;5704.68017578125;5704.68017578125;5704.68017578125;4484774
2024-10-01 11:38:00-04:00;5704.509765625;5707.52978515625;5703.47021484375;5706.7900390625;5706.7900390625;4500339
2024-10-01 11:39:00-04:00;5706.7001953125;5709.2001953125;5706.7001953125;5709.2001953125;5709.2001953125;3648734
2024-10-01 11:40:00-04:00;5709.5400390625;5711.009765625;5708.81005859375;5710.3798828125;5710.3798828125;4649392
2024-10-01 11:41:00-04:00;5710.31982421875;5713.83984375;5710.08984375;5713.25;5713.25;4270533
2024-10-01 11:42:00-04:00;5713.08984375;5715.580078125;5712.97998046875;5715.27001953125;5715.27001953125;4532190
2024-10-01 11:43:00-04:00;5715.22998046875;5715.22998046875;5713.91015625;5714.25;5714.25;3678224
2024-10-01 11:44:00-04:00;5714.31005859375;5714.35009765625;5710.0;5711.33984375;5711.33984375;5313566
2024-10-01 11:45:00-04:00;5711.35986328125;5711.35986328125;5709.509765625;5710.7998046875;5710.7998046875;4477871
2024-10-01 11:46:00-04:00;5710.93994140625;5711.080078125;5706.919921875;5706.919921875;5706.919921875;4740292
2024-10-01 11:47:00-04:00;5706.52001953125;5707.64990234375;5705.85009765625;5707.4501953125;5707.4501953125;3570631
2024-10-01 11:48:00-04:00;5707.39013671875;5708.27978515625;5706.6298828125;5706.97998046875;5706.97998046875;2981728
2024-10-01 11:49:00-04:00;5707.0;5709.7099609375;5707.0;5708.68994140625;5708.68994140625;3869356
2024-10-01 11:50:00-04:00;5708.6298828125;5709.89013671875;5708.6298828125;5709.06005859375;5709.06005859375;3531320
2024-10-01 11:51:00-04:00;5708.9599609375;5710.31982421875;5708.85986328125;5709.740234375;5709.740234375;3589003
2024-10-01 11:52:00-04:00;5709.759765625;5710.60986328125;5709.259765625;5710.14013671875;5710.14013671875;3751479
2024-10-01 11:53:00-04:00;5710.1298828125;5711.52001953125;5710.1298828125;5710.5400390625;5710.5400390625;3273836
2024-10-01 11:54:00-04:00;5710.580078125;5711.22998046875;5709.14013671875;5709.5;5709.5;3021627
2024-10-01 11:55:00-04:00;5709.56005859375;5711.4599609375;5708.1201171875;5708.4599609375;5708.4599609375;3914376
2024-10-01 11:56:00-04:00;5708.68017578125;5708.85986328125;5707.72998046875;5708.85986328125;5708.85986328125;3399466
2024-10-01 11:57:00-04:00;5708.9599609375;5709.93017578125;5708.5400390625;5709.93017578125;5709.93017578125;3364514
2024-10-01 11:58:00-04:00;5709.7998046875;5709.7998046875;5708.509765625;5708.509765625;5708.509765625;2939482
2024-10-01 11:59:00-04:00;5708.3701171875;5708.3701171875;5705.18017578125;5705.27001953125;5705.27001953125;4051520
2024-10-01 12:00:00-04:00;5705.25;5705.25;5702.830078125;5704.27978515625;5704.27978515625;4334425
2024-10-01 12:01:00-04:00;5704.18994140625;5705.169921875;5703.509765625;5703.52001953125;5703.52001953125;3076941
2024-10-01 12:02:00-04:00;5703.47998046875;5704.72021484375;5702.81982421875;5704.72021484375;5704.72021484375;3263674
2024-10-01 12:03:00-04:00;5704.77001953125;5709.81005859375;5704.77001953125;5709.77978515625;5709.77978515625;4152211
2024-10-01 12:04:00-04:00;5710.06005859375;5712.16015625;5710.06005859375;5711.47021484375;5711.47021484375;3356411
2024-10-01 12:05:00-04:00;5711.4599609375;5714.27978515625;5711.35009765625;5714.02978515625;5714.02978515625;3723211
2024-10-01 12:06:00-04:00;5713.97998046875;5714.02978515625;5713.1298828125;5713.81005859375;5713.81005859375;3023300
2024-10-01 12:07:00-04:00;5713.68994140625;5713.68994140625;5712.33984375;5712.60986328125;5712.60986328125;3493396
2024-10-01 12:08:00-04:00;5712.5498046875;5712.85009765625;5711.81982421875;5712.43994140625;5712.43994140625;2569472
2024-10-01 12:09:00-04:00;5712.4501953125;5713.02978515625;5712.27001953125;5712.759765625;5712.759765625;3295866
2024-10-01 12:10:00-04:00;5712.75;5715.43017578125;5712.66015625;5714.93017578125;5714.93017578125;4623212
2024-10-01 12:11:00-04:00;5714.93994140625;5716.8701171875;5714.93994140625;5716.2001953125;5716.2001953125;4091011
2024-10-01 12:12:00-04:00;5716.22021484375;5716.81005859375;5713.669921875;5713.7001953125;5713.7001953125;3898539
2024-10-01 12:13:00-04:00;5713.72021484375;5713.72021484375;5709.9599609375;5710.1298828125;5710.1298828125;3230977
2024-10-01 12:14:00-04:00;5710.1298828125;5710.1298828125;5707.72021484375;5708.830078125;5708.830078125;3260362
2024-10-01 12:15:00-04:00;5708.8798828125;5710.52978515625;5708.8798828125;5709.72998046875;5709.72998046875;2888274
2024-10-01 12:16:00-04:00;5709.91015625;5712.4501953125;5709.66015625;5711.7001953125;5711.7001953125;3533095
2024-10-01 12:17:00-04:00;5711.68994140625;5711.75;5710.85986328125;5710.89990234375;5710.89990234375;2978368
2024-10-01 12:18:00-04:00;5710.93017578125;5711.02978515625;5708.52001953125;5708.52001953125;5708.52001953125;2917381
2024-10-01 12:19:00-04:00;5708.64013671875;5709.4501953125;5708.56982421875;5709.419921875;5709.419921875;2582402
2024-10-01 12:20:00-04:00;5709.4501953125;5712.39013671875;5709.4501953125;5712.35986328125;5712.35986328125;3196286
2024-10-01 12:21:00-04:00;5712.25;5712.7099609375;5711.3701171875;5712.68017578125;5712.68017578125;2591905
2024-10-01 12:22:00-04:00;5712.5;5712.8701171875;5711.2900390625;5711.43994140625;5711.43994140625;2741145
2024-10-01 12:23:00-04:00;5711.419921875;5711.60009765625;5708.85986328125;5709.06982421875;5709.06982421875;4294251
2024-10-01 12:24:00-04:00;5709.02978515625;5709.27001953125;5707.5400390625;5708.3701171875;5708.3701171875;2960664
2024-10-01 12:25:00-04:00;5708.39990234375;5709.33984375;5708.169921875;5708.93994140625;5708.93994140625;3505569
2024-10-01 12:26:00-04:00;5708.85009765625;5709.27978515625;5707.7900390625;5707.7900390625;5707.7900390625;2900054
2024-10-01 12:27:00-04:00;5707.85009765625;5708.2001953125;5704.9501953125;5705.18994140625;5705.18994140625;4246172
2024-10-01 12:28:00-04:00;5705.22021484375;5708.39990234375;5704.22998046875;5708.35009765625;5708.35009765625;3635878
2024-10-01 12:29:00-04:00;5708.33984375;5709.93994140625;5708.1201171875;5708.91015625;5708.91015625;4074863
2024-10-01 12:30:00-04:00;5708.8798828125;5709.81982421875;5708.5498046875;5709.33984375;5709.33984375;2337698
2024-10-01 12:31:00-04:00;5709.31982421875;5709.47998046875;5708.10986328125;5709.35986328125;5709.35986328125;3281277
2024-10-01 12:32:00-04:00;5709.43017578125;5709.5400390625;5700.5498046875;5700.5498046875;5700.5498046875;7987871
2024-10-01 12:33:00-04:00;5699.0400390625;5702.509765625;5696.66015625;5702.06982421875;5702.06982421875;9050497
2024-10-01 12:34:00-04:00;5702.06005859375;5707.669921875;5702.06005859375;5706.080078125;5706.080078125;4385019
2024-10-01 12:35:00-04:00;5706.0498046875;5707.5400390625;5705.259765625;5706.75;5706.75;2822138
2024-10-01 12:36:00-04:00;5706.60009765625;5708.93994140625;5705.77978515625;5705.919921875;5705.919921875;3362071
2024-10-01 12:37:00-04:00;5705.7998046875;5705.7998046875;5703.5;5703.7998046875;5703.7998046875;2847561
2024-10-01 12:38:00-04:00;5703.85009765625;5703.85009765625;5701.2998046875;5701.41015625;5701.41015625;2906745
2024-10-01 12:39:00-04:00;5701.47998046875;5702.60986328125;5700.31005859375;5700.77001953125;5700.77001953125;3502570
2024-10-01 12:40:00-04:00;5700.72021484375;5702.740234375;5700.5400390625;5701.75;5701.75;2983499
2024-10-01 12:41:00-04:00;5701.740234375;5703.16015625;5701.31982421875;5701.31982421875;5701.31982421875;2944664
2024-10-01 12:42:00-04:00;5701.35009765625;5701.35009765625;5698.490234375;5698.68017578125;5698.68017578125;3601653
2024-10-01 12:43:00-04:00;5698.60009765625;5698.9501953125;5695.27001953125;5696.10986328125;5696.10986328125;3835497
2024-10-01 12:44:00-04:00;5696.1201171875;5697.3798828125;5695.2998046875;5695.2998046875;5695.2998046875;3324944
2024-10-01 12:45:00-04:00;5695.31005859375;5695.60009765625;5693.14990234375;5693.259765625;5693.259765625;4013646
2024-10-01 12:46:00-04:00;5693.43994140625;5695.02978515625;5691.759765625;5691.759765625;5691.759765625;4341238
2024-10-01 12:47:00-04:00;5691.47998046875;5692.25;5688.56982421875;5691.6201171875;5691.6201171875;5358056
2024-10-01 12:48:00-04:00;5691.56982421875;5692.89013671875;5690.830078125;5691.5400390625;5691.5400390625;3646975
2024-10-01 12:49:00-04:00;5691.39013671875;5692.3798828125;5690.7001953125;5692.3798828125;5692.3798828125;3556053
2024-10-01 12:50:00-04:00;5692.3701171875;5698.2998046875;5692.330078125;5697.47998046875;5697.47998046875;5251876
2024-10-01 12:51:00-04:00;5697.47998046875;5699.60009765625;5697.0;5698.64013671875;5698.64013671875;4258221
2024-10-01 12:52:00-04:00;5698.580078125;5699.4599609375;5698.02978515625;5698.1298828125;5698.1298828125;2986899
2024-10-01 12:53:00-04:00;5698.27978515625;5705.68017578125;5698.2001953125;5704.4599609375;5704.4599609375;5219748
2024-10-01 12:54:00-04:00;5704.58984375;5708.3701171875;5704.2998046875;5705.830078125;5705.830078125;4382598
2024-10-01 12:55:00-04:00;5705.7998046875;5706.14990234375;5704.10009765625;5704.10009765625;5704.10009765625;3216786
2024-10-01 12:56:00-04:00;5704.10009765625;5705.080078125;5700.27978515625;5700.72998046875;5700.72998046875;4051757
2024-10-01 12:57:00-04:00;5700.75;5701.56982421875;5698.85009765625;5701.02001953125;5701.02001953125;2978003
2024-10-01 12:58:00-04:00;5700.8701171875;5709.14013671875;5700.77978515625;5708.68994140625;5708.68994140625;5859912
2024-10-01 12:59:00-04:00;5708.47998046875;5708.66015625;5704.22998046875;5705.080078125;5705.080078125;3134926
2024-10-01 13:00:00-04:00;5704.97998046875;5704.97998046875;5702.72998046875;5703.75;5703.75;3143791
2024-10-01 13:01:00-04:00;5703.919921875;5704.419921875;5701.52978515625;5701.52978515625;5701.52978515625;2322039
2024-10-01 13:02:00-04:00;5701.580078125;5701.8701171875;5698.85009765625;5698.85009765625;5698.85009765625;3170892
2024-10-01 13:03:00-04:00;5698.93017578125;5699.5498046875;5697.1298828125;5698.47998046875;5698.47998046875;3373418
2024-10-01 13:04:00-04:00;5698.4501953125;5698.85986328125;5696.18994140625;5696.22021484375;5696.22021484375;3128849
2024-10-01 13:05:00-04:00;5696.2998046875;5696.740234375;5692.85009765625;5693.740234375;5693.740234375;4364564
2024-10-01 13:06:00-04:00;5693.740234375;5694.509765625;5692.669921875;5692.77978515625;5692.77978515625;3402659
2024-10-01 13:07:00-04:00;5692.93994140625;5695.009765625;5692.93994140625;5694.4501953125;5694.4501953125;3304395
2024-10-01 13:08:00-04:00;5694.35986328125;5696.169921875;5693.08984375;5694.9599609375;5694.9599609375;4506045
2024-10-01 13:09:00-04:00;5694.919921875;5695.56982421875;5693.830078125;5694.47998046875;5694.47998046875;3145580
2024-10-01 13:10:00-04:00;5694.7099609375;5695.990234375;5692.4599609375;5692.4599609375;5692.4599609375;4355983
2024-10-01 13:11:00-04:00;5692.419921875;5693.0400390625;5691.89013671875;5691.89990234375;5691.89990234375;4698761
2024-10-01 13:12:00-04:00;5692.009765625;5697.02978515625;5692.009765625;5695.47998046875;5695.47998046875;5775533
2024-10-01 13:13:00-04:00;5695.43017578125;5696.85009765625;5693.81982421875;5693.81982421875;5693.81982421875;3671208
2024-10-01 13:14:00-04:00;5693.759765625;5693.81005859375;5691.93017578125;5692.06982421875;5692.06982421875;3498678
2024-10-01 13:15:00-04:00;5692.10986328125;5692.10986328125;5687.68994140625;5688.27978515625;5688.27978515625;5705200
2024-10-01 13:16:00-04:00;5688.3798828125;5689.0;5687.080078125;5688.68017578125;5688.68017578125;4524380
2024-10-01 13:17:00-04:00;5688.64990234375;5688.83984375;5686.47998046875;5687.06982421875;5687.06982421875;3590233
2024-10-01 13:18:00-04:00;5687.10009765625;5688.2900390625;5686.85009765625;5688.2900390625;5688.2900390625;3356777
2024-10-01 13:19:00-04:00;5688.25;5688.25;5686.080078125;5686.3701171875;5686.3701171875;3409076
2024-10-01 13:20:00-04:00;5686.60009765625;5689.39990234375;5686.60009765625;5688.5;5688.5;4013506
2024-10-01 13:21:00-04:00;5688.56982421875;5690.91015625;5688.27978515625;5688.58984375;5688.58984375;4058503
2024-10-01 13:22:00-04:00;5688.58984375;5688.830078125;5687.3701171875;5688.080078125;5688.080078125;3382703
2024-10-01 13:23:00-04:00;5688.580078125;5688.580078125;5686.669921875;5686.669921875;5686.669921875;4058675
2024-10-01 13:24:00-04:00;5686.7001953125;5687.35009765625;5685.83984375;5686.81982421875;5686.81982421875;3885059
2024-10-01 13:25:00-04:00;5686.81005859375;5686.83984375;5684.3798828125;5685.10986328125;5685.10986328125;4216545
2024-10-01 13:26:00-04:00;5685.18017578125;5686.7900390625;5685.10986328125;5685.10986328125;5685.10986328125;3699999
2024-10-01 13:27:00-04:00;5685.259765625;5687.169921875;5685.259765625;5685.5;5685.5;4136770
2024-10-01 13:28:00-04:00;5685.5498046875;5687.5498046875;5684.419921875;5687.5498046875;5687.5498046875;3717991
2024-10-01 13:29:00-04:00;5687.68017578125;5687.68017578125;5685.240234375;5685.27001953125;5685.27001953125;3519656
2024-10-01 13:30:00-04:00;5685.2900390625;5686.52978515625;5683.919921875;5686.2001953125;5686.2001953125;4846359
2024-10-01 13:31:00-04:00;5686.27978515625;5694.93994140625;5686.27978515625;5694.93994140625;5694.93994140625;7059699
2024-10-01 13:32:00-04:00;5694.990234375;5698.56982421875;5693.77978515625;5693.77978515625;5693.77978515625;5916097
2024-10-01 13:33:00-04:00;5693.77978515625;5696.10986328125;5692.990234375;5696.10986328125;5696.10986328125;3488694
2024-10-01 13:34:00-04:00;5696.10986328125;5698.580078125;5695.6201171875;5697.68017578125;5697.68017578125;4389879
2024-10-01 13:35:00-04:00;5697.669921875;5697.669921875;5694.16015625;5695.89013671875;5695.89013671875;4161838
2024-10-01 13:36:00-04:00;5695.7998046875;5695.7998046875;5691.14013671875;5692.72021484375;5692.72021484375;3897216
2024-10-01 13:37:00-04:00;5693.02001953125;5695.0400390625;5693.02001953125;5693.0400390625;5693.0400390625;3300180
2024-10-01 13:38:00-04:00;5692.83984375;5694.83984375;5691.10009765625;5694.72998046875;5694.72998046875;4296652
2024-10-01 13:39:00-04:00;5694.64990234375;5695.64990234375;5693.8701171875;5693.97998046875;5693.97998046875;2996863
2024-10-01 13:40:00-04:00;5693.919921875;5694.330078125;5693.33984375;5693.919921875;5693.919921875;2559396
2024-10-01 13:41:00-04:00;5693.8701171875;5695.31982421875;5692.759765625;5695.06005859375;5695.06005859375;3267626
2024-10-01 13:42:00-04:00;5695.9599609375;5696.9599609375;5693.52978515625;5696.35009765625;5696.35009765625;4124570
2024-10-01 13:43:00-04:00;5696.5498046875;5702.35986328125;5696.47998046875;5700.06005859375;5700.06005859375;4845939
2024-10-01 13:44:00-04:00;5699.97021484375;5701.58984375;5699.52978515625;5701.5400390625;5701.5400390625;3294660
2024-10-01 13:45:00-04:00;5701.56982421875;5703.490234375;5701.56982421875;5702.68017578125;5702.68017578125;3877392
2024-10-01 13:46:00-04:00;5702.759765625;5704.3798828125;5701.77978515625;5702.0;5702.0;4052842
2024-10-01 13:47:00-04:00;5702.06005859375;5703.02001953125;5701.669921875;5702.419921875;5702.419921875;2819294
2024-10-01 13:48:00-04:00;5702.3701171875;5702.81005859375;5701.3798828125;5701.8798828125;5701.8798828125;2713439
2024-10-01 13:49:00-04:00;5701.8701171875;5701.919921875;5699.52001953125;5699.990234375;5699.990234375;3148702
2024-10-01 13:50:00-04:00;5699.97998046875;5701.009765625;5699.27978515625;5701.009765625;5701.009765625;2607505
2024-10-01 13:51:00-04:00;5700.97021484375;5701.85009765625;5700.47998046875;5701.22021484375;5701.22021484375;3071565
2024-10-01 13:52:00-04:00;5701.22998046875;5702.75;5701.22998046875;5702.27001953125;5702.27001953125;2589825
2024-10-01 13:53:00-04:00;5702.33984375;5702.60009765625;5701.64013671875;5702.1298828125;5702.1298828125;3017367
2024-10-01 13:54:00-04:00;5702.1201171875;5704.27978515625;5701.66015625;5704.22998046875;5704.22998046875;3206003
2024-10-01 13:55:00-04:00;5704.39990234375;5708.3701171875;5704.14013671875;5708.3701171875;5708.3701171875;4266551
2024-10-01 13:56:00-04:00;5708.27001953125;5710.60009765625;5708.08984375;5710.60009765625;5710.60009765625;4141402
2024-10-01 13:57:00-04:00;5710.7900390625;5712.39990234375;5710.08984375;5711.6201171875;5711.6201171875;3779057
2024-10-01 13:58:00-04:00;5711.64013671875;5713.89990234375;5711.6298828125;5712.31982421875;5712.31982421875;3793904
2024-10-01 13:59:00-04:00;5712.35009765625;5714.259765625;5711.43017578125;5714.259765625;5714.259765625;4214768
2024-10-01 14:00:00-04:00;5714.27978515625;5720.240234375;5714.06982421875;5717.10986328125;5717.10986328125;7744473
2024-10-01 14:01:00-04:00;5717.06005859375;5717.5400390625;5716.33984375;5717.1298828125;5717.1298828125;4064039
2024-10-01 14:02:00-04:00;5716.97021484375;5718.33984375;5715.85986328125;5715.89990234375;5715.89990234375;4221286
2024-10-01 14:03:00-04:00;5715.919921875;5717.2900390625;5715.64990234375;5717.22021484375;5717.22021484375;3034750
2024-10-01 14:04:00-04:00;5717.10009765625;5719.080078125;5717.0;5718.7001953125;5718.7001953125;3527732
2024-10-01 14:05:00-04:00;5718.6298828125;5720.080078125;5718.5498046875;5720.0498046875;5720.0498046875;3367524
2024-10-01 14:06:00-04:00;5720.16015625;5721.06982421875;5718.2099609375;5718.81005859375;5718.81005859375;4700763
2024-10-01 14:07:00-04:00;5718.830078125;5719.1298828125;5717.39990234375;5717.39990234375;5717.39990234375;3215723
2024-10-01 14:08:00-04:00;5717.5400390625;5719.240234375;5717.47998046875;5719.10986328125;5719.10986328125;3230166
2024-10-01 14:09:00-04:00;5719.14013671875;5721.06982421875;5719.14013671875;5720.33984375;5720.33984375;3754517
2024-10-01 14:10:00-04:00;5720.259765625;5720.56982421875;5718.89990234375;5719.72021484375;5719.72021484375;3163900
2024-10-01 14:11:00-04:00;5719.6298828125;5721.8798828125;5718.91015625;5721.8798828125;5721.8798828125;4535981
2024-10-01 14:12:00-04:00;5721.60986328125;5722.25;5721.10009765625;5721.9501953125;5721.9501953125;3450963
2024-10-01 14:13:00-04:00;5721.830078125;5722.43017578125;5721.31982421875;5721.33984375;5721.33984375;2844086
2024-10-01 14:14:00-04:00;5721.2900390625;5722.2998046875;5720.72021484375;5722.2998046875;5722.2998046875;3192643
2024-10-01 14:15:00-04:00;5722.259765625;5726.31982421875;5722.06005859375;5724.52978515625;5724.52978515625;5033206
2024-10-01 14:16:00-04:00;5724.47998046875;5727.5400390625;5724.47998046875;5726.759765625;5726.759765625;5240477
2024-10-01 14:17:00-04:00;5726.72021484375;5727.18994140625;5725.02001953125;5725.43994140625;5725.43994140625;3742898
2024-10-01 14:18:00-04:00;5725.27978515625;5725.27978515625;5723.7099609375;5723.9599609375;5723.9599609375;4161935
2024-10-01 14:19:00-04:00;5724.14990234375;5725.5498046875;5724.10009765625;5724.56982421875;5724.56982421875;2987446
2024-10-01 14:20:00-04:00;5724.60986328125;5726.58984375;5724.3701171875;5726.39990234375;5726.39990234375;3333803
2024-10-01 14:21:00-04:00;5726.419921875;5726.43017578125;5725.18017578125;5725.52978515625;5725.52978515625;2674097
2024-10-01 14:22:00-04:00;5725.60009765625;5725.68017578125;5724.47021484375;5724.58984375;5724.58984375;2387122
2024-10-01 14:23:00-04:00;5724.56005859375;5724.97021484375;5723.7099609375;5723.7099609375;5723.7099609375;3394485
2024-10-01 14:24:00-04:00;5723.14013671875;5724.18994140625;5722.5498046875;5723.97998046875;5723.97998046875;3404693
2024-10-01 14:25:00-04:00;5723.9599609375;5725.22021484375;5723.6298828125;5724.89990234375;5724.89990234375;3233908
2024-10-01 14:26:00-04:00;5724.97021484375;5726.31982421875;5724.830078125;5725.509765625;5725.509765625;3407563
2024-10-01 14:27:00-04:00;5725.5;5725.5400390625;5723.52978515625;5723.5400390625;5723.5400390625;3382429
2024-10-01 14:28:00-04:00;5723.35986328125;5724.4501953125;5723.31005859375;5724.06005859375;5724.06005859375;2862748
2024-10-01 14:29:00-04:00;5723.85986328125;5726.5498046875;5723.56005859375;5726.259765625;5726.259765625;3256028
2024-10-01 14:30:00-04:00;5726.259765625;5727.60009765625;5725.9501953125;5727.240234375;5727.240234375;4058263
2024-10-01 14:31:00-04:00;5727.14990234375;5729.35009765625;5727.0498046875;5728.7099609375;5728.7099609375;3822225
2024-10-01 14:32:00-04:00;5728.7001953125;5730.35009765625;5728.7001953125;5729.8798828125;5729.8798828125;4201002
2024-10-01 14:33:00-04:00;5729.91015625;5729.990234375;5728.68017578125;5729.60009765625;5729.60009765625;3930809
2024-10-01 14:34:00-04:00;5729.58984375;5729.68017578125;5727.4501953125;5727.81982421875;5727.81982421875;4218352
2024-10-01 14:35:00-04:00;5727.740234375;5728.52978515625;5726.35986328125;5726.39013671875;5726.39013671875;2844536
2024-10-01 14:36:00-04:00;5726.3798828125;5727.93017578125;5724.7998046875;5727.8798828125;5727.8798828125;4028633
2024-10-01 14:37:00-04:00;5727.85986328125;5728.06982421875;5724.66015625;5724.66015625;5724.66015625;3683509
2024-10-01 14:38:00-04:00;5724.81982421875;5724.85986328125;5722.72021484375;5723.330078125;5723.330078125;5007579
2024-10-01 14:39:00-04:00;5723.43994140625;5726.2001953125;5723.0400390625;5726.2001953125;5726.2001953125;3633814
2024-10-01 14:40:00-04:00;5726.1201171875;5727.0498046875;5725.66015625;5726.16015625;5726.16015625;3599259
2024-10-01 14:41:00-04:00;5726.18994140625;5727.47021484375;5724.06982421875;5724.43017578125;5724.43017578125;4332937
2024-10-01 14:42:00-04:00;5724.43017578125;5725.080078125;5723.68994140625;5723.830078125;5723.830078125;3289912
2024-10-01 14:43:00-04:00;5723.759765625;5727.06005859375;5723.759765625;5726.85986328125;5726.85986328125;4873224
2024-10-01 14:44:00-04:00;5726.85009765625;5726.8701171875;5725.2900390625;5725.47021484375;5725.47021484375;2544937
2024-10-01 14:45:00-04:00;5725.52001953125;5727.02978515625;5725.52001953125;5726.16015625;5726.16015625;3083005
2024-10-01 14:46:00-04:00;5726.1298828125;5726.8798828125;5725.6201171875;5726.0400390625;5726.0400390625;2996119
2024-10-01 14:47:00-04:00;5726.009765625;5726.16015625;5723.91015625;5724.14013671875;5724.14013671875;3362383
2024-10-01 14:48:00-04:00;5724.2001953125;5724.72998046875;5723.27001953125;5723.52001953125;5723.52001953125;3057462
2024-10-01 14:49:00-04:00;5723.5400390625;5725.10009765625;5723.0400390625;5724.1298828125;5724.1298828125;3763901
2024-10-01 14:50:00-04:00;5724.08984375;5725.97021484375;5724.08984375;5725.509765625;5725.509765625;3488958
2024-10-01 14:51:00-04:00;5725.60009765625;5726.169921875;5725.22998046875;5725.35986328125;5725.35986328125;2845669
2024-10-01 14:52:00-04:00;5725.35986328125;5727.3798828125;5723.56005859375;5723.56982421875;5723.56982421875;4582027
2024-10-01 14:53:00-04:00;5723.509765625;5724.25;5722.06005859375;5722.2001953125;5722.2001953125;3758631
2024-10-01 14:54:00-04:00;5722.31982421875;5722.580078125;5720.77978515625;5722.580078125;5722.580078125;4338300
2024-10-01 14:55:00-04:00;5722.56005859375;5725.580078125;5722.56005859375;5725.4501953125;5725.4501953125;4144950
2024-10-01 14:56:00-04:00;5725.60986328125;5726.7099609375;5725.3701171875;5726.669921875;5726.669921875;3470786
2024-10-01 14:57:00-04:00;5726.60986328125;5727.39013671875;5726.35986328125;5727.27978515625;5727.27978515625;3458684
2024-10-01 14:58:00-04:00;5727.22021484375;5727.22021484375;5724.8701171875;5725.3701171875;5725.3701171875;3837346
2024-10-01 14:59:00-04:00;5725.35009765625;5725.6298828125;5724.3798828125;5725.6298828125;5725.6298828125;3424519
2024-10-01 15:00:00-04:00;5725.52978515625;5725.89013671875;5723.97998046875;5724.06982421875;5724.06982421875;4024272
2024-10-01 15:01:00-04:00;5724.0400390625;5724.64990234375;5723.77978515625;5724.0498046875;5724.0498046875;3609006
2024-10-01 15:02:00-04:00;5724.10986328125;5724.259765625;5722.81005859375;5723.33984375;5723.33984375;3460275
2024-10-01 15:03:00-04:00;5723.35009765625;5723.9599609375;5722.6298828125;5723.41015625;5723.41015625;3379114
2024-10-01 15:04:00-04:00;5723.43994140625;5723.7099609375;5723.009765625;5723.10009765625;5723.10009765625;2565282
2024-10-01 15:05:00-04:00;5723.14013671875;5723.2998046875;5721.2001953125;5721.259765625;5721.259765625;3891372
2024-10-01 15:06:00-04:00;5721.330078125;5722.93017578125;5721.22021484375;5722.68994140625;5722.68994140625;3491020
2024-10-01 15:07:00-04:00;5722.990234375;5724.27001953125;5722.97998046875;5723.93017578125;5723.93017578125;3201141
2024-10-01 15:08:00-04:00;5723.97998046875;5725.77978515625;5723.97998046875;5725.35986328125;5725.35986328125;3199166
2024-10-01 15:09:00-04:00;5725.35986328125;5725.47021484375;5724.259765625;5724.419921875;5724.419921875;3341114
2024-10-01 15:10:00-04:00;5724.43994140625;5724.7998046875;5723.35009765625;5723.35009765625;5723.35009765625;2827560
2024-10-01 15:11:00-04:00;5723.330078125;5723.330078125;5720.9599609375;5721.669921875;5721.669921875;3733194
2024-10-01 15:12:00-04:00;5721.72998046875;5722.3701171875;5720.25;5720.39990234375;5720.39990234375;3613622
2024-10-01 15:13:00-04:00;5720.6298828125;5720.93017578125;5718.97021484375;5719.919921875;5719.919921875;4622941
2024-10-01 15:14:00-04:00;5719.91015625;5720.64013671875;5719.7900390625;5720.56005859375;5720.56005859375;3134418
2024-10-01 15:15:00-04:00;5720.3798828125;5721.66015625;5719.97998046875;5720.0400390625;5720.0400390625;3844577
2024-10-01 15:16:00-04:00;5720.08984375;5720.4501953125;5717.58984375;5717.6298828125;5717.6298828125;3911694
2024-10-01 15:17:00-04:00;5717.7900390625;5719.39990234375;5717.60986328125;5719.240234375;5719.240234375;3378582
2024-10-01 15:18:00-04:00;5719.22021484375;5720.080078125;5718.4501953125;5719.43994140625;5719.43994140625;3424191
2024-10-01 15:19:00-04:00;5719.41015625;5721.06005859375;5719.41015625;5720.4599609375;5720.4599609375;3902395
2024-10-01 15:20:00-04:00;5720.5400390625;5723.2001953125;5719.9599609375;5722.60009765625;5722.60009765625;4696977
2024-10-01 15:21:00-04:00;5722.68017578125;5724.259765625;5722.080078125;5724.14013671875;5724.14013671875;3718106
2024-10-01 15:22:00-04:00;5724.18994140625;5724.93017578125;5723.419921875;5723.52978515625;5723.52978515625;4376765
2024-10-01 15:23:00-04:00;5723.580078125;5723.6298828125;5721.89990234375;5723.169921875;5723.169921875;4042377
2024-10-01 15:24:00-04:00;5723.18017578125;5724.330078125;5723.1201171875;5723.18994140625;5723.18994140625;3760770
2024-10-01 15:25:00-04:00;5723.22998046875;5725.3798828125;5722.830078125;5725.22998046875;5725.22998046875;4361097
2024-10-01 15:26:00-04:00;5725.2900390625;5725.7998046875;5723.5400390625;5723.669921875;5723.669921875;4025607
2024-10-01 15:27:00-04:00;5723.68017578125;5724.47021484375;5723.509765625;5724.4599609375;5724.4599609375;3726073
2024-10-01 15:28:00-04:00;5724.4599609375;5724.83984375;5723.83984375;5723.83984375;5723.83984375;3978937
2024-10-01 15:29:00-04:00;5724.10986328125;5724.580078125;5723.18017578125;5723.97021484375;5723.97021484375;5090207
2024-10-01 15:30:00-04:00;5723.85986328125;5723.85986328125;5721.68994140625;5721.68994140625;5721.68994140625;5611637
2024-10-01 15:31:00-04:00;5721.66015625;5721.72998046875;5720.93994140625;5720.93994140625;5720.93994140625;4598448
2024-10-01 15:32:00-04:00;5720.9501953125;5721.18017578125;5718.60009765625;5718.60009765625;5718.60009765625;6296836
2024-10-01 15:33:00-04:00;5718.56982421875;5718.97021484375;5717.4501953125;5717.5;5717.5;5347640
2024-10-01 15:34:00-04:00;5717.490234375;5717.6201171875;5715.56005859375;5715.56005859375;5715.56005859375;5692239
2024-10-01 15:35:00-04:00;5715.43994140625;5716.06005859375;5711.8798828125;5711.8798828125;5711.8798828125;6676869
2024-10-01 15:36:00-04:00;5711.9599609375;5713.68017578125;5710.75;5713.4599609375;5713.4599609375;6740087
2024-10-01 15:37:00-04:00;5713.47998046875;5713.66015625;5711.8798828125;5712.91015625;5712.91015625;5694415
2024-10-01 15:38:00-04:00;5712.91015625;5714.06982421875;5712.2099609375;5714.02001953125;5714.02001953125;5356373
2024-10-01 15:39:00-04:00;5714.14990234375;5716.18994140625;5714.14990234375;5714.83984375;5714.83984375;6295000
2024-10-01 15:40:00-04:00;5714.89013671875;5718.27001953125;5714.89013671875;5717.2001953125;5717.2001953125;6532450
2024-10-01 15:41:00-04:00;5717.169921875;5717.81005859375;5716.06005859375;5716.1298828125;5716.1298828125;6818665
2024-10-01 15:42:00-04:00;5716.2099609375;5717.3701171875;5716.2099609375;5717.2001953125;5717.2001953125;5996639
2024-10-01 15:43:00-04:00;5717.18994140625;5717.66015625;5715.56005859375;5715.56005859375;5715.56005859375;6098652
2024-10-01 15:44:00-04:00;5715.60986328125;5715.66015625;5713.93994140625;5714.31005859375;5714.31005859375;6436522
2024-10-01 15:45:00-04:00;5714.25;5714.39013671875;5712.5498046875;5713.240234375;5713.240234375;7287818
2024-10-01 15:46:00-04:00;5713.14990234375;5714.330078125;5712.27978515625;5712.83984375;5712.83984375;7307436
2024-10-01 15:47:00-04:00;5712.72021484375;5713.009765625;5711.02978515625;5711.56005859375;5711.56005859375;7000828
2024-10-01 15:48:00-04:00;5711.490234375;5713.1201171875;5711.490234375;5712.2998046875;5712.2998046875;7947798
2024-10-01 15:49:00-04:00;5712.35986328125;5713.580078125;5710.2998046875;5711.0498046875;5711.0498046875;8227010
2024-10-01 15:50:00-04:00;5711.0498046875;5713.2998046875;5710.919921875;5712.27978515625;5712.27978515625;14364873
2024-10-01 15:51:00-04:00;5712.5498046875;5713.41015625;5710.83984375;5712.27001953125;5712.27001953125;11566763
2024-10-01 15:52:00-04:00;5712.10986328125;5713.06982421875;5711.9501953125;5712.91015625;5712.91015625;10578540
2024-10-01 15:53:00-04:00;5712.81005859375;5713.2900390625;5708.9501953125;5709.2001953125;5709.2001953125;11422926
2024-10-01 15:54:00-04:00;5709.22021484375;5709.4599609375;5706.4599609375;5707.6298828125;5707.6298828125;14634399
2024-10-01 15:55:00-04:00;5707.52001953125;5710.5498046875;5707.52001953125;5709.52978515625;5709.52978515625;18805538
2024-10-01 15:56:00-04:00;5709.60986328125;5712.31005859375;5709.27978515625;5711.240234375;5711.240234375;19804471
2024-10-01 15:57:00-04:00;5711.02978515625;5711.52978515625;5708.490234375;5708.97021484375;5708.97021484375;18797671
2024-10-01 15:58:00-04:00;5708.9501953125;5709.4599609375;5708.080078125;5708.3701171875;5708.3701171875;17903827
2024-10-01 15:59:00-04:00;5708.52978515625;5708.91015625;5706.830078125;5708.47021484375;5708.47021484375;18937569
