Datetime;Open;High;Low;Close;Adj Close;Volume
2024-09-24 09:30:00-04:00;5727.66015625;5731.0;5725.47021484375;5725.77001953125;5725.77001953125;0
2024-09-24 09:31:00-04:00;5725.669921875;5725.72021484375;5721.9501953125;5721.97998046875;5721.97998046875;10825553
2024-09-24 09:32:00-04:00;5723.919921875;5724.0400390625;5721.85986328125;5723.919921875;5723.919921875;11915678
2024-09-24 09:33:00-04:00;5723.93017578125;5724.85009765625;5723.14990234375;5723.2998046875;5723.2998046875;9213091
2024-09-24 09:34:00-04:00;5722.8798828125;5724.31982421875;5721.2998046875;5723.740234375;5723.740234375;9146062
2024-09-24 09:35:00-04:00;5723.68994140625;5724.08984375;5721.43017578125;5722.89013671875;5722.89013671875;9689866
2024-09-24 09:36:00-04:00;5722.9501953125;5723.56982421875;5722.10986328125;5722.64013671875;5722.64013671875;8668735
2024-09-24 09:37:00-04:00;5722.22021484375;5723.8798828125;5722.169921875;5723.68994140625;5723.68994140625;7422745
2024-09-24 09:38:00-04:00;5723.77001953125;5723.77001953125;5722.43994140625;5722.43994140625;5722.43994140625;8656183
2024-09-24 09:39:00-04:00;5722.5;5723.85009765625;5721.18994140625;5721.72021484375;5721.72021484375;7848319
2024-09-24 09:40:00-04:00;5721.77978515625;5721.77978515625;5720.06005859375;5720.2900390625;5720.2900390625;7470300
2024-09-24 09:41:00-04:00;5720.27978515625;5721.6201171875;5719.56982421875;5720.43994140625;5720.43994140625;6178688
2024-09-24 09:42:00-04:00;5720.419921875;5721.60986328125;5719.6298828125;5721.3798828125;5721.3798828125;6862265
2024-09-24 09:43:00-04:00;5721.2099609375;5721.9599609375;5721.14013671875;5721.740234375;5721.740234375;6525754
2024-09-24 09:44:00-04:00;5721.85009765625;5722.56982421875;5720.6201171875;5721.33984375;5721.33984375;6018809
2024-09-24 09:45:00-04:00;5721.31005859375;5721.759765625;5720.43994140625;5721.580078125;5721.580078125;6786985
2024-09-24 09:46:00-04:00;5721.47998046875;5723.97998046875;5721.47998046875;5723.72021484375;5723.72021484375;7823791
2024-09-24 09:47:00-04:00;5723.72021484375;5723.990234375;5722.0;5722.81005859375;5722.81005859375;6472833
2024-09-24 09:48:00-04:00;5722.83984375;5722.83984375;5721.31982421875;5721.33984375;5721.33984375;5877858
2024-09-24 09:49:00-04:00;5721.31005859375;5721.68017578125;5719.2998046875;5720.02978515625;5720.02978515625;7268705
2024-09-24 09:50:00-04:00;5719.990234375;5720.419921875;5717.759765625;5719.3798828125;5719.3798828125;7288586
2024-09-24 09:51:00-04:00;5719.3798828125;5719.81005859375;5718.81005859375;5719.3798828125;5719.3798828125;7775075
2024-09-24 09:52:00-04:00;5719.31982421875;5719.8798828125;5717.89013671875;5718.1298828125;5718.1298828125;5784697
2024-09-24 09:53:00-04:00;5718.1201171875;5718.18017578125;5717.41015625;5717.41015625;5717.41015625;5811440
2024-09-24 09:54:00-04:00;5717.25;5718.06982421875;5716.490234375;5717.7001953125;5717.7001953125;7251391
2024-09-24 09:55:00-04:00;5717.64990234375;5718.9501953125;5717.64990234375;5718.31005859375;5718.31005859375;5372646
2024-09-24 09:56:00-04:00;5718.22998046875;5718.35986328125;5717.0498046875;5717.0498046875;5717.0498046875;5411811
2024-09-24 09:57:00-04:00;5716.990234375;5717.5;5715.2001953125;5715.2001953125;5715.2001953125;7257930
2024-09-24 09:58:00-04:00;5715.27978515625;5716.14990234375;5715.06982421875;5715.5400390625;5715.5400390625;5216926
2024-09-24 09:59:00-04:00;5715.669921875;5715.85986328125;5714.02978515625;5715.33984375;5715.33984375;6067040
2024-09-24 10:00:00-04:00;5714.740234375;5714.740234375;5706.43017578125;5706.56982421875;5706.56982421875;12715571
2024-09-24 10:01:00-04:00;5706.509765625;5709.47998046875;5706.27001953125;5709.14013671875;5709.14013671875;9145872
2024-09-24 10:02:00-04:00;5709.2998046875;5709.2998046875;5706.93017578125;5707.58984375;5707.58984375;7260655
2024-09-24 10:03:00-04:00;5707.10986328125;5707.10986328125;5700.5;5703.16015625;5703.16015625;9026994
2024-09-24 10:04:00-04:00;5703.240234375;5705.31005859375;5703.06982421875;5704.75;5704.75;7192015
2024-09-24 10:05:00-04:00;5704.6298828125;5705.93017578125;5704.330078125;5704.56982421875;5704.56982421875;6174664
2024-09-24 10:06:00-04:00;5704.52978515625;5704.77978515625;5701.81005859375;5704.64013671875;5704.64013671875;6906492
2024-09-24 10:07:00-04:00;5704.72998046875;5707.85986328125;5704.2001953125;5707.580078125;5707.580078125;6584486
2024-09-24 10:08:00-04:00;5707.7998046875;5708.68017578125;5707.39990234375;5707.56005859375;5707.56005859375;5693497
2024-09-24 10:09:00-04:00;5707.47021484375;5710.490234375;5707.33984375;5709.14990234375;5709.14990234375;5915973
2024-09-24 10:10:00-04:00;5709.1201171875;5711.83984375;5709.1201171875;5711.83984375;5711.83984375;6200520
2024-09-24 10:11:00-04:00;5712.4501953125;5712.77978515625;5710.830078125;5711.22998046875;5711.22998046875;6527421
2024-09-24 10:12:00-04:00;5711.06005859375;5711.7900390625;5710.31982421875;5711.0;5711.0;7067633
2024-09-24 10:13:00-04:00;5710.759765625;5711.2900390625;5708.2099609375;5708.43994140625;5708.43994140625;5241183
2024-09-24 10:14:00-04:00;5708.47998046875;5709.10986328125;5707.10009765625;5707.68994140625;5707.68994140625;4921840
2024-09-24 10:15:00-04:00;5708.58984375;5708.97021484375;5707.22021484375;5708.58984375;5708.58984375;5853894
2024-09-24 10:16:00-04:00;5708.52001953125;5709.3701171875;5706.47021484375;5706.77978515625;5706.77978515625;4987601
2024-09-24 10:17:00-04:00;5706.7998046875;5708.16015625;5706.68994140625;5707.47998046875;5707.47998046875;4332909
2024-09-24 10:18:00-04:00;5707.27978515625;5708.7900390625;5706.35009765625;5708.7900390625;5708.7900390625;5029572
2024-09-24 10:19:00-04:00;5708.5400390625;5709.1298828125;5707.41015625;5707.52978515625;5707.52978515625;4747471
2024-09-24 10:20:00-04:00;5709.18017578125;5709.25;5707.27978515625;5709.18017578125;5709.18017578125;5099143
2024-09-24 10:21:00-04:00;5709.2900390625;5709.6298828125;5708.2001953125;5709.1201171875;5709.1201171875;4845298
2024-09-24 10:22:00-04:00;5709.2099609375;5709.22998046875;5705.56005859375;5705.56005859375;5705.56005859375;5952488
2024-09-24 10:23:00-04:00;5705.2900390625;5705.2900390625;5701.25;5703.580078125;5703.580078125;8420070
2024-09-24 10:24:00-04:00;5703.490234375;5707.5498046875;5703.06982421875;5707.259765625;5707.259765625;6123642
2024-09-24 10:25:00-04:00;5707.490234375;5709.22021484375;5706.009765625;5706.02978515625;5706.02978515625;5556477
2024-09-24 10:26:00-04:00;5706.0400390625;5706.68017578125;5705.7900390625;5706.080078125;5706.080078125;4545890
2024-09-24 10:27:00-04:00;5706.16015625;5706.97998046875;5705.740234375;5706.240234375;5706.240234375;4627824
2024-09-24 10:28:00-04:00;5706.25;5706.759765625;5704.14013671875;5704.35009765625;5704.35009765625;5036148
2024-09-24 10:29:00-04:00;5704.43017578125;5705.4599609375;5703.81982421875;5705.22998046875;5705.22998046875;5845101
2024-09-24 10:30:00-04:00;5704.990234375;5706.31005859375;5704.52001953125;5704.8798828125;5704.8798828125;5366718
2024-09-24 10:31:00-04:00;5704.91015625;5709.18017578125;5704.91015625;5708.7998046875;5708.7998046875;5642464
2024-09-24 10:32:00-04:00;5708.7099609375;5708.7900390625;5705.509765625;5705.83984375;5705.83984375;4779130
2024-09-24 10:33:00-04:00;5705.89013671875;5707.27978515625;5705.64990234375;5706.169921875;5706.169921875;4994603
2024-09-24 10:34:00-04:00;5706.27001953125;5706.27001953125;5704.0498046875;5704.240234375;5704.240234375;5200244
2024-09-24 10:35:00-04:00;5704.14013671875;5704.669921875;5703.0400390625;5703.56005859375;5703.56005859375;4521798
2024-09-24 10:36:00-04:00;5701.509765625;5703.39990234375;5700.68994140625;5701.509765625;5701.509765625;5372620
2024-09-24 10:37:00-04:00;5701.47021484375;5702.27001953125;5699.77978515625;5700.64990234375;5700.64990234375;5363484
2024-09-24 10:38:00-04:00;5700.6298828125;5702.81005859375;5700.33984375;5702.68017578125;5702.68017578125;4493553
2024-09-24 10:39:00-04:00;5702.60986328125;5702.60986328125;5700.2001953125;5700.259765625;5700.259765625;6166064
2024-09-24 10:40:00-04:00;5700.22998046875;5701.60986328125;5698.990234375;5700.89013671875;5700.89013671875;6857203
2024-09-24 10:41:00-04:00;5700.669921875;5701.41015625;5699.0400390625;5700.4501953125;5700.4501953125;6167047
2024-09-24 10:42:00-04:00;5700.3798828125;5703.60986328125;5699.77978515625;5703.47021484375;5703.47021484375;5553930
2024-09-24 10:43:00-04:00;5703.509765625;5705.080078125;5703.3701171875;5704.58984375;5704.58984375;4868443
2024-09-24 10:44:00-04:00;5704.52978515625;5705.77978515625;5704.43017578125;5705.0400390625;5705.0400390625;5131580
2024-09-24 10:45:00-04:00;5704.8701171875;5707.72021484375;5704.8701171875;5706.759765625;5706.759765625;6107075
2024-09-24 10:46:00-04:00;5706.919921875;5711.02001953125;5706.77978515625;5711.02001953125;5711.02001953125;5578423
2024-09-24 10:47:00-04:00;5711.06005859375;5711.66015625;5710.02001953125;5710.22021484375;5710.22021484375;4832029
2024-09-24 10:48:00-04:00;5710.27001953125;5710.759765625;5709.68017578125;5710.7099609375;5710.7099609375;3782381
2024-09-24 10:49:00-04:00;5710.72021484375;5710.72021484375;5709.18017578125;5710.43017578125;5710.43017578125;3719109
2024-09-24 10:50:00-04:00;5710.4501953125;5713.39013671875;5710.4501953125;5713.240234375;5713.240234375;5174420
2024-09-24 10:51:00-04:00;5713.22021484375;5713.27001953125;5712.10009765625;5712.83984375;5712.83984375;2843537
2024-09-24 10:52:00-04:00;5712.740234375;5714.919921875;5712.41015625;5714.22021484375;5714.22021484375;4979696
2024-09-24 10:53:00-04:00;5714.10986328125;5714.7900390625;5713.64990234375;5714.6298828125;5714.6298828125;4118803
2024-09-24 10:54:00-04:00;5714.66015625;5716.14013671875;5714.39990234375;5714.81005859375;5714.81005859375;5263574
2024-09-24 10:55:00-04:00;5714.81982421875;5715.759765625;5714.81982421875;5714.990234375;5714.990234375;5082940
2024-09-24 10:56:00-04:00;5714.93017578125;5717.0;5714.93017578125;5716.89013671875;5716.89013671875;4451193
2024-09-24 10:57:00-04:00;5718.1298828125;5719.2998046875;5716.85009765625;5718.1298828125;5718.1298828125;5139101
2024-09-24 10:58:00-04:00;5718.06982421875;5718.66015625;5717.47021484375;5717.5400390625;5717.5400390625;4558330
2024-09-24 10:59:00-04:00;5717.4599609375;5718.2998046875;5717.06005859375;5717.9501953125;5717.9501953125;4585633
2024-09-24 11:00:00-04:00;5717.93017578125;5718.740234375;5717.580078125;5717.91015625;5717.91015625;5047324
2024-09-24 11:01:00-04:00;5717.83984375;5718.08984375;5716.47021484375;5717.0;5717.0;4503409
2024-09-24 11:02:00-04:00;5717.02978515625;5717.43017578125;5716.419921875;5716.580078125;5716.580078125;4061330
2024-09-24 11:03:00-04:00;5716.580078125;5718.7001953125;5716.4599609375;5717.080078125;5717.080078125;4789043
2024-09-24 11:04:00-04:00;5717.2998046875;5718.2001953125;5717.22021484375;5718.06982421875;5718.06982421875;3978996
2024-09-24 11:05:00-04:00;5718.06982421875;5718.27978515625;5716.77001953125;5716.77001953125;5716.77001953125;3999756
2024-09-24 11:06:00-04:00;5716.77978515625;5717.83984375;5716.759765625;5717.68017578125;5717.68017578125;4035408
2024-09-24 11:07:00-04:00;5717.669921875;5718.7099609375;5717.39013671875;5717.7099609375;5717.7099609375;4607697
2024-09-24 11:08:00-04:00;5717.68017578125;5718.0498046875;5717.25;5717.58984375;5717.58984375;4980589
2024-09-24 11:09:00-04:00;5717.72021484375;5718.419921875;5717.72021484375;5718.31982421875;5718.31982421875;3175566
2024-09-24 11:10:00-04:00;5718.31982421875;5719.7900390625;5718.0400390625;5719.0498046875;5719.0498046875;4009300
2024-09-24 11:11:00-04:00;5719.10986328125;5722.3798828125;5718.6298828125;5721.2900390625;5721.2900390625;5523964
2024-09-24 11:12:00-04:00;5721.2099609375;5722.43994140625;5721.18017578125;5722.43994140625;5722.43994140625;3912465
2024-09-24 11:13:00-04:00;5722.419921875;5722.4599609375;5720.4599609375;5720.64013671875;5720.64013671875;4347494
2024-09-24 11:14:00-04:00;5720.64013671875;5720.9501953125;5719.22021484375;5720.35986328125;5720.35986328125;4664076
2024-09-24 11:15:00-04:00;5720.27978515625;5720.83984375;5719.47998046875;5720.22998046875;5720.22998046875;4551953
2024-09-24 11:16:00-04:00;5720.080078125;5721.990234375;5719.81005859375;5721.990234375;5721.990234375;4187903
2024-09-24 11:17:00-04:00;5722.169921875;5722.25;5720.52978515625;5720.6298828125;5720.6298828125;3856739
2024-09-24 11:18:00-04:00;5720.740234375;5721.509765625;5720.2099609375;5721.22998046875;5721.22998046875;3831095
2024-09-24 11:19:00-04:00;5721.259765625;5721.97998046875;5721.2001953125;5721.2001953125;5721.2001953125;3755086
2024-09-24 11:20:00-04:00;5721.2099609375;5721.66015625;5720.83984375;5721.259765625;5721.259765625;3825624
2024-09-24 11:21:00-04:00;5721.25;5721.93017578125;5721.169921875;5721.169921875;5721.169921875;4957716
2024-09-24 11:22:00-04:00;5721.27001953125;5722.52978515625;5720.740234375;5721.41015625;5721.41015625;5460233
2024-09-24 11:23:00-04:00;5721.419921875;5721.93017578125;5720.2998046875;5720.830078125;5720.830078125;3898084
2024-09-24 11:24:00-04:00;5720.8798828125;5722.31982421875;5720.8798828125;5722.02001953125;5722.02001953125;4960085
2024-09-24 11:25:00-04:00;5722.009765625;5723.169921875;5721.580078125;5723.0;5723.0;4882822
2024-09-24 11:26:00-04:00;5723.25;5723.58984375;5722.47998046875;5722.6201171875;5722.6201171875;4080870
2024-09-24 11:27:00-04:00;5722.56005859375;5722.7001953125;5721.39013671875;5721.56982421875;5721.56982421875;4318743
2024-09-24 11:28:00-04:00;5721.60986328125;5721.85986328125;5720.77001953125;5720.83984375;5720.83984375;3893857
2024-09-24 11:29:00-04:00;5720.89990234375;5721.89990234375;5720.89990234375;5721.5400390625;5721.5400390625;4194845
2024-09-24 11:30:00-04:00;5721.4599609375;5723.18994140625;5721.4599609375;5722.77978515625;5722.77978515625;6103040
2024-09-24 11:31:00-04:00;5722.81005859375;5723.8701171875;5722.66015625;5723.0;5723.0;5069771
2024-09-24 11:32:00-04:00;5723.10009765625;5724.68994140625;5723.06005859375;5724.6201171875;5724.6201171875;5567343
2024-09-24 11:33:00-04:00;5724.66015625;5724.85986328125;5723.5;5723.5;5723.5;4298313
2024-09-24 11:34:00-04:00;5723.60986328125;5723.990234375;5723.2001953125;5723.35986328125;5723.35986328125;5707321
2024-09-24 11:35:00-04:00;5723.3798828125;5723.759765625;5723.25;5723.56982421875;5723.56982421875;5030694
2024-09-24 11:36:00-04:00;5723.5498046875;5723.66015625;5721.35009765625;5721.58984375;5721.58984375;5676361
2024-09-24 11:37:00-04:00;5721.60009765625;5721.68994140625;5720.7099609375;5720.7099609375;5720.7099609375;5014741
2024-09-24 11:38:00-04:00;5720.68017578125;5721.52001953125;5720.52978515625;5721.43994140625;5721.43994140625;4306809
2024-09-24 11:39:00-04:00;5721.39990234375;5723.47021484375;5721.39990234375;5722.93017578125;5722.93017578125;5371980
2024-09-24 11:40:00-04:00;5722.9501953125;5724.47998046875;5722.89013671875;5723.85009765625;5723.85009765625;5995273
2024-09-24 11:41:00-04:00;5723.60986328125;5723.64013671875;5722.43994140625;5723.0400390625;5723.0400390625;4930538
2024-09-24 11:42:00-04:00;5723.08984375;5723.3798828125;5722.27001953125;5723.14013671875;5723.14013671875;5375581
2024-09-24 11:43:00-04:00;5723.02978515625;5724.39990234375;5723.009765625;5723.77978515625;5723.77978515625;6071399
2024-09-24 11:44:00-04:00;5723.72021484375;5724.18994140625;5723.02001953125;5724.18994140625;5724.18994140625;5265978
2024-09-24 11:45:00-04:00;5723.97998046875;5724.58984375;5723.240234375;5723.68994140625;5723.68994140625;8961992
2024-09-24 11:46:00-04:00;5723.64013671875;5725.39990234375;5723.64013671875;5725.240234375;5725.240234375;5429951
2024-09-24 11:47:00-04:00;5725.16015625;5725.16015625;5723.2900390625;5723.2900390625;5723.2900390625;5500155
2024-09-24 11:48:00-04:00;5723.22021484375;5724.27001953125;5723.2001953125;5724.2099609375;5724.2099609375;6130998
2024-09-24 11:49:00-04:00;5724.2001953125;5725.31982421875;5724.2001953125;5725.08984375;5725.08984375;5985169
2024-09-24 11:50:00-04:00;5725.0498046875;5725.60986328125;5724.10986328125;5724.43017578125;5724.43017578125;6954749
2024-09-24 11:51:00-04:00;5724.35986328125;5725.85009765625;5724.35986328125;5725.4501953125;5725.4501953125;5128179
2024-09-24 11:52:00-04:00;5725.47998046875;5728.0498046875;5725.43017578125;5727.7001953125;5727.7001953125;5128039
2024-09-24 11:53:00-04:00;5727.7900390625;5731.02001953125;5727.7900390625;5730.75;5730.75;5885040
2024-09-24 11:54:00-04:00;5730.81005859375;5733.22998046875;5730.81005859375;5732.14990234375;5732.14990234375;7240058
2024-09-24 11:55:00-04:00;5732.22998046875;5733.1201171875;5731.5498046875;5732.2001953125;5732.2001953125;6360824
2024-09-24 11:56:00-04:00;5732.10009765625;5732.3798828125;5731.06982421875;5731.3798828125;5731.3798828125;4879174
2024-09-24 11:57:00-04:00;5731.3701171875;5731.8798828125;5729.22021484375;5729.22021484375;5729.22021484375;5605242
2024-09-24 11:58:00-04:00;5729.22998046875;5729.41015625;5727.77978515625;5729.02978515625;5729.02978515625;4502189
2024-09-24 11:59:00-04:00;5729.080078125;5729.16015625;5727.759765625;5728.490234375;5728.490234375;5023114
2024-09-24 12:00:00-04:00;5728.5400390625;5730.7001953125;5728.5400390625;5729.8701171875;5729.8701171875;4687072
2024-09-24 12:01:00-04:00;5729.89013671875;5731.31982421875;5729.89013671875;5731.240234375;5731.240234375;4260272
2024-09-24 12:02:00-04:00;5731.259765625;5731.77001953125;5731.10009765625;5731.259765625;5731.259765625;5023111
2024-09-24 12:03:00-04:00;5731.4501953125;5731.4501953125;5729.64990234375;5729.83984375;5729.83984375;5383380
2024-09-24 12:04:00-04:00;5729.990234375;5731.52978515625;5729.8798828125;5730.97021484375;5730.97021484375;4181506
2024-09-24 12:05:00-04:00;5731.02978515625;5731.66015625;5730.7001953125;5731.06005859375;5731.06005859375;4760201
2024-09-24 12:06:00-04:00;5731.0400390625;5731.0400390625;5729.89013671875;5730.22021484375;5730.22021484375;5388864
2024-09-24 12:07:00-04:00;5730.259765625;5730.89013671875;5729.77978515625;5729.830078125;5729.830078125;4696016
2024-09-24 12:08:00-04:00;5729.740234375;5729.93994140625;5728.830078125;5729.52978515625;5729.52978515625;7091745
2024-09-24 12:09:00-04:00;5729.7099609375;5730.080078125;5728.85009765625;5729.330078125;5729.330078125;4605049
2024-09-24 12:10:00-04:00;5729.35986328125;5729.9501953125;5727.6298828125;5729.77978515625;5729.77978515625;4081736
2024-09-24 12:11:00-04:00;5729.91015625;5730.1201171875;5729.52978515625;5730.1201171875;5730.1201171875;2941673
2024-09-24 12:12:00-04:00;5730.0498046875;5731.0498046875;5730.0498046875;5730.7998046875;5730.7998046875;4069518
2024-09-24 12:13:00-04:00;5730.77001953125;5731.3798828125;5729.419921875;5729.60986328125;5729.60986328125;3971386
2024-09-24 12:14:00-04:00;5729.7099609375;5731.25;5729.7099609375;5731.25;5731.25;3632149
2024-09-24 12:15:00-04:00;5731.2001953125;5731.330078125;5729.89990234375;5730.56005859375;5730.56005859375;3819099
2024-09-24 12:16:00-04:00;5730.5;5730.5400390625;5729.08984375;5729.66015625;5729.66015625;4295978
2024-09-24 12:17:00-04:00;5729.7001953125;5730.18017578125;5729.509765625;5730.06982421875;5730.06982421875;4015632
2024-09-24 12:18:00-04:00;5730.06982421875;5730.509765625;5730.0400390625;5730.10986328125;5730.10986328125;3439838
2024-09-24 12:19:00-04:00;5729.97998046875;5730.3798828125;5729.81005859375;5730.35009765625;5730.35009765625;3436045
2024-09-24 12:20:00-04:00;5730.39990234375;5731.66015625;5730.3701171875;5731.31982421875;5731.31982421875;4454128
2024-09-24 12:21:00-04:00;5731.33984375;5731.33984375;5729.7900390625;5729.8798828125;5729.8798828125;2874357
2024-09-24 12:22:00-04:00;5729.919921875;5730.669921875;5729.919921875;5730.56982421875;5730.56982421875;2775549
2024-09-24 12:23:00-04:00;5730.5498046875;5730.9501953125;5729.81005859375;5729.89013671875;5729.89013671875;3943708
2024-09-24 12:24:00-04:00;5729.81005859375;5730.009765625;5728.08984375;5729.22998046875;5729.22998046875;4230878
2024-09-24 12:25:00-04:00;5729.22021484375;5729.75;5727.8798828125;5727.89013671875;5727.89013671875;3404010
2024-09-24 12:26:00-04:00;5727.8798828125;5728.33984375;5725.990234375;5726.02978515625;5726.02978515625;3636566
2024-09-24 12:27:00-04:00;5725.64013671875;5728.10009765625;5725.56005859375;5727.97021484375;5727.97021484375;3456790
2024-09-24 12:28:00-04:00;5728.14013671875;5728.25;5726.8701171875;5728.240234375;5728.240234375;3458241
2024-09-24 12:29:00-04:00;5728.330078125;5728.56005859375;5727.7998046875;5727.830078125;5727.830078125;3298752
2024-09-24 12:30:00-04:00;5727.85009765625;5728.81982421875;5726.60986328125;5728.6201171875;5728.6201171875;3416913
2024-09-24 12:31:00-04:00;5728.66015625;5728.7998046875;5727.66015625;5728.02001953125;5728.02001953125;2619375
2024-09-24 12:32:00-04:00;5727.990234375;5728.72998046875;5727.990234375;5728.66015625;5728.66015625;2674322
2024-09-24 12:33:00-04:00;5728.7099609375;5729.64990234375;5728.56005859375;5729.5400390625;5729.5400390625;3040656
2024-09-24 12:34:00-04:00;5729.52001953125;5730.10009765625;5729.419921875;5729.97021484375;5729.97021484375;3072012
2024-09-24 12:35:00-04:00;5729.8798828125;5731.1201171875;5729.35986328125;5730.47998046875;5730.47998046875;4039875
2024-09-24 12:36:00-04:00;5730.169921875;5730.43994140625;5729.9599609375;5730.330078125;5730.330078125;3347930
2024-09-24 12:37:00-04:00;5730.330078125;5730.93017578125;5730.10009765625;5730.419921875;5730.419921875;2689165
2024-09-24 12:38:00-04:00;5730.3701171875;5730.7998046875;5730.1298828125;5730.64990234375;5730.64990234375;2982091
2024-09-24 12:39:00-04:00;5730.68017578125;5731.47021484375;5730.66015625;5731.240234375;5731.240234375;3217087
2024-09-24 12:40:00-04:00;5731.27001953125;5731.77978515625;5730.8701171875;5730.93994140625;5730.93994140625;3189956
2024-09-24 12:41:00-04:00;5730.8701171875;5732.8798828125;5730.52001953125;5732.81005859375;5732.81005859375;3258643
2024-09-24 12:42:00-04:00;5732.81982421875;5733.14013671875;5732.5400390625;5732.58984375;5732.58984375;2802737
2024-09-24 12:43:00-04:00;5732.72998046875;5732.75;5731.1201171875;5732.2099609375;5732.2099609375;4501882
2024-09-24 12:44:00-04:00;5732.259765625;5732.97021484375;5732.2001953125;5732.75;5732.75;3362552
2024-09-24 12:45:00-04:00;5732.77978515625;5734.43017578125;5732.77978515625;5734.18994140625;5734.18994140625;4015533
2024-09-24 12:46:00-04:00;5734.169921875;5734.22021484375;5732.06982421875;5732.68017578125;5732.68017578125;3762734
2024-09-24 12:47:00-04:00;5732.68994140625;5732.7001953125;5731.5400390625;5731.6201171875;5731.6201171875;2773770
2024-09-24 12:48:00-04:00;5731.64013671875;5732.7099609375;5731.08984375;5732.64013671875;5732.64013671875;4542603
2024-09-24 12:49:00-04:00;5732.56982421875;5732.740234375;5732.080078125;5732.1298828125;5732.1298828125;3061381
2024-09-24 12:50:00-04:00;5732.18994140625;5732.18994140625;5730.759765625;5731.2099609375;5731.2099609375;2569248
2024-09-24 12:51:00-04:00;5731.240234375;5732.419921875;5731.240234375;5731.72021484375;5731.72021484375;2953587
2024-09-24 12:52:00-04:00;5731.759765625;5732.66015625;5731.759765625;5732.2001953125;5732.2001953125;2797839
2024-09-24 12:53:00-04:00;5732.3798828125;5732.990234375;5731.8798828125;5731.8798828125;5731.8798828125;3141490
2024-09-24 12:54:00-04:00;5731.830078125;5731.830078125;5729.81005859375;5729.91015625;5729.91015625;3144849
2024-09-24 12:55:00-04:00;5729.9599609375;5730.259765625;5729.18017578125;5729.18017578125;5729.18017578125;3693760
2024-09-24 12:56:00-04:00;5729.22021484375;5729.22021484375;5727.759765625;5727.97998046875;5727.97998046875;3553922
2024-09-24 12:57:00-04:00;5728.10009765625;5728.3701171875;5727.66015625;5728.0400390625;5728.0400390625;2890737
2024-09-24 12:58:00-04:00;5728.06982421875;5728.47021484375;5727.56005859375;5727.7099609375;5727.7099609375;2640741
2024-09-24 12:59:00-04:00;5727.64990234375;5728.2099609375;5726.830078125;5726.8701171875;5726.8701171875;3381716
2024-09-24 13:00:00-04:00;5726.91015625;5728.0400390625;5725.509765625;5728.0400390625;5728.0400390625;3398761
2024-09-24 13:01:00-04:00;5728.009765625;5728.2998046875;5727.58984375;5727.6298828125;5727.6298828125;2405419
2024-09-24 13:02:00-04:00;5727.669921875;5728.169921875;5727.580078125;5728.1298828125;5728.1298828125;2733564
2024-09-24 13:03:00-04:00;5728.14013671875;5728.259765625;5727.2001953125;5728.10009765625;5728.10009765625;3543951
2024-09-24 13:04:00-04:00;5728.10009765625;5728.64990234375;5727.31982421875;5727.31982421875;5727.31982421875;2728947
2024-09-24 13:05:00-04:00;5727.330078125;5727.7001953125;5727.259765625;5727.64013671875;5727.64013671875;2848024
2024-09-24 13:06:00-04:00;5727.669921875;5729.759765625;5727.669921875;5729.66015625;5729.66015625;3398302
2024-09-24 13:07:00-04:00;5729.6201171875;5730.93017578125;5729.6201171875;5730.759765625;5730.759765625;3754569
2024-09-24 13:08:00-04:00;5730.6201171875;5730.72021484375;5729.16015625;5729.22998046875;5729.22998046875;3061750
2024-09-24 13:09:00-04:00;5729.22998046875;5730.22021484375;5728.759765625;5729.259765625;5729.259765625;3472738
2024-09-24 13:10:00-04:00;5729.259765625;5730.02001953125;5728.47998046875;5730.02001953125;5730.02001953125;3438426
2024-09-24 13:11:00-04:00;5730.02978515625;5731.35986328125;5729.7099609375;5731.18994140625;5731.18994140625;3298309
2024-09-24 13:12:00-04:00;5731.25;5731.89990234375;5731.25;5731.759765625;5731.759765625;3339557
2024-09-24 13:13:00-04:00;5731.72998046875;5731.72998046875;5730.5498046875;5730.68017578125;5730.68017578125;3188140
2024-09-24 13:14:00-04:00;5730.72021484375;5732.47021484375;5730.72021484375;5732.47021484375;5732.47021484375;2790547
2024-09-24 13:15:00-04:00;5732.47998046875;5732.8798828125;5732.02001953125;5732.8798828125;5732.8798828125;3201886
2024-09-24 13:16:00-04:00;5732.89990234375;5732.990234375;5732.02001953125;5732.47998046875;5732.47998046875;2699888
2024-09-24 13:17:00-04:00;5732.490234375;5733.0400390625;5732.43017578125;5732.91015625;5732.91015625;2876117
2024-09-24 13:18:00-04:00;5732.93994140625;5732.93994140625;5731.7001953125;5731.7001953125;5731.7001953125;2675141
2024-09-24 13:19:00-04:00;5731.8701171875;5732.66015625;5731.81982421875;5732.5400390625;5732.5400390625;2585428
2024-09-24 13:20:00-04:00;5732.5498046875;5732.5498046875;5731.18994140625;5731.47021484375;5731.47021484375;2290575
2024-09-24 13:21:00-04:00;5731.52978515625;5731.5400390625;5730.91015625;5731.5400390625;5731.5400390625;3090282
2024-09-24 13:22:00-04:00;5731.47021484375;5731.490234375;5730.4599609375;5730.669921875;5730.669921875;2361860
2024-09-24 13:23:00-04:00;5730.6298828125;5730.6298828125;5729.72021484375;5729.81005859375;5729.81005859375;2601423
2024-09-24 13:24:00-04:00;5729.85009765625;5730.5498046875;5729.39990234375;5729.68017578125;5729.68017578125;3339809
2024-09-24 13:25:00-04:00;5729.64013671875;5730.52001953125;5729.509765625;5730.25;5730.25;2906653
2024-09-24 13:26:00-04:00;5730.27978515625;5730.35986328125;5730.009765625;5730.2099609375;5730.2099609375;2204352
2024-09-24 13:27:00-04:00;5730.10009765625;5730.5;5729.5400390625;5729.75;5729.75;2570953
2024-09-24 13:28:00-04:00;5729.759765625;5729.759765625;5728.6298828125;5728.6298828125;5728.6298828125;3784566
2024-09-24 13:29:00-04:00;5728.580078125;5729.66015625;5728.31982421875;5728.56982421875;5728.56982421875;2991805
2024-09-24 13:30:00-04:00;5728.60009765625;5730.06005859375;5728.60009765625;5730.0498046875;5730.0498046875;3224700
2024-09-24 13:31:00-04:00;5730.06005859375;5730.35009765625;5728.81982421875;5729.4599609375;5729.4599609375;2889823
2024-09-24 13:32:00-04:00;5729.5;5730.06982421875;5729.4599609375;5729.9501953125;5729.9501953125;2406895
2024-09-24 13:33:00-04:00;5729.93017578125;5730.830078125;5729.93017578125;5730.4501953125;5730.4501953125;3935524
2024-09-24 13:34:00-04:00;5730.4501953125;5731.25;5730.41015625;5731.25;5731.25;3203791
2024-09-24 13:35:00-04:00;5731.25;5732.41015625;5731.25;5731.56982421875;5731.56982421875;3377947
2024-09-24 13:36:00-04:00;5731.7001953125;5731.7001953125;5730.3798828125;5730.3798828125;5730.3798828125;3033514
2024-09-24 13:37:00-04:00;5730.31005859375;5730.31005859375;5729.18994140625;5729.4599609375;5729.4599609375;2921808
2024-09-24 13:38:00-04:00;5729.43017578125;5729.43994140625;5728.52978515625;5728.52978515625;5728.52978515625;2664651
2024-09-24 13:39:00-04:00;5728.509765625;5729.7998046875;5728.4501953125;5729.7998046875;5729.7998046875;2472609
2024-09-24 13:40:00-04:00;5729.85009765625;5730.0498046875;5729.259765625;5729.5;5729.5;2828378
2024-09-24 13:41:00-04:00;5729.52001953125;5729.52001953125;5728.47998046875;5728.85009765625;5728.85009765625;2697488
2024-09-24 13:42:00-04:00;5728.8798828125;5730.43017578125;5728.75;5730.43017578125;5730.43017578125;2959142
2024-09-24 13:43:00-04:00;5730.4501953125;5731.41015625;5730.2001953125;5730.8701171875;5730.8701171875;2551357
2024-09-24 13:44:00-04:00;5730.85986328125;5731.2001953125;5730.7001953125;5730.72021484375;5730.72021484375;2397928
2024-09-24 13:45:00-04:00;5730.72021484375;5730.72021484375;5729.919921875;5730.0;5730.0;3001911
2024-09-24 13:46:00-04:00;5729.97021484375;5730.1298828125;5728.43017578125;5728.669921875;5728.669921875;3319061
2024-09-24 13:47:00-04:00;5728.6298828125;5729.60986328125;5728.6298828125;5729.5400390625;5729.5400390625;2661263
2024-09-24 13:48:00-04:00;5729.5400390625;5729.7099609375;5729.31005859375;5729.41015625;5729.41015625;2169775
2024-09-24 13:49:00-04:00;5729.22998046875;5729.22998046875;5727.7998046875;5728.02001953125;5728.02001953125;2863206
2024-09-24 13:50:00-04:00;5727.990234375;5728.10009765625;5727.2099609375;5727.2099609375;5727.2099609375;3380339
2024-09-24 13:51:00-04:00;5727.2900390625;5728.68017578125;5727.25;5728.68017578125;5728.68017578125;2853560
2024-09-24 13:52:00-04:00;5728.6298828125;5728.919921875;5728.47998046875;5728.66015625;5728.66015625;2760935
2024-09-24 13:53:00-04:00;5728.60986328125;5728.669921875;5727.0;5728.47021484375;5728.47021484375;2744507
2024-09-24 13:54:00-04:00;5728.43994140625;5729.5498046875;5728.43994140625;5729.31005859375;5729.31005859375;5446001
2024-09-24 13:55:00-04:00;5729.41015625;5729.41015625;5727.66015625;5728.0400390625;5728.0400390625;2195728
2024-09-24 13:56:00-04:00;5728.10009765625;5728.72998046875;5728.06005859375;5728.72998046875;5728.72998046875;2691498
2024-09-24 13:57:00-04:00;5728.72998046875;5728.740234375;5727.47021484375;5727.72021484375;5727.72021484375;2921035
2024-09-24 13:58:00-04:00;5727.72998046875;5727.9501953125;5727.52978515625;5727.9501953125;5727.9501953125;2529575
2024-09-24 13:59:00-04:00;5727.89990234375;5727.89990234375;5727.080078125;5727.10986328125;5727.10986328125;3563728
2024-09-24 14:00:00-04:00;5727.1201171875;5727.35986328125;5726.3798828125;5726.60009765625;5726.60009765625;3491777
2024-09-24 14:01:00-04:00;5726.5400390625;5727.759765625;5726.419921875;5727.47021484375;5727.47021484375;3273071
2024-09-24 14:02:00-04:00;5727.43994140625;5728.8701171875;5727.43994140625;5728.85986328125;5728.85986328125;3361249
2024-09-24 14:03:00-04:00;5728.740234375;5729.27001953125;5728.64990234375;5728.68994140625;5728.68994140625;3152596
2024-09-24 14:04:00-04:00;5728.68017578125;5729.27001953125;5727.8798828125;5728.0;5728.0;2798358
2024-09-24 14:05:00-04:00;5727.990234375;5728.14990234375;5727.58984375;5727.990234375;5727.990234375;2669803
2024-09-24 14:06:00-04:00;5728.009765625;5728.669921875;5727.759765625;5728.10009765625;5728.10009765625;2616522
2024-09-24 14:07:00-04:00;5728.1298828125;5729.2900390625;5728.02978515625;5728.81982421875;5728.81982421875;2905777
2024-09-24 14:08:00-04:00;5728.66015625;5728.66015625;5727.85986328125;5727.85986328125;5727.85986328125;2662192
2024-09-24 14:09:00-04:00;5727.97021484375;5728.89013671875;5727.93994140625;5728.419921875;5728.419921875;2532789
2024-09-24 14:10:00-04:00;5728.25;5728.25;5727.27978515625;5727.6201171875;5727.6201171875;2831737
2024-09-24 14:11:00-04:00;5727.58984375;5727.60009765625;5726.830078125;5727.4599609375;5727.4599609375;3363117
2024-09-24 14:12:00-04:00;5727.419921875;5727.4501953125;5726.56982421875;5726.6298828125;5726.6298828125;2903282
2024-09-24 14:13:00-04:00;5726.47021484375;5726.9501953125;5724.47998046875;5725.47998046875;5725.47998046875;4214012
2024-09-24 14:14:00-04:00;5725.64013671875;5726.68017578125;5725.64013671875;5726.31005859375;5726.31005859375;3031677
2024-09-24 14:15:00-04:00;5726.2900390625;5726.60986328125;5725.169921875;5725.2099609375;5725.2099609375;3389428
2024-09-24 14:16:00-04:00;5725.14013671875;5725.81982421875;5724.97998046875;5725.2900390625;5725.2900390625;2799015
2024-09-24 14:17:00-04:00;5725.35986328125;5725.3701171875;5724.4599609375;5724.47021484375;5724.47021484375;2723784
2024-09-24 14:18:00-04:00;5724.4501953125;5725.83984375;5724.419921875;5725.83984375;5725.83984375;2701320
2024-09-24 14:19:00-04:00;5725.91015625;5727.16015625;5725.91015625;5726.9501953125;5726.9501953125;3147056
2024-09-24 14:20:00-04:00;5726.9501953125;5727.169921875;5726.72021484375;5726.72021484375;5726.72021484375;3134703
2024-09-24 14:21:00-04:00;5726.68994140625;5727.169921875;5725.64013671875;5725.830078125;5725.830078125;3154214
2024-09-24 14:22:00-04:00;5725.91015625;5727.4599609375;5725.89013671875;5727.14990234375;5727.14990234375;2306226
2024-09-24 14:23:00-04:00;5727.169921875;5727.169921875;5726.02001953125;5726.39013671875;5726.39013671875;2036912
2024-09-24 14:24:00-04:00;5726.3701171875;5726.43994140625;5725.9599609375;5726.240234375;5726.240234375;2397280
2024-09-24 14:25:00-04:00;5726.259765625;5726.58984375;5725.759765625;5725.89990234375;5725.89990234375;2705118
2024-09-24 14:26:00-04:00;5725.77978515625;5726.0400390625;5725.490234375;5726.0400390625;5726.0400390625;2433231
2024-09-24 14:27:00-04:00;5726.0400390625;5726.18017578125;5725.68994140625;5725.91015625;5725.91015625;2205579
2024-09-24 14:28:00-04:00;5725.89013671875;5726.41015625;5724.77001953125;5724.85009765625;5724.85009765625;3070483
2024-09-24 14:29:00-04:00;5724.85986328125;5725.14013671875;5723.81005859375;5724.97998046875;5724.97998046875;3399717
2024-09-24 14:30:00-04:00;5725.0;5725.0;5718.10986328125;5720.91015625;5720.91015625;6943142
2024-09-24 14:31:00-04:00;5720.9599609375;5722.75;5720.83984375;5722.5;5722.5;4112506
2024-09-24 14:32:00-04:00;5722.47998046875;5722.47998046875;5721.18017578125;5721.6298828125;5721.6298828125;2670825
2024-09-24 14:33:00-04:00;5721.60986328125;5723.43994140625;5720.81005859375;5723.2099609375;5723.2099609375;3231821
2024-09-24 14:34:00-04:00;5723.2900390625;5724.43994140625;5723.2099609375;5723.97021484375;5723.97021484375;3158086
2024-09-24 14:35:00-04:00;5724.0;5725.419921875;5724.0;5725.419921875;5725.419921875;3193863
2024-09-24 14:36:00-04:00;5725.39990234375;5726.080078125;5724.8701171875;5725.9501953125;5725.9501953125;2884762
2024-09-24 14:37:00-04:00;5725.97021484375;5726.06005859375;5724.39013671875;5724.68017578125;5724.68017578125;2908243
2024-09-24 14:38:00-04:00;5724.759765625;5726.0400390625;5724.759765625;5726.02001953125;5726.02001953125;2450501
2024-09-24 14:39:00-04:00;5725.93017578125;5727.64013671875;5725.7099609375;5727.64013671875;5727.64013671875;2812828
2024-09-24 14:40:00-04:00;5727.68017578125;5728.2001953125;5726.81005859375;5726.83984375;5726.83984375;3535620
2024-09-24 14:41:00-04:00;5726.81982421875;5727.31982421875;5726.60009765625;5726.81982421875;5726.81982421875;2955522
2024-09-24 14:42:00-04:00;5726.8701171875;5727.10009765625;5725.97998046875;5726.31005859375;5726.31005859375;3056282
2024-09-24 14:43:00-04:00;5726.35009765625;5726.5400390625;5726.16015625;5726.2001953125;5726.2001953125;2532795
2024-09-24 14:44:00-04:00;5726.22998046875;5727.5498046875;5726.22998046875;5727.419921875;5727.419921875;2927076
2024-09-24 14:45:00-04:00;5727.39990234375;5727.41015625;5726.93017578125;5727.2001953125;5727.2001953125;2941557
2024-09-24 14:46:00-04:00;5727.22998046875;5727.22998046875;5726.0400390625;5726.18994140625;5726.18994140625;2990206
2024-09-24 14:47:00-04:00;5726.2001953125;5727.0400390625;5725.89013671875;5727.0400390625;5727.0400390625;2731122
2024-09-24 14:48:00-04:00;5727.009765625;5727.06982421875;5726.3798828125;5726.43994140625;5726.43994140625;2533028
2024-09-24 14:49:00-04:00;5726.43017578125;5726.47998046875;5725.35009765625;5725.4501953125;5725.4501953125;2927031
2024-09-24 14:50:00-04:00;5725.43017578125;5726.740234375;5724.89990234375;5726.740234375;5726.740234375;3232618
2024-09-24 14:51:00-04:00;5726.7998046875;5727.669921875;5726.7998046875;5727.14013671875;5727.14013671875;4296022
2024-09-24 14:52:00-04:00;5727.14013671875;5727.93994140625;5727.06005859375;5727.39013671875;5727.39013671875;2581604
2024-09-24 14:53:00-04:00;5727.35986328125;5727.81005859375;5727.06005859375;5727.81005859375;5727.81005859375;2384339
2024-09-24 14:54:00-04:00;5727.77978515625;5728.080078125;5727.77001953125;5728.080078125;5728.080078125;2834765
2024-09-24 14:55:00-04:00;5728.18994140625;5728.52001953125;5727.47021484375;5727.47021484375;5727.47021484375;3276764
2024-09-24 14:56:00-04:00;5727.39013671875;5728.64990234375;5727.02978515625;5728.58984375;5728.58984375;3338960
2024-09-24 14:57:00-04:00;5728.580078125;5728.580078125;5728.0498046875;5728.35986328125;5728.35986328125;2916637
2024-09-24 14:58:00-04:00;5728.41015625;5728.4501953125;5726.97021484375;5727.06982421875;5727.06982421875;2936727
2024-09-24 14:59:00-04:00;5727.06005859375;5727.08984375;5725.66015625;5727.06005859375;5727.06005859375;3504322
2024-09-24 15:00:00-04:00;5727.0400390625;5727.3701171875;5726.4501953125;5727.18994140625;5727.18994140625;3653716
2024-09-24 15:01:00-04:00;5727.169921875;5727.2099609375;5726.6298828125;5726.7099609375;5726.7099609375;2802610
2024-09-24 15:02:00-04:00;5726.759765625;5727.7099609375;5726.64013671875;5727.7099609375;5727.7099609375;2970477
2024-09-24 15:03:00-04:00;5727.669921875;5727.740234375;5726.35986328125;5726.8701171875;5726.8701171875;3421777
2024-09-24 15:04:00-04:00;5726.93017578125;5728.1201171875;5726.93017578125;5728.009765625;5728.009765625;3596896
2024-09-24 15:05:00-04:00;5728.08984375;5728.35986328125;5727.72998046875;5728.1298828125;5728.1298828125;3386667
2024-09-24 15:06:00-04:00;5728.14990234375;5728.9501953125;5728.14990234375;5728.89990234375;5728.89990234375;3509823
2024-09-24 15:07:00-04:00;5728.830078125;5728.830078125;5728.0;5728.22998046875;5728.22998046875;3191783
2024-09-24 15:08:00-04:00;5728.27001953125;5729.4501953125;5728.27001953125;5729.25;5729.25;3198933
2024-09-24 15:09:00-04:00;5729.25;5729.25;5728.759765625;5728.85009765625;5728.85009765625;3146957
2024-09-24 15:10:00-04:00;5728.81982421875;5729.35986328125;5728.4599609375;5729.330078125;5729.330078125;3670444
2024-09-24 15:11:00-04:00;5729.330078125;5729.330078125;5728.16015625;5728.52001953125;5728.52001953125;5269793
2024-09-24 15:12:00-04:00;5728.52978515625;5728.5498046875;5727.3798828125;5727.93994140625;5727.93994140625;3758929
2024-09-24 15:13:00-04:00;5727.9599609375;5728.2099609375;5727.60986328125;5727.77001953125;5727.77001953125;3060980
2024-09-24 15:14:00-04:00;5727.7900390625;5728.47998046875;5727.490234375;5728.35986328125;5728.35986328125;3811069
2024-09-24 15:15:00-04:00;5728.2998046875;5729.3798828125;5728.02001953125;5729.35986328125;5729.35986328125;3942324
2024-09-24 15:16:00-04:00;5729.3798828125;5729.52978515625;5728.64013671875;5729.4501953125;5729.4501953125;3938517
2024-09-24 15:17:00-04:00;5729.43017578125;5729.43017578125;5727.39990234375;5727.830078125;5727.830078125;4803331
2024-09-24 15:18:00-04:00;5727.7998046875;5727.9501953125;5726.93994140625;5727.52978515625;5727.52978515625;5163722
2024-09-24 15:19:00-04:00;5727.580078125;5728.27978515625;5727.39013671875;5728.25;5728.25;3932296
2024-09-24 15:20:00-04:00;5728.169921875;5728.580078125;5727.93994140625;5728.52978515625;5728.52978515625;3659763
2024-09-24 15:21:00-04:00;5728.580078125;5729.31982421875;5728.580078125;5729.22021484375;5729.22021484375;3944634
2024-09-24 15:22:00-04:00;5729.08984375;5729.1201171875;5728.2001953125;5728.60986328125;5728.60986328125;3562202
2024-09-24 15:23:00-04:00;5728.60986328125;5728.7099609375;5727.56982421875;5727.97021484375;5727.97021484375;4640161
2024-09-24 15:24:00-04:00;5728.0400390625;5729.64990234375;5728.0400390625;5729.31982421875;5729.31982421875;3914399
2024-09-24 15:25:00-04:00;5729.31982421875;5729.6298828125;5729.0;5729.08984375;5729.08984375;3636564
2024-09-24 15:26:00-04:00;5729.080078125;5729.60986328125;5728.81982421875;5729.419921875;5729.419921875;3802596
2024-09-24 15:27:00-04:00;5729.39990234375;5729.60986328125;5728.8798828125;5729.1201171875;5729.1201171875;4087503
2024-09-24 15:28:00-04:00;5729.16015625;5729.2900390625;5728.35986328125;5729.22998046875;5729.22998046875;4452122
2024-09-24 15:29:00-04:00;5729.27001953125;5729.27001953125;5728.31005859375;5728.64013671875;5728.64013671875;4824814
2024-09-24 15:30:00-04:00;5728.6298828125;5728.6298828125;5727.2900390625;5728.10009765625;5728.10009765625;6346410
2024-09-24 15:31:00-04:00;5727.97021484375;5728.7001953125;5727.6298828125;5728.02001953125;5728.02001953125;5760501
2024-09-24 15:32:00-04:00;5727.9599609375;5728.64990234375;5727.56982421875;5728.4599609375;5728.4599609375;4954286
2024-09-24 15:33:00-04:00;5728.43017578125;5728.43017578125;5727.39990234375;5727.66015625;5727.66015625;4776732
2024-09-24 15:34:00-04:00;5727.66015625;5727.7099609375;5727.1201171875;5727.22021484375;5727.22021484375;5012493
2024-09-24 15:35:00-04:00;5727.240234375;5727.240234375;5726.56005859375;5727.22998046875;5727.22998046875;4901973
2024-09-24 15:36:00-04:00;5727.22998046875;5727.919921875;5726.47021484375;5726.72021484375;5726.72021484375;4985246
2024-09-24 15:37:00-04:00;5726.72021484375;5727.10986328125;5726.2900390625;5727.10986328125;5727.10986328125;5444142
2024-09-24 15:38:00-04:00;5727.06005859375;5727.8701171875;5726.56982421875;5726.89013671875;5726.89013671875;5924266
2024-09-24 15:39:00-04:00;5726.8798828125;5727.419921875;5726.72021484375;5727.18017578125;5727.18017578125;5602650
2024-09-24 15:40:00-04:00;5727.16015625;5727.85009765625;5726.9599609375;5727.7001953125;5727.7001953125;5837483
2024-09-24 15:41:00-04:00;5727.68017578125;5729.830078125;5727.64990234375;5729.43017578125;5729.43017578125;6543557
2024-09-24 15:42:00-04:00;5729.419921875;5729.419921875;5728.43994140625;5729.35986328125;5729.35986328125;5393700
2024-09-24 15:43:00-04:00;5729.35986328125;5729.3701171875;5728.43994140625;5728.75;5728.75;5563438
2024-09-24 15:44:00-04:00;5728.68017578125;5728.759765625;5728.02978515625;5728.259765625;5728.259765625;6084834
2024-09-24 15:45:00-04:00;5728.18017578125;5729.2998046875;5728.18017578125;5729.1201171875;5729.1201171875;7743428
2024-09-24 15:46:00-04:00;5729.06982421875;5729.06982421875;5728.419921875;5728.56982421875;5728.56982421875;6342375
2024-09-24 15:47:00-04:00;5728.47998046875;5729.169921875;5727.97998046875;5728.64990234375;5728.64990234375;6713491
2024-09-24 15:48:00-04:00;5728.759765625;5730.2998046875;5728.759765625;5729.830078125;5729.830078125;6972349
2024-09-24 15:49:00-04:00;5729.85009765625;5729.85009765625;5729.009765625;5729.2001953125;5729.2001953125;6872751
2024-09-24 15:50:00-04:00;5729.22998046875;5730.18994140625;5728.85009765625;5729.14990234375;5729.14990234375;14638498
2024-09-24 15:51:00-04:00;5729.240234375;5730.740234375;5729.009765625;5729.72021484375;5729.72021484375;12126114
2024-09-24 15:52:00-04:00;5729.7998046875;5730.27978515625;5729.080078125;5730.27978515625;5730.27978515625;11006674
2024-09-24 15:53:00-04:00;5730.259765625;5730.3798828125;5729.39013671875;5730.259765625;5730.259765625;11792771
2024-09-24 15:54:00-04:00;5730.169921875;5730.56005859375;5727.4501953125;5727.89013671875;5727.89013671875;15165353
2024-09-24 15:55:00-04:00;5727.7998046875;5728.9599609375;5726.27978515625;5728.9599609375;5728.9599609375;19502459
2024-09-24 15:56:00-04:00;5729.080078125;5730.419921875;5728.259765625;5729.91015625;5729.91015625;18179464
2024-09-24 15:57:00-04:00;5729.8798828125;5730.4501953125;5729.52001953125;5729.6201171875;5729.6201171875;18385356
2024-09-24 15:58:00-04:00;5729.81982421875;5731.2099609375;5729.77001953125;5730.22998046875;5730.22998046875;19474422
2024-09-24 15:59:00-04:00;5730.22021484375;5735.31982421875;5730.2099609375;5734.52001953125;5734.52001953125;19902928
