Datetime;Open;High;Low;Close;Adj Close;Volume
2024-09-16 09:04:00+02:00;518.7142944335938;518.7322998046875;518.7142944335938;518.7322998046875;518.7322998046875;0
2024-09-16 09:05:00+02:00;518.7305297851562;518.7305908203125;518.7301025390625;518.7301025390625;518.7301025390625;11
2024-09-16 09:06:00+02:00;518.8297119140625;518.8297119140625;518.8297119140625;518.8297119140625;518.8297119140625;2
2024-09-16 09:08:00+02:00;518.9404907226562;519.0869750976562;518.9404296875;519.08447265625;519.08447265625;5
2024-09-16 09:11:00+02:00;518.9713134765625;518.9713134765625;518.9594116210938;518.9594116210938;518.9594116210938;49
2024-09-16 09:12:00+02:00;518.9796752929688;518.9796752929688;518.9796752929688;518.9796752929688;518.9796752929688;9
2024-09-16 09:13:00+02:00;519.0584106445312;519.0584106445312;519.0584106445312;519.0584106445312;519.0584106445312;1
2024-09-16 09:14:00+02:00;519.0363159179688;519.0363159179688;519.0341796875;519.0341796875;519.0341796875;2
2024-09-16 09:15:00+02:00;519.0341796875;519.0341796875;519.0341796875;519.0341796875;519.0341796875;10
2024-09-16 09:16:00+02:00;518.9625854492188;518.9625854492188;518.9625854492188;518.9625854492188;518.9625854492188;1
2024-09-16 09:18:00+02:00;518.5999755859375;518.5999755859375;518.5084838867188;518.5084838867188;518.5084838867188;2
2024-09-16 09:19:00+02:00;518.8040161132812;518.8040161132812;518.8040161132812;518.8040161132812;518.8040161132812;9
2024-09-16 09:20:00+02:00;518.8034057617188;518.9760131835938;518.8034057617188;518.97021484375;518.97021484375;4
2024-09-16 09:21:00+02:00;518.9627075195312;519.065185546875;518.9453735351562;519.065185546875;519.065185546875;13
2024-09-16 09:23:00+02:00;519.0484008789062;519.0484008789062;519.0484008789062;519.0484008789062;519.0484008789062;2
2024-09-16 09:24:00+02:00;519.0;519.0;519.0;519.0;519.0;1
2024-09-16 09:25:00+02:00;519.0382080078125;519.0382080078125;519.0161743164062;519.0161743164062;519.0161743164062;2
2024-09-16 09:26:00+02:00;518.53271484375;518.9389038085938;518.53271484375;518.9389038085938;518.9389038085938;8
2024-09-16 09:27:00+02:00;518.600830078125;518.600830078125;518.600830078125;518.600830078125;518.600830078125;4
2024-09-16 09:28:00+02:00;519.0357055664062;519.0357055664062;518.6060180664062;518.6060180664062;518.6060180664062;9
2024-09-16 09:29:00+02:00;518.9483032226562;518.9483032226562;518.9483032226562;518.9483032226562;518.9483032226562;1
2024-09-16 09:30:00+02:00;518.9403076171875;518.9403076171875;518.8972778320312;518.8972778320312;518.8972778320312;16
2024-09-16 09:31:00+02:00;518.8469848632812;518.8469848632812;518.8469848632812;518.8469848632812;518.8469848632812;3
2024-09-16 09:33:00+02:00;518.8200073242188;518.8200073242188;518.8200073242188;518.8200073242188;518.8200073242188;1
2024-09-16 09:34:00+02:00;518.8200073242188;518.8200073242188;518.8200073242188;518.8200073242188;518.8200073242188;1
2024-09-16 09:35:00+02:00;518.8200073242188;518.8200073242188;518.8200073242188;518.8200073242188;518.8200073242188;1
2024-09-16 09:36:00+02:00;518.8768920898438;518.8768920898438;518.5999755859375;518.6309814453125;518.6309814453125;5
2024-09-16 09:37:00+02:00;518.6292114257812;518.6292114257812;518.5;518.5;518.5;7
2024-09-16 09:39:00+02:00;518.814208984375;518.814208984375;518.814208984375;518.814208984375;518.814208984375;100
2024-09-16 09:40:00+02:00;518.5001831054688;518.5001831054688;518.5001831054688;518.5001831054688;518.5001831054688;4
2024-09-16 09:41:00+02:00;518.9127807617188;518.9127807617188;518.9127807617188;518.9127807617188;518.9127807617188;1
2024-09-16 09:43:00+02:00;518.9434814453125;518.9434814453125;518.9099731445312;518.9099731445312;518.9099731445312;9
2024-09-16 09:45:00+02:00;518.848388671875;518.848388671875;518.848388671875;518.848388671875;518.848388671875;3
2024-09-16 09:49:00+02:00;518.9992065429688;518.9992065429688;518.9992065429688;518.9992065429688;518.9992065429688;1
2024-09-16 09:50:00+02:00;519.05712890625;519.05712890625;519.05712890625;519.05712890625;519.05712890625;1
2024-09-16 09:52:00+02:00;519.1812133789062;519.1812133789062;519.1796875;519.1796875;519.1796875;9
2024-09-16 09:54:00+02:00;519.1409301757812;519.2540893554688;519.1409301757812;519.24951171875;519.24951171875;156
2024-09-16 09:55:00+02:00;519.3131103515625;519.3131103515625;519.3131103515625;519.3131103515625;519.3131103515625;3
2024-09-16 09:57:00+02:00;519.4373779296875;519.4373779296875;519.4373779296875;519.4373779296875;519.4373779296875;2
2024-09-16 09:58:00+02:00;519.4116821289062;519.4116821289062;519.4116821289062;519.4116821289062;519.4116821289062;1
2024-09-16 10:01:00+02:00;518.9044799804688;518.9044799804688;518.9044799804688;518.9044799804688;518.9044799804688;9
2024-09-16 10:03:00+02:00;518.930908203125;519.5679931640625;518.930908203125;519.5679931640625;519.5679931640625;5
2024-09-16 10:06:00+02:00;519.6541137695312;519.6541137695312;519.6541137695312;519.6541137695312;519.6541137695312;1
2024-09-16 10:08:00+02:00;519.20361328125;519.20361328125;519.2034912109375;519.2034912109375;519.2034912109375;26
2024-09-16 10:09:00+02:00;519.2009887695312;519.2009887695312;519.2000122070312;519.2000122070312;519.2000122070312;22
2024-09-16 10:10:00+02:00;519.4832153320312;519.4832153320312;519.4832153320312;519.4832153320312;519.4832153320312;1
2024-09-16 10:12:00+02:00;519.4221801757812;519.4221801757812;519.4140014648438;519.4140014648438;519.4140014648438;12
2024-09-16 10:13:00+02:00;519.0374145507812;519.0374145507812;519.0369262695312;519.0369262695312;519.0369262695312;46
2024-09-16 10:16:00+02:00;519.3222045898438;519.3222045898438;519.3222045898438;519.3222045898438;519.3222045898438;1
2024-09-16 10:17:00+02:00;519.322021484375;519.322021484375;519.322021484375;519.322021484375;519.322021484375;2
2024-09-16 10:18:00+02:00;519.3499755859375;519.3499755859375;519.3499755859375;519.3499755859375;519.3499755859375;1
2024-09-16 10:20:00+02:00;519.368408203125;519.368408203125;519.368408203125;519.368408203125;519.368408203125;1
2024-09-16 10:22:00+02:00;519.443115234375;519.443115234375;519.4368896484375;519.4368896484375;519.4368896484375;4
2024-09-16 10:24:00+02:00;519.4901733398438;519.4901733398438;519.4901733398438;519.4901733398438;519.4901733398438;1
2024-09-16 10:25:00+02:00;519.4547729492188;519.4547729492188;519.4547729492188;519.4547729492188;519.4547729492188;6
2024-09-16 10:26:00+02:00;519.080078125;519.4536743164062;519.080078125;519.4536743164062;519.4536743164062;23
2024-09-16 10:27:00+02:00;519.5460205078125;519.5460205078125;519.5460205078125;519.5460205078125;519.5460205078125;1
2024-09-16 10:29:00+02:00;519.5772094726562;519.5772094726562;519.4998779296875;519.4998779296875;519.4998779296875;4
2024-09-16 10:30:00+02:00;519.4749755859375;519.4749755859375;519.4537963867188;519.4537963867188;519.4537963867188;4
2024-09-16 10:31:00+02:00;519.4332885742188;519.4332885742188;519.4235229492188;519.4235229492188;519.4235229492188;2
2024-09-16 10:32:00+02:00;519.4210205078125;519.4210205078125;519.4210205078125;519.4210205078125;519.4210205078125;1
2024-09-16 10:33:00+02:00;519.4697875976562;519.4697875976562;519.4697875976562;519.4697875976562;519.4697875976562;1
2024-09-16 10:34:00+02:00;519.448486328125;519.448486328125;519.4077758789062;519.4077758789062;519.4077758789062;5
2024-09-16 10:37:00+02:00;519.2711791992188;519.2711791992188;519.2711791992188;519.2711791992188;519.2711791992188;1
2024-09-16 10:39:00+02:00;519.0999755859375;519.3095703125;519.0999755859375;519.3095703125;519.3095703125;17
2024-09-16 10:40:00+02:00;519.3001708984375;519.3026123046875;519.3001708984375;519.3026123046875;519.3026123046875;22
2024-09-16 10:41:00+02:00;519.3585815429688;519.3585815429688;519.3585815429688;519.3585815429688;519.3585815429688;4
2024-09-16 10:43:00+02:00;519.330322265625;519.330322265625;519.3200073242188;519.3200073242188;519.3200073242188;4
2024-09-16 10:44:00+02:00;519.3848266601562;519.3848266601562;519.3848266601562;519.3848266601562;519.3848266601562;1
2024-09-16 10:45:00+02:00;519.3596801757812;519.3596801757812;519.3316040039062;519.3316040039062;519.3316040039062;3
2024-09-16 10:46:00+02:00;519.2863159179688;519.286376953125;519.2863159179688;519.286376953125;519.286376953125;8
2024-09-16 10:47:00+02:00;519.2435913085938;519.2435913085938;519.2435913085938;519.2435913085938;519.2435913085938;4
2024-09-16 10:49:00+02:00;519.21142578125;519.21142578125;519.21142578125;519.21142578125;519.21142578125;11
2024-09-16 10:52:00+02:00;519.2440795898438;519.2440795898438;519.2440795898438;519.2440795898438;519.2440795898438;5
2024-09-16 10:58:00+02:00;519.2717895507812;519.2717895507812;519.2717895507812;519.2717895507812;519.2717895507812;3
2024-09-16 11:01:00+02:00;519.3930053710938;519.5;519.3930053710938;519.5;519.5;3
2024-09-16 11:05:00+02:00;519.3709106445312;519.3709106445312;519.1500244140625;519.1500244140625;519.1500244140625;3
2024-09-16 11:06:00+02:00;519.3444213867188;519.3444213867188;519.0999755859375;519.0999755859375;519.0999755859375;9
2024-09-16 11:07:00+02:00;519.3010864257812;519.3010864257812;519.0800170898438;519.2412719726562;519.2412719726562;9
2024-09-16 11:08:00+02:00;519.2332763671875;519.2332763671875;519.210205078125;519.210205078125;519.210205078125;3
2024-09-16 11:09:00+02:00;519.1478881835938;519.1478881835938;519.1478881835938;519.1478881835938;519.1478881835938;2
2024-09-16 11:10:00+02:00;519.2841186523438;519.2841186523438;519.263427734375;519.263427734375;519.263427734375;3
2024-09-16 11:14:00+02:00;519.4302978515625;519.4302978515625;519.4302978515625;519.4302978515625;519.4302978515625;2
2024-09-16 11:16:00+02:00;519.3837890625;519.3837890625;519.3837890625;519.3837890625;519.3837890625;1
2024-09-16 11:17:00+02:00;519.3731079101562;519.3731079101562;519.260009765625;519.3585205078125;519.3585205078125;5
2024-09-16 11:18:00+02:00;519.3303833007812;519.4545288085938;519.3303833007812;519.4545288085938;519.4545288085938;20
2024-09-16 11:19:00+02:00;519.3303833007812;519.4183959960938;519.3303833007812;519.4019165039062;519.4019165039062;4
2024-09-16 11:20:00+02:00;519.3753051757812;519.3753051757812;519.3753051757812;519.3753051757812;519.3753051757812;1
2024-09-16 11:21:00+02:00;519.3665161132812;519.3665161132812;519.3665161132812;519.3665161132812;519.3665161132812;1
2024-09-16 11:22:00+02:00;519.4163208007812;519.4163208007812;519.4163208007812;519.4163208007812;519.4163208007812;1
2024-09-16 11:23:00+02:00;519.3812866210938;519.3812866210938;519.381103515625;519.381103515625;519.381103515625;3
2024-09-16 11:26:00+02:00;519.3007202148438;519.3007202148438;519.2877197265625;519.2877197265625;519.2877197265625;2
2024-09-16 11:28:00+02:00;519.1923217773438;519.1923217773438;519.1782836914062;519.1782836914062;519.1782836914062;18
2024-09-16 11:32:00+02:00;519.2905883789062;519.2907104492188;519.2905883789062;519.2907104492188;519.2907104492188;5
2024-09-16 11:36:00+02:00;519.2907104492188;519.2907104492188;519.2907104492188;519.2907104492188;519.2907104492188;6
2024-09-16 11:37:00+02:00;519.2907104492188;519.5;519.2907104492188;519.5;519.5;41
2024-09-16 11:41:00+02:00;519.4105224609375;519.4105224609375;519.4105224609375;519.4105224609375;519.4105224609375;8
2024-09-16 11:42:00+02:00;519.410400390625;519.410400390625;519.410400390625;519.410400390625;519.410400390625;2
2024-09-16 11:44:00+02:00;519.3302001953125;519.3302001953125;519.3302001953125;519.3302001953125;519.3302001953125;10
2024-09-16 11:46:00+02:00;519.0001220703125;519.0001220703125;519.0001220703125;519.0001220703125;519.0001220703125;3
2024-09-16 11:48:00+02:00;519.1627807617188;519.1627807617188;519.1627807617188;519.1627807617188;519.1627807617188;3
2024-09-16 11:51:00+02:00;519.2164916992188;519.2164916992188;519.2164916992188;519.2164916992188;519.2164916992188;1
2024-09-16 11:56:00+02:00;519.2716064453125;519.2716064453125;519.2716064453125;519.2716064453125;519.2716064453125;1
2024-09-16 12:00:00+02:00;519.1248168945312;519.1248168945312;519.1248168945312;519.1248168945312;519.1248168945312;2
2024-09-16 12:01:00+02:00;519.0;519.0;519.0;519.0;519.0;12
2024-09-16 12:02:00+02:00;518.9044799804688;518.9044799804688;518.9044799804688;518.9044799804688;518.9044799804688;1
2024-09-16 12:03:00+02:00;518.9530029296875;518.9539794921875;518.9530029296875;518.9539794921875;518.9539794921875;8
2024-09-16 12:06:00+02:00;518.9163208007812;518.9163208007812;518.9163208007812;518.9163208007812;518.9163208007812;5
2024-09-16 12:08:00+02:00;518.9163818359375;518.9163818359375;518.9163818359375;518.9163818359375;518.9163818359375;6
2024-09-16 12:09:00+02:00;518.7999877929688;518.7999877929688;518.7999877929688;518.7999877929688;518.7999877929688;5
2024-09-16 12:10:00+02:00;518.8905029296875;518.8905029296875;518.8905029296875;518.8905029296875;518.8905029296875;2
2024-09-16 12:11:00+02:00;518.5800170898438;518.5800170898438;518.5800170898438;518.5800170898438;518.5800170898438;2
2024-09-16 12:12:00+02:00;518.790283203125;518.790283203125;518.790283203125;518.790283203125;518.790283203125;1
2024-09-16 12:14:00+02:00;518.7866821289062;518.7866821289062;518.7866821289062;518.7866821289062;518.7866821289062;5
2024-09-16 12:19:00+02:00;518.7866821289062;518.7866821289062;518.7866821289062;518.7866821289062;518.7866821289062;1
2024-09-16 12:20:00+02:00;518.7866821289062;518.7866821289062;518.7866821289062;518.7866821289062;518.7866821289062;4
2024-09-16 12:24:00+02:00;518.5147705078125;518.5147705078125;518.5147705078125;518.5147705078125;518.5147705078125;5
2024-09-16 12:25:00+02:00;518.7562866210938;518.7562866210938;518.7562866210938;518.7562866210938;518.7562866210938;2
2024-09-16 12:26:00+02:00;518.5;518.5;518.5;518.5;518.5;25
2024-09-16 12:29:00+02:00;518.2188720703125;518.2188720703125;518.2188110351562;518.2188110351562;518.2188110351562;62
2024-09-16 12:33:00+02:00;518.5748291015625;518.5748291015625;518.5748291015625;518.5748291015625;518.5748291015625;2
2024-09-16 12:36:00+02:00;518.3150024414062;518.3150024414062;518.236572265625;518.236572265625;518.236572265625;8
2024-09-16 12:39:00+02:00;518.6434936523438;518.6434936523438;518.6434936523438;518.6434936523438;518.6434936523438;1
2024-09-16 12:40:00+02:00;518.6434936523438;518.6434936523438;518.6434936523438;518.6434936523438;518.6434936523438;2
2024-09-16 12:41:00+02:00;518.6434936523438;518.6434936523438;518.6434936523438;518.6434936523438;518.6434936523438;16
2024-09-16 12:43:00+02:00;518.9542236328125;518.9542236328125;518.9412231445312;518.9412231445312;518.9412231445312;7
2024-09-16 12:44:00+02:00;518.9409790039062;519.0;518.9409790039062;519.0;519.0;39
2024-09-16 12:46:00+02:00;519.1837768554688;519.1837768554688;519.1837768554688;519.1837768554688;519.1837768554688;1
2024-09-16 12:48:00+02:00;519.1021118164062;519.1021118164062;519.1021118164062;519.1021118164062;519.1021118164062;1
2024-09-16 12:50:00+02:00;519.1953735351562;519.1953735351562;519.1953735351562;519.1953735351562;519.1953735351562;2
2024-09-16 12:51:00+02:00;519.155029296875;519.1550903320312;519.1400146484375;519.1400146484375;519.1400146484375;20
2024-09-16 12:53:00+02:00;519.2354125976562;519.2354125976562;519.2354125976562;519.2354125976562;519.2354125976562;4
2024-09-16 13:00:00+02:00;519.1737060546875;519.1737060546875;519.1737060546875;519.1737060546875;519.1737060546875;10
2024-09-16 13:02:00+02:00;519.1207275390625;519.1207275390625;519.114501953125;519.114501953125;519.114501953125;4
2024-09-16 13:04:00+02:00;519.0791015625;519.0791015625;519.0791015625;519.0791015625;519.0791015625;1
2024-09-16 13:07:00+02:00;519.0;519.0;519.0;519.0;519.0;2
2024-09-16 13:08:00+02:00;519.1015014648438;519.1015014648438;519.1015014648438;519.1015014648438;519.1015014648438;1
2024-09-16 13:10:00+02:00;519.0969848632812;519.0969848632812;519.0969848632812;519.0969848632812;519.0969848632812;1
2024-09-16 13:11:00+02:00;519.181884765625;519.181884765625;519.181884765625;519.181884765625;519.181884765625;1
2024-09-16 13:15:00+02:00;519.122314453125;519.122314453125;519.122314453125;519.122314453125;519.122314453125;1
2024-09-16 13:16:00+02:00;519.0767822265625;519.0767822265625;519.0767822265625;519.0767822265625;519.0767822265625;30
2024-09-16 13:18:00+02:00;519.1713256835938;519.1713256835938;519.1713256835938;519.1713256835938;519.1713256835938;1
2024-09-16 13:20:00+02:00;519.1118774414062;519.1118774414062;519.1118774414062;519.1118774414062;519.1118774414062;1
2024-09-16 13:23:00+02:00;518.5989990234375;518.5989990234375;518.5989990234375;518.5989990234375;518.5989990234375;4
2024-09-16 13:26:00+02:00;518.82470703125;518.9102783203125;518.4573974609375;518.4573974609375;518.4573974609375;5
2024-09-16 13:29:00+02:00;518.8214721679688;518.8214721679688;518.8214721679688;518.8214721679688;518.8214721679688;1
2024-09-16 13:31:00+02:00;518.8668212890625;518.8668212890625;518.8668212890625;518.8668212890625;518.8668212890625;1
2024-09-16 13:32:00+02:00;518.830078125;518.830078125;518.830078125;518.830078125;518.830078125;1
2024-09-16 13:34:00+02:00;518.9218139648438;518.9218139648438;518.9218139648438;518.9218139648438;518.9218139648438;1
2024-09-16 13:48:00+02:00;518.9215087890625;518.9215087890625;518.9212036132812;518.9212036132812;518.9212036132812;3
2024-09-16 13:49:00+02:00;518.49462890625;518.49462890625;518.49462890625;518.49462890625;518.49462890625;11
2024-09-16 13:51:00+02:00;518.9216918945312;518.9216918945312;518.9216918945312;518.9216918945312;518.9216918945312;1
2024-09-16 13:52:00+02:00;518.9216918945312;518.99658203125;518.9216918945312;518.986083984375;518.986083984375;8
2024-09-16 13:54:00+02:00;518.910400390625;518.910400390625;518.4191284179688;518.4191284179688;518.4191284179688;8
2024-09-16 13:55:00+02:00;518.398193359375;518.398193359375;518.398193359375;518.398193359375;518.398193359375;1
2024-09-16 13:58:00+02:00;518.763427734375;518.763427734375;518.763427734375;518.763427734375;518.763427734375;1
2024-09-16 14:01:00+02:00;518.7630004882812;518.7630004882812;518.7630004882812;518.7630004882812;518.7630004882812;1
2024-09-16 14:04:00+02:00;518.5675048828125;518.5675048828125;518.5675048828125;518.5675048828125;518.5675048828125;1
2024-09-16 14:05:00+02:00;518.5349731445312;518.5349731445312;518.531982421875;518.531982421875;518.531982421875;4
2024-09-16 14:06:00+02:00;518.2000122070312;518.2000122070312;518.1514282226562;518.1514282226562;518.1514282226562;2
2024-09-16 14:10:00+02:00;518.7650756835938;518.7650756835938;518.7650756835938;518.7650756835938;518.7650756835938;3
2024-09-16 14:11:00+02:00;518.81201171875;518.81201171875;518.80322265625;518.80322265625;518.80322265625;5
2024-09-16 14:13:00+02:00;518.4047241210938;518.4047241210938;518.4047241210938;518.4047241210938;518.4047241210938;2
2024-09-16 14:17:00+02:00;518.6281127929688;518.6281127929688;518.6281127929688;518.6281127929688;518.6281127929688;1
2024-09-16 14:20:00+02:00;518.4047241210938;518.4047241210938;518.4047241210938;518.4047241210938;518.4047241210938;1
2024-09-16 14:22:00+02:00;518.1500854492188;518.1500854492188;518.1500854492188;518.1500854492188;518.1500854492188;1
2024-09-16 14:24:00+02:00;518.3051147460938;518.3051147460938;518.3051147460938;518.3051147460938;518.3051147460938;20
2024-09-16 14:25:00+02:00;518.2954711914062;518.2954711914062;518.2954711914062;518.2954711914062;518.2954711914062;1
2024-09-16 14:26:00+02:00;518.260986328125;518.260986328125;518.260986328125;518.260986328125;518.260986328125;1
2024-09-16 14:27:00+02:00;518.2890014648438;518.2890014648438;518.27197265625;518.27197265625;518.27197265625;29
2024-09-16 14:28:00+02:00;518.3037109375;518.3037109375;518.3037109375;518.3037109375;518.3037109375;1
2024-09-16 14:30:00+02:00;519.1380004882812;519.1380004882812;518.10009765625;518.41162109375;518.41162109375;14
2024-09-16 14:33:00+02:00;518.2606811523438;518.2606811523438;518.2606811523438;518.2606811523438;518.2606811523438;1
2024-09-16 14:41:00+02:00;518.6837158203125;518.6837158203125;518.6837158203125;518.6837158203125;518.6837158203125;2
2024-09-16 14:42:00+02:00;518.6597290039062;518.6597290039062;518.6597290039062;518.6597290039062;518.6597290039062;1
2024-09-16 14:47:00+02:00;518.52099609375;518.52099609375;518.52099609375;518.52099609375;518.52099609375;1
2024-09-16 14:48:00+02:00;518.4766845703125;518.4766845703125;518.4686889648438;518.4686889648438;518.4686889648438;3
2024-09-16 14:50:00+02:00;518.3751831054688;518.3751831054688;518.3751831054688;518.3751831054688;518.3751831054688;4
2024-09-16 14:51:00+02:00;518.3687744140625;518.3687744140625;518.3687744140625;518.3687744140625;518.3687744140625;7
2024-09-16 14:52:00+02:00;518.351806640625;518.3538208007812;518.351806640625;518.3538208007812;518.3538208007812;173
2024-09-16 14:54:00+02:00;518.35400390625;518.35400390625;518.32177734375;518.32177734375;518.32177734375;9
2024-09-16 14:55:00+02:00;518.3319702148438;518.3560791015625;518.3319702148438;518.3560791015625;518.3560791015625;5
2024-09-16 14:56:00+02:00;518.3917846679688;518.3917846679688;518.3917846679688;518.3917846679688;518.3917846679688;5
2024-09-16 14:57:00+02:00;518.4827270507812;518.4827270507812;518.4827270507812;518.4827270507812;518.4827270507812;7
2024-09-16 14:58:00+02:00;518.0999755859375;518.0999755859375;518.0999755859375;518.0999755859375;518.0999755859375;5
2024-09-16 15:00:00+02:00;518.6314697265625;518.6314697265625;518.6314697265625;518.6314697265625;518.6314697265625;1
2024-09-16 15:01:00+02:00;518.5640869140625;518.5640869140625;518.5640869140625;518.5640869140625;518.5640869140625;2
2024-09-16 15:03:00+02:00;518.5150146484375;518.5150146484375;518.5067749023438;518.5067749023438;518.5067749023438;12
2024-09-16 15:06:00+02:00;518.5;518.5;518.5;518.5;518.5;2
2024-09-16 15:09:00+02:00;518.4312133789062;518.4312133789062;518.4312133789062;518.4312133789062;518.4312133789062;5
2024-09-16 15:10:00+02:00;518.5;518.5289916992188;518.5;518.5289916992188;518.5289916992188;4
2024-09-16 15:12:00+02:00;518.0999755859375;518.0999755859375;518.0999755859375;518.0999755859375;518.0999755859375;1
2024-09-16 15:14:00+02:00;518.3544921875;518.3544921875;518.0999755859375;518.0999755859375;518.0999755859375;11
2024-09-16 15:16:00+02:00;518.3660888671875;518.3660888671875;518.3660888671875;518.3660888671875;518.3660888671875;1
2024-09-16 15:18:00+02:00;518.2828979492188;518.2828979492188;518.2828979492188;518.2828979492188;518.2828979492188;3
2024-09-16 15:25:00+02:00;518.231201171875;518.239990234375;518.231201171875;518.239990234375;518.239990234375;2
2024-09-16 15:27:00+02:00;518.4144287109375;518.4144287109375;518.4144287109375;518.4144287109375;518.4144287109375;30
2024-09-16 15:28:00+02:00;518.168212890625;518.168212890625;518.168212890625;518.168212890625;518.168212890625;1
2024-09-16 15:29:00+02:00;518.28857421875;518.28857421875;518.28857421875;518.28857421875;518.28857421875;1
2024-09-16 15:30:00+02:00;518.6016235351562;518.6016235351562;518.6016235351562;518.6016235351562;518.6016235351562;1
2024-09-16 15:31:00+02:00;518.041015625;518.0413818359375;518.041015625;518.0413818359375;518.0413818359375;59
2024-09-16 15:33:00+02:00;518.0;518.0;518.0;518.0;518.0;108
2024-09-16 15:34:00+02:00;517.911376953125;517.911376953125;517.911376953125;517.911376953125;517.911376953125;1
2024-09-16 15:35:00+02:00;517.75;517.75;517.75;517.75;517.75;1
2024-09-16 15:36:00+02:00;517.6478881835938;517.6478881835938;517.6478881835938;517.6478881835938;517.6478881835938;1
2024-09-16 15:38:00+02:00;517.843505859375;517.843505859375;517.8414916992188;517.8414916992188;517.8414916992188;2
2024-09-16 15:48:00+02:00;517.9099731445312;517.9099731445312;517.9099731445312;517.9099731445312;517.9099731445312;3
2024-09-16 15:52:00+02:00;518.9337158203125;518.9337158203125;518.9337158203125;518.9337158203125;518.9337158203125;3
2024-09-16 15:55:00+02:00;519.1195068359375;519.1195068359375;519.1195068359375;519.1195068359375;519.1195068359375;1
2024-09-16 15:56:00+02:00;519.2000122070312;519.2000122070312;519.2000122070312;519.2000122070312;519.2000122070312;148
2024-09-16 16:00:00+02:00;519.0750122070312;519.0750122070312;519.0750122070312;519.0750122070312;519.0750122070312;1
2024-09-16 16:01:00+02:00;518.7369995117188;518.7369995117188;518.7369995117188;518.7369995117188;518.7369995117188;1
2024-09-16 16:04:00+02:00;518.739990234375;518.739990234375;518.739990234375;518.739990234375;518.739990234375;2
2024-09-16 16:05:00+02:00;519.293212890625;519.293212890625;519.060302734375;519.060302734375;519.060302734375;17
2024-09-16 16:06:00+02:00;519.244384765625;519.244384765625;519.244384765625;519.244384765625;519.244384765625;1
2024-09-16 16:08:00+02:00;519.4613037109375;519.4613037109375;519.4577026367188;519.4577026367188;519.4577026367188;6
2024-09-16 16:09:00+02:00;519.2313232421875;519.2313232421875;519.2313232421875;519.2313232421875;519.2313232421875;1
2024-09-16 16:10:00+02:00;519.1768798828125;519.1768798828125;519.1768798828125;519.1768798828125;519.1768798828125;4
2024-09-16 16:12:00+02:00;519.1195068359375;519.1195068359375;519.1195068359375;519.1195068359375;519.1195068359375;1
2024-09-16 16:14:00+02:00;519.3206787109375;519.3206787109375;519.3206787109375;519.3206787109375;519.3206787109375;16
2024-09-16 16:16:00+02:00;519.3546752929688;519.3546752929688;519.35400390625;519.35400390625;519.35400390625;5
2024-09-16 16:17:00+02:00;519.3065185546875;519.3065185546875;519.3065185546875;519.3065185546875;519.3065185546875;9
2024-09-16 16:18:00+02:00;519.2158813476562;519.2158813476562;519.2158813476562;519.2158813476562;519.2158813476562;1
2024-09-16 16:20:00+02:00;518.739990234375;518.739990234375;518.7000122070312;518.7000122070312;518.7000122070312;4
2024-09-16 16:27:00+02:00;518.2061157226562;518.2061157226562;518.2061157226562;518.2061157226562;518.2061157226562;6
2024-09-16 16:29:00+02:00;518.3695068359375;518.3695068359375;518.3695068359375;518.3695068359375;518.3695068359375;2
2024-09-16 16:30:00+02:00;518.3406982421875;518.3406982421875;518.3406982421875;518.3406982421875;518.3406982421875;1
2024-09-16 16:31:00+02:00;517.6613159179688;517.6613159179688;517.6610107421875;517.6610107421875;517.6610107421875;39
2024-09-16 16:33:00+02:00;517.6776733398438;517.6776733398438;517.6776733398438;517.6776733398438;517.6776733398438;1
2024-09-16 16:34:00+02:00;517.0;517.0;516.6961059570312;516.6961059570312;516.6961059570312;7
2024-09-16 16:36:00+02:00;517.7719116210938;517.7719116210938;517.7719116210938;517.7719116210938;517.7719116210938;1
2024-09-16 16:38:00+02:00;517.771484375;517.771484375;517.771484375;517.771484375;517.771484375;4
2024-09-16 16:40:00+02:00;517.5452880859375;517.5452880859375;517.5452880859375;517.5452880859375;517.5452880859375;1
2024-09-16 16:42:00+02:00;518.2322998046875;518.2322998046875;518.2322998046875;518.2322998046875;518.2322998046875;4
2024-09-16 16:48:00+02:00;517.5194702148438;517.5194702148438;517.5194091796875;517.5194091796875;517.5194091796875;100
2024-09-16 16:50:00+02:00;518.0;518.4583740234375;518.0;518.4583740234375;518.4583740234375;16
2024-09-16 16:53:00+02:00;518.1702270507812;518.1702270507812;518.1702270507812;518.1702270507812;518.1702270507812;2
2024-09-16 16:54:00+02:00;518.194580078125;518.194580078125;518.194580078125;518.194580078125;518.194580078125;1
2024-09-16 16:55:00+02:00;518.171875;518.171875;518.171875;518.171875;518.171875;20
2024-09-16 16:56:00+02:00;517.8739013671875;518.0186157226562;517.4202880859375;517.4202880859375;517.4202880859375;213
2024-09-16 17:00:00+02:00;517.4199829101562;517.4199829101562;517.4199829101562;517.4199829101562;517.4199829101562;12
2024-09-16 17:02:00+02:00;517.1580200195312;517.1580200195312;517.1580200195312;517.1580200195312;517.1580200195312;45
2024-09-16 17:03:00+02:00;517.7135009765625;517.7135009765625;517.6336059570312;517.6336059570312;517.6336059570312;2
2024-09-16 17:04:00+02:00;517.7946166992188;517.7946166992188;517.7946166992188;517.7946166992188;517.7946166992188;1
2024-09-16 17:07:00+02:00;518.1489868164062;518.228515625;518.1489868164062;518.228515625;518.228515625;32
2024-09-16 17:08:00+02:00;518.37060546875;518.37060546875;518.13720703125;518.13720703125;518.13720703125;2
2024-09-16 17:13:00+02:00;518.2796020507812;518.3709106445312;518.2796020507812;518.3709106445312;518.3709106445312;13
2024-09-16 17:15:00+02:00;518.3394775390625;518.3394775390625;518.3394775390625;518.3394775390625;518.3394775390625;21
2024-09-16 17:16:00+02:00;518.2611083984375;518.3668212890625;518.2611083984375;518.3668212890625;518.3668212890625;4
2024-09-16 17:20:00+02:00;518.3660888671875;518.3660888671875;518.3660888671875;518.3660888671875;518.3660888671875;1
2024-09-16 17:29:00+02:00;518.0087890625;518.0087890625;518.0087890625;518.0087890625;518.0087890625;2
