Datetime;Open;High;Low;Close;Adj Close;Volume
2024-10-23 09:04:00+02:00;548.427490234375;548.5501708984375;548.427490234375;548.5501708984375;548.5501708984375;0
2024-10-23 09:05:00+02:00;548.16650390625;548.5;548.16650390625;548.5;548.5;3
2024-10-23 09:06:00+02:00;548.5811157226562;548.5811157226562;548.5811157226562;548.5811157226562;548.5811157226562;1
2024-10-23 09:07:00+02:00;548.5999755859375;548.5999755859375;548.5999755859375;548.5999755859375;548.5999755859375;18
2024-10-23 09:08:00+02:00;548.7691040039062;548.7691040039062;548.6934814453125;548.6934814453125;548.6934814453125;3
2024-10-23 09:09:00+02:00;548.6912231445312;548.6912231445312;548.6912231445312;548.6912231445312;548.6912231445312;1
2024-10-23 09:11:00+02:00;548.75537109375;548.75537109375;548.75537109375;548.75537109375;548.75537109375;9
2024-10-23 09:12:00+02:00;548.8222045898438;548.8222045898438;548.8222045898438;548.8222045898438;548.8222045898438;2
2024-10-23 09:15:00+02:00;549.0202026367188;549.0202026367188;549.0202026367188;549.0202026367188;549.0202026367188;3
2024-10-23 09:16:00+02:00;549.0;549.0;549.0;549.0;549.0;70
2024-10-23 09:17:00+02:00;549.0457153320312;549.1104125976562;548.7504272460938;549.1104125976562;549.1104125976562;20
2024-10-23 09:21:00+02:00;549.4053955078125;549.4053955078125;549.4053955078125;549.4053955078125;549.4053955078125;6
2024-10-23 09:22:00+02:00;549.209228515625;549.209228515625;549.209228515625;549.209228515625;549.209228515625;3
2024-10-23 09:24:00+02:00;549.1683959960938;549.1683959960938;549.1683959960938;549.1683959960938;549.1683959960938;2
2024-10-23 09:26:00+02:00;548.8200073242188;549.0303955078125;548.8200073242188;549.0303955078125;549.0303955078125;2
2024-10-23 09:27:00+02:00;548.7999877929688;548.7999877929688;548.7999877929688;548.7999877929688;548.7999877929688;3
2024-10-23 09:29:00+02:00;549.0601806640625;549.061279296875;549.0601806640625;549.061279296875;549.061279296875;20
2024-10-23 09:30:00+02:00;549.1033935546875;549.1033935546875;549.10302734375;549.10302734375;549.10302734375;2
2024-10-23 09:31:00+02:00;549.0880737304688;549.0880737304688;549.0880737304688;549.0880737304688;549.0880737304688;1
2024-10-23 09:34:00+02:00;548.7999877929688;548.7999877929688;548.7999877929688;548.7999877929688;548.7999877929688;1
2024-10-23 09:39:00+02:00;549.010009765625;549.010009765625;549.010009765625;549.010009765625;549.010009765625;1
2024-10-23 09:41:00+02:00;549.0587768554688;549.0587768554688;549.0587768554688;549.0587768554688;549.0587768554688;5
2024-10-23 09:42:00+02:00;549.0286865234375;549.0286865234375;548.8099975585938;548.8099975585938;548.8099975585938;6
2024-10-23 09:43:00+02:00;548.7999877929688;548.7999877929688;548.7999877929688;548.7999877929688;548.7999877929688;10
2024-10-23 09:46:00+02:00;548.7999877929688;548.7999877929688;548.7999877929688;548.7999877929688;548.7999877929688;6
2024-10-23 09:47:00+02:00;548.8076782226562;548.8076782226562;548.8076782226562;548.8076782226562;548.8076782226562;1
2024-10-23 09:48:00+02:00;548.7916870117188;548.7916870117188;548.5999755859375;548.5999755859375;548.5999755859375;4
2024-10-23 09:49:00+02:00;548.7313842773438;548.7313842773438;548.6666259765625;548.726318359375;548.726318359375;11
2024-10-23 09:50:00+02:00;548.3900146484375;548.5906982421875;548.2095947265625;548.5906982421875;548.5906982421875;45
2024-10-23 09:51:00+02:00;548.5906982421875;548.5906982421875;548.5906982421875;548.5906982421875;548.5906982421875;1
2024-10-23 09:52:00+02:00;548.5908203125;548.70361328125;548.5908203125;548.70361328125;548.70361328125;33
2024-10-23 09:54:00+02:00;548.6563720703125;548.6563720703125;548.6563720703125;548.6563720703125;548.6563720703125;1
2024-10-23 09:55:00+02:00;548.7302856445312;548.7302856445312;548.7302856445312;548.7302856445312;548.7302856445312;1
2024-10-23 09:58:00+02:00;548.6857299804688;548.715576171875;548.6857299804688;548.715576171875;548.715576171875;3
2024-10-23 09:59:00+02:00;548.7055053710938;548.7055053710938;548.7055053710938;548.7055053710938;548.7055053710938;1
2024-10-23 10:01:00+02:00;548.6683959960938;548.6683959960938;548.6683959960938;548.6683959960938;548.6683959960938;1
2024-10-23 10:02:00+02:00;548.6124267578125;548.6270751953125;548.6124267578125;548.6270751953125;548.6270751953125;7
2024-10-23 10:04:00+02:00;548.6561889648438;548.6561889648438;548.6561889648438;548.6561889648438;548.6561889648438;1
2024-10-23 10:05:00+02:00;548.8978881835938;548.8978881835938;548.8978881835938;548.8978881835938;548.8978881835938;1
2024-10-23 10:07:00+02:00;548.5671997070312;548.5671997070312;548.3223266601562;548.3223266601562;548.3223266601562;35
2024-10-23 10:10:00+02:00;548.87060546875;548.8809204101562;548.8641967773438;548.8641967773438;548.8641967773438;53
2024-10-23 10:11:00+02:00;548.8812866210938;548.8812866210938;548.8812866210938;548.8812866210938;548.8812866210938;2
2024-10-23 10:13:00+02:00;548.7000122070312;548.8554077148438;548.6458740234375;548.8554077148438;548.8554077148438;12
2024-10-23 10:18:00+02:00;548.5501098632812;548.5501098632812;548.5499877929688;548.5499877929688;548.5499877929688;32
2024-10-23 10:19:00+02:00;548.8078002929688;548.8078002929688;548.8078002929688;548.8078002929688;548.8078002929688;4
2024-10-23 10:22:00+02:00;548.6795043945312;548.6795043945312;548.3223876953125;548.3223876953125;548.3223876953125;37
2024-10-23 10:23:00+02:00;548.3223266601562;548.3223266601562;548.3223266601562;548.3223266601562;548.3223266601562;4
2024-10-23 10:24:00+02:00;548.2999877929688;548.6561279296875;548.2999877929688;548.6561279296875;548.6561279296875;9
2024-10-23 10:26:00+02:00;548.6511840820312;548.6553955078125;548.21240234375;548.6553955078125;548.6553955078125;3
2024-10-23 10:27:00+02:00;548.6553955078125;548.6553955078125;548.6553955078125;548.6553955078125;548.6553955078125;21
2024-10-23 10:28:00+02:00;548.655517578125;548.655517578125;548.6508178710938;548.6508178710938;548.6508178710938;2
2024-10-23 10:29:00+02:00;548.6475219726562;548.6475219726562;548.47509765625;548.5319213867188;548.5319213867188;53
2024-10-23 10:30:00+02:00;548.5319213867188;548.5319213867188;548.2667846679688;548.5167846679688;548.5167846679688;101
2024-10-23 10:32:00+02:00;548.51318359375;548.51318359375;548.51318359375;548.51318359375;548.51318359375;105
2024-10-23 10:33:00+02:00;548.46630859375;548.46630859375;548.46630859375;548.46630859375;548.46630859375;1
2024-10-23 10:35:00+02:00;548.4251708984375;548.4251708984375;548.4251708984375;548.4251708984375;548.4251708984375;1
2024-10-23 10:36:00+02:00;548.1701049804688;548.1701049804688;548.1068725585938;548.1068725585938;548.1068725585938;35
2024-10-23 10:39:00+02:00;548.2540283203125;548.2540283203125;548.2540283203125;548.2540283203125;548.2540283203125;10
2024-10-23 10:40:00+02:00;548.2432861328125;548.2432861328125;548.2432861328125;548.2432861328125;548.2432861328125;1
2024-10-23 10:43:00+02:00;548.16650390625;548.16650390625;548.0999755859375;548.122314453125;548.122314453125;22
2024-10-23 10:44:00+02:00;548.0;548.03271484375;548.0;548.03271484375;548.03271484375;86
2024-10-23 10:45:00+02:00;547.9644165039062;547.9644165039062;547.9644165039062;547.9644165039062;547.9644165039062;12
2024-10-23 10:48:00+02:00;547.7882080078125;547.7882080078125;547.7786865234375;547.7786865234375;547.7786865234375;5
2024-10-23 10:49:00+02:00;547.75;547.75;547.7440185546875;547.7440185546875;547.7440185546875;2
2024-10-23 10:52:00+02:00;547.6356201171875;547.6356201171875;547.6356201171875;547.6356201171875;547.6356201171875;1
2024-10-23 10:53:00+02:00;547.6173095703125;547.6173095703125;547.6173095703125;547.6173095703125;547.6173095703125;2
2024-10-23 10:55:00+02:00;547.5;547.5;547.4968872070312;547.4992065429688;547.4992065429688;84
2024-10-23 10:56:00+02:00;547.4827270507812;547.4827270507812;547.4000244140625;547.4000244140625;547.4000244140625;120
2024-10-23 10:57:00+02:00;547.451416015625;547.451416015625;547.451416015625;547.451416015625;547.451416015625;79
2024-10-23 10:59:00+02:00;547.4998168945312;547.4998168945312;547.4998168945312;547.4998168945312;547.4998168945312;2
2024-10-23 11:00:00+02:00;547.4846801757812;547.4846801757812;547.4846801757812;547.4846801757812;547.4846801757812;6
2024-10-23 11:01:00+02:00;547.4985961914062;547.4985961914062;547.4913940429688;547.4913940429688;547.4913940429688;106
2024-10-23 11:02:00+02:00;547.4000244140625;547.4136962890625;547.16748046875;547.41357421875;547.41357421875;786
2024-10-23 11:03:00+02:00;547.4736938476562;547.5;547.4415283203125;547.4415283203125;547.4415283203125;518
2024-10-23 11:04:00+02:00;547.5579833984375;547.5579833984375;547.5579833984375;547.5579833984375;547.5579833984375;4
2024-10-23 11:07:00+02:00;548.0018920898438;548.0018920898438;547.9971923828125;547.9998168945312;547.9998168945312;55
2024-10-23 11:08:00+02:00;547.9998168945312;547.9998779296875;547.9998168945312;547.9998779296875;547.9998779296875;22
2024-10-23 11:10:00+02:00;547.751220703125;548.0679931640625;547.751220703125;548.0679931640625;548.0679931640625;4
2024-10-23 11:12:00+02:00;548.059326171875;548.0625;548.059326171875;548.0625;548.0625;49
2024-10-23 11:14:00+02:00;548.1950073242188;548.1950073242188;548.1099853515625;548.1099853515625;548.1099853515625;11
2024-10-23 11:17:00+02:00;548.1137084960938;548.1137084960938;548.1137084960938;548.1137084960938;548.1137084960938;1
2024-10-23 11:18:00+02:00;547.9281005859375;547.9412231445312;547.9281005859375;547.9412231445312;547.9412231445312;16
2024-10-23 11:19:00+02:00;547.9616088867188;548.0222778320312;547.9616088867188;548.0222778320312;548.0222778320312;25
2024-10-23 11:20:00+02:00;548.122314453125;548.122314453125;548.122314453125;548.122314453125;548.122314453125;1
2024-10-23 11:21:00+02:00;548.1173095703125;548.1173095703125;548.1173095703125;548.1173095703125;548.1173095703125;2
2024-10-23 11:22:00+02:00;547.9675903320312;548.0374145507812;547.9675903320312;548.0374145507812;548.0374145507812;12
2024-10-23 11:23:00+02:00;548.0316162109375;548.0316162109375;548.0316162109375;548.0316162109375;548.0316162109375;1
2024-10-23 11:25:00+02:00;548.0592041015625;548.1242065429688;548.0592041015625;548.1242065429688;548.1242065429688;3
2024-10-23 11:27:00+02:00;548.1326293945312;548.1326293945312;548.1326293945312;548.1326293945312;548.1326293945312;3
2024-10-23 11:29:00+02:00;548.110107421875;548.3049926757812;548.110107421875;548.3049926757812;548.3049926757812;13
2024-10-23 11:32:00+02:00;548.2611083984375;548.2611083984375;548.2611083984375;548.2611083984375;548.2611083984375;10
2024-10-23 11:34:00+02:00;548.0800170898438;548.0800170898438;548.0800170898438;548.0800170898438;548.0800170898438;1
2024-10-23 11:35:00+02:00;547.7302856445312;548.1104736328125;547.7302856445312;548.1002807617188;548.1002807617188;22
2024-10-23 11:37:00+02:00;548.017822265625;548.0184936523438;548.017822265625;548.0184936523438;548.0184936523438;14
2024-10-23 11:40:00+02:00;548.0089111328125;548.0089111328125;547.9876708984375;547.9876708984375;547.9876708984375;8
2024-10-23 11:42:00+02:00;547.9212036132812;547.9577026367188;547.5836181640625;547.5836181640625;547.5836181640625;37
2024-10-23 11:43:00+02:00;547.775390625;547.775390625;547.775390625;547.775390625;547.775390625;3
2024-10-23 11:46:00+02:00;547.7313842773438;547.7313842773438;547.7313842773438;547.7313842773438;547.7313842773438;2
2024-10-23 11:47:00+02:00;547.7222900390625;547.7222900390625;547.7222900390625;547.7222900390625;547.7222900390625;1
2024-10-23 11:49:00+02:00;547.719970703125;547.719970703125;547.719970703125;547.719970703125;547.719970703125;10
2024-10-23 11:50:00+02:00;547.8577270507812;547.8980712890625;547.8577270507812;547.8980712890625;547.8980712890625;9
2024-10-23 11:51:00+02:00;548.0579223632812;548.0579223632812;548.0579223632812;548.0579223632812;548.0579223632812;11
2024-10-23 11:53:00+02:00;548.1428833007812;548.1428833007812;548.0579223632812;548.0579223632812;548.0579223632812;4
2024-10-23 11:55:00+02:00;547.860107421875;547.860107421875;547.860107421875;547.860107421875;547.860107421875;2
2024-10-23 12:00:00+02:00;548.0;548.07470703125;548.0;548.07470703125;548.07470703125;15
2024-10-23 12:01:00+02:00;548.0626831054688;548.0626831054688;548.0626831054688;548.0626831054688;548.0626831054688;1
2024-10-23 12:02:00+02:00;548.0103759765625;548.0103759765625;547.7999877929688;547.7999877929688;547.7999877929688;5
2024-10-23 12:07:00+02:00;547.827880859375;547.9072265625;547.827880859375;547.9000244140625;547.9000244140625;18
2024-10-23 12:08:00+02:00;547.9011840820312;547.9011840820312;547.9011840820312;547.9011840820312;547.9011840820312;2
2024-10-23 12:09:00+02:00;547.8958740234375;547.8958740234375;547.8958740234375;547.8958740234375;547.8958740234375;2
2024-10-23 12:10:00+02:00;547.7999877929688;547.7999877929688;547.7999877929688;547.7999877929688;547.7999877929688;2
2024-10-23 12:11:00+02:00;548.0377197265625;548.0377197265625;548.0377197265625;548.0377197265625;548.0377197265625;1
2024-10-23 12:13:00+02:00;547.912109375;547.912109375;547.912109375;547.912109375;547.912109375;1
2024-10-23 12:14:00+02:00;547.8792114257812;547.8792114257812;547.8792114257812;547.8792114257812;547.8792114257812;8
2024-10-23 12:18:00+02:00;547.8839721679688;547.8839721679688;547.8839721679688;547.8839721679688;547.8839721679688;3
2024-10-23 12:21:00+02:00;547.7999877929688;547.8419189453125;547.7999877929688;547.8419189453125;547.8419189453125;5
2024-10-23 12:23:00+02:00;547.510009765625;547.510009765625;547.4559936523438;547.4559936523438;547.4559936523438;4
2024-10-23 12:25:00+02:00;547.7962036132812;547.7962036132812;547.7962036132812;547.7962036132812;547.7962036132812;1
2024-10-23 12:29:00+02:00;547.7633056640625;547.7633056640625;547.7633056640625;547.7633056640625;547.7633056640625;1
2024-10-23 12:34:00+02:00;547.656982421875;547.656982421875;547.6488037109375;547.6488037109375;547.6488037109375;11
2024-10-23 12:35:00+02:00;547.6431274414062;547.6431274414062;547.6383056640625;547.6383056640625;547.6383056640625;110
2024-10-23 12:38:00+02:00;547.6594848632812;547.6594848632812;547.6494750976562;547.6494750976562;547.6494750976562;3
2024-10-23 12:40:00+02:00;547.7008056640625;547.7008056640625;547.3394775390625;547.3394775390625;547.3394775390625;16
2024-10-23 12:42:00+02:00;547.5416259765625;547.5416259765625;547.5416259765625;547.5416259765625;547.5416259765625;2
2024-10-23 12:43:00+02:00;547.6469116210938;547.6469116210938;547.6469116210938;547.6469116210938;547.6469116210938;2
2024-10-23 12:46:00+02:00;547.539794921875;547.539794921875;547.539794921875;547.539794921875;547.539794921875;1
2024-10-23 12:50:00+02:00;547.489013671875;547.489013671875;547.4868774414062;547.4868774414062;547.4868774414062;12
2024-10-23 12:51:00+02:00;547.4718017578125;547.4718017578125;547.4666748046875;547.4666748046875;547.4666748046875;27
2024-10-23 12:53:00+02:00;547.4277954101562;547.4277954101562;547.4277954101562;547.4277954101562;547.4277954101562;1
2024-10-23 12:54:00+02:00;547.4135131835938;547.4135131835938;547.1699829101562;547.4074096679688;547.4074096679688;3
2024-10-23 12:55:00+02:00;547.4752807617188;547.4752807617188;547.4752807617188;547.4752807617188;547.4752807617188;1
2024-10-23 13:06:00+02:00;547.469970703125;547.469970703125;547.469970703125;547.469970703125;547.469970703125;3
2024-10-23 13:07:00+02:00;547.6500244140625;547.6500244140625;547.6500244140625;547.6500244140625;547.6500244140625;1
2024-10-23 13:09:00+02:00;547.4713745117188;547.4713745117188;547.4713745117188;547.4713745117188;547.4713745117188;1
2024-10-23 13:12:00+02:00;547.8828735351562;547.8828735351562;547.8828735351562;547.8828735351562;547.8828735351562;1
2024-10-23 13:14:00+02:00;547.8524169921875;547.8685913085938;547.780517578125;547.780517578125;547.780517578125;9
2024-10-23 13:17:00+02:00;547.8474731445312;547.8474731445312;547.8474731445312;547.8474731445312;547.8474731445312;1
2024-10-23 13:18:00+02:00;547.9072875976562;547.9072875976562;547.9072875976562;547.9072875976562;547.9072875976562;15
2024-10-23 13:19:00+02:00;547.8975830078125;547.8975830078125;547.8975830078125;547.8975830078125;547.8975830078125;3
2024-10-23 13:25:00+02:00;547.7457275390625;547.7457275390625;547.7457275390625;547.7457275390625;547.7457275390625;2
2024-10-23 13:27:00+02:00;547.6766967773438;547.6766967773438;547.6766967773438;547.6766967773438;547.6766967773438;1
2024-10-23 13:30:00+02:00;547.730712890625;547.730712890625;547.730712890625;547.730712890625;547.730712890625;1
2024-10-23 13:31:00+02:00;547.715576171875;547.715576171875;547.7133178710938;547.7133178710938;547.7133178710938;12
2024-10-23 13:32:00+02:00;547.469970703125;547.6455078125;547.469970703125;547.6455078125;547.6455078125;83
2024-10-23 13:34:00+02:00;547.72900390625;547.72900390625;547.72900390625;547.72900390625;547.72900390625;1
2024-10-23 13:35:00+02:00;547.4000244140625;547.4000244140625;547.3630981445312;547.3630981445312;547.3630981445312;5
2024-10-23 13:36:00+02:00;547.6796264648438;547.7056274414062;547.6796264648438;547.7056274414062;547.7056274414062;13
2024-10-23 13:38:00+02:00;547.5599975585938;547.5599975585938;547.5599975585938;547.5599975585938;547.5599975585938;1
2024-10-23 13:41:00+02:00;547.8607788085938;547.8607788085938;547.8607788085938;547.8607788085938;547.8607788085938;4
2024-10-23 13:42:00+02:00;547.9489135742188;547.9489135742188;547.9489135742188;547.9489135742188;547.9489135742188;1
2024-10-23 13:48:00+02:00;547.9400024414062;547.9400024414062;547.9400024414062;547.9400024414062;547.9400024414062;10
2024-10-23 13:51:00+02:00;548.268798828125;548.268798828125;548.268798828125;548.268798828125;548.268798828125;7
2024-10-23 13:54:00+02:00;548.2974853515625;548.2974853515625;548.2974853515625;548.2974853515625;548.2974853515625;1
2024-10-23 13:55:00+02:00;548.3742065429688;548.3742065429688;548.3742065429688;548.3742065429688;548.3742065429688;1
2024-10-23 13:56:00+02:00;548.3236083984375;548.3336181640625;548.3236083984375;548.3336181640625;548.3336181640625;2
2024-10-23 13:57:00+02:00;548.32958984375;548.32958984375;548.3292846679688;548.3292846679688;548.3292846679688;5
2024-10-23 14:04:00+02:00;548.2401123046875;548.2401123046875;548.2401123046875;548.2401123046875;548.2401123046875;3
2024-10-23 14:05:00+02:00;548.0;548.0421142578125;548.0;548.0421142578125;548.0421142578125;14
2024-10-23 14:06:00+02:00;547.9362182617188;547.9926147460938;547.9362182617188;547.9926147460938;547.9926147460938;6
2024-10-23 14:08:00+02:00;548.2280883789062;548.2280883789062;548.2280883789062;548.2280883789062;548.2280883789062;3
2024-10-23 14:09:00+02:00;548.1729125976562;548.1729125976562;547.955810546875;547.955810546875;547.955810546875;25
2024-10-23 14:11:00+02:00;547.9299926757812;547.9299926757812;547.9299926757812;547.9299926757812;547.9299926757812;19
2024-10-23 14:12:00+02:00;548.0534057617188;548.0534057617188;548.0534057617188;548.0534057617188;548.0534057617188;2
2024-10-23 14:14:00+02:00;548.2053833007812;548.2053833007812;548.2030029296875;548.203125;548.203125;143
2024-10-23 14:15:00+02:00;548.1539916992188;548.1539916992188;548.1395874023438;548.1395874023438;548.1395874023438;49
2024-10-23 14:17:00+02:00;548.2136840820312;548.2136840820312;548.2136840820312;548.2136840820312;548.2136840820312;5
2024-10-23 14:18:00+02:00;548.1627807617188;548.1627807617188;548.1627807617188;548.1627807617188;548.1627807617188;1
2024-10-23 14:19:00+02:00;547.9345092773438;547.9345092773438;547.9345092773438;547.9345092773438;547.9345092773438;1
2024-10-23 14:20:00+02:00;548.1041870117188;548.1607055664062;548.0131225585938;548.0131225585938;548.0131225585938;12
2024-10-23 14:21:00+02:00;547.9232788085938;547.9650268554688;547.9232788085938;547.9650268554688;547.9650268554688;3
2024-10-23 14:25:00+02:00;548.0642700195312;548.0642700195312;548.0642700195312;548.0642700195312;548.0642700195312;6
2024-10-23 14:26:00+02:00;548.083984375;548.083984375;548.083984375;548.083984375;548.083984375;1
2024-10-23 14:27:00+02:00;548.3004150390625;548.3004150390625;548.3004150390625;548.3004150390625;548.3004150390625;1
2024-10-23 14:29:00+02:00;548.2708740234375;548.2708740234375;548.2371826171875;548.2371826171875;548.2371826171875;8
2024-10-23 14:30:00+02:00;548.2304077148438;548.2304077148438;547.9508056640625;547.9508056640625;547.9508056640625;56
2024-10-23 14:31:00+02:00;547.880615234375;547.880615234375;547.880615234375;547.880615234375;547.880615234375;1
2024-10-23 14:33:00+02:00;547.5999755859375;547.6976928710938;547.5999755859375;547.6976928710938;547.6976928710938;3
2024-10-23 14:34:00+02:00;547.5;547.5;547.5;547.5;547.5;1
2024-10-23 14:38:00+02:00;547.5015869140625;547.5015869140625;547.5015869140625;547.5015869140625;547.5015869140625;3
2024-10-23 14:40:00+02:00;547.4525146484375;547.4525146484375;547.4525146484375;547.4525146484375;547.4525146484375;2
2024-10-23 14:41:00+02:00;547.3806762695312;547.3806762695312;547.3806762695312;547.3806762695312;547.3806762695312;4
2024-10-23 14:46:00+02:00;547.4774780273438;547.4774780273438;547.4774780273438;547.4774780273438;547.4774780273438;1
2024-10-23 14:48:00+02:00;547.2999877929688;547.2999877929688;547.2999877929688;547.2999877929688;547.2999877929688;5
2024-10-23 14:49:00+02:00;547.239990234375;547.3640747070312;547.239990234375;547.3640747070312;547.3640747070312;8
2024-10-23 14:50:00+02:00;547.3640747070312;547.3640747070312;547.3640747070312;547.3640747070312;547.3640747070312;1
2024-10-23 14:51:00+02:00;547.3333740234375;547.3333740234375;547.2000122070312;547.2000122070312;547.2000122070312;33
2024-10-23 14:52:00+02:00;547.1699829101562;547.1699829101562;547.1500244140625;547.1500244140625;547.1500244140625;10
2024-10-23 14:53:00+02:00;547.0919799804688;547.0919799804688;547.0919799804688;547.0919799804688;547.0919799804688;1
2024-10-23 14:54:00+02:00;547.127685546875;547.127685546875;547.127685546875;547.127685546875;547.127685546875;1
2024-10-23 14:55:00+02:00;547.0919799804688;547.0919799804688;547.0919799804688;547.0919799804688;547.0919799804688;2
2024-10-23 14:56:00+02:00;547.0;547.1060791015625;547.0;547.1060791015625;547.1060791015625;5
2024-10-23 14:57:00+02:00;547.1060791015625;547.1060791015625;547.1060791015625;547.1060791015625;547.1060791015625;1
2024-10-23 14:58:00+02:00;547.2161865234375;547.2161865234375;547.2161865234375;547.2161865234375;547.2161865234375;9
2024-10-23 15:02:00+02:00;547.1431884765625;547.285888671875;547.1431884765625;547.2830200195312;547.2830200195312;47
2024-10-23 15:03:00+02:00;547.287109375;547.3171997070312;547.287109375;547.3171997070312;547.3171997070312;9
2024-10-23 15:05:00+02:00;547.2752075195312;547.2752075195312;547.2752075195312;547.2752075195312;547.2752075195312;1
2024-10-23 15:06:00+02:00;547.2155151367188;547.2155151367188;547.2155151367188;547.2155151367188;547.2155151367188;11
2024-10-23 15:07:00+02:00;547.2147827148438;547.2147827148438;547.2147827148438;547.2147827148438;547.2147827148438;8
2024-10-23 15:08:00+02:00;547.2149047851562;547.35107421875;547.2149047851562;547.344482421875;547.344482421875;13
2024-10-23 15:09:00+02:00;547.30517578125;547.30517578125;547.30517578125;547.30517578125;547.30517578125;1
2024-10-23 15:14:00+02:00;547.2957763671875;547.2957763671875;547.2957763671875;547.2957763671875;547.2957763671875;2
2024-10-23 15:15:00+02:00;547.2957153320312;547.2957153320312;547.2957153320312;547.2957153320312;547.2957153320312;6
2024-10-23 15:19:00+02:00;547.30712890625;547.325927734375;547.30712890625;547.325927734375;547.325927734375;4
2024-10-23 15:22:00+02:00;547.1873779296875;547.1873779296875;547.1873779296875;547.1873779296875;547.1873779296875;9
2024-10-23 15:23:00+02:00;547.0;547.1077270507812;547.0;547.1077270507812;547.1077270507812;15
2024-10-23 15:24:00+02:00;546.9099731445312;547.0258178710938;546.9099731445312;547.0258178710938;547.0258178710938;6
2024-10-23 15:25:00+02:00;547.0040893554688;547.0040893554688;547.0040893554688;547.0040893554688;547.0040893554688;1
2024-10-23 15:26:00+02:00;547.0040893554688;547.0042114257812;547.0040893554688;547.0042114257812;547.0042114257812;21
2024-10-23 15:27:00+02:00;547.0;547.0;547.0;547.0;547.0;40
2024-10-23 15:28:00+02:00;546.7899780273438;546.9370727539062;546.7899780273438;546.9370727539062;546.9370727539062;23
2024-10-23 15:30:00+02:00;547.1378173828125;547.1378173828125;547.1378173828125;547.1378173828125;547.1378173828125;1
2024-10-23 15:33:00+02:00;546.9959106445312;547.0004272460938;546.9959106445312;547.0004272460938;547.0004272460938;3
2024-10-23 15:34:00+02:00;547.0980224609375;547.10791015625;547.0;547.10791015625;547.10791015625;20
2024-10-23 15:35:00+02:00;547.2526245117188;547.2783203125;547.2526245117188;547.2783203125;547.2783203125;2
2024-10-23 15:36:00+02:00;547.1400146484375;547.1400146484375;547.1400146484375;547.1400146484375;547.1400146484375;1
2024-10-23 15:38:00+02:00;547.1295776367188;547.1295776367188;547.1295776367188;547.1295776367188;547.1295776367188;1
2024-10-23 15:41:00+02:00;547.0133056640625;547.0147705078125;547.0133056640625;547.0147705078125;547.0147705078125;2
2024-10-23 15:43:00+02:00;546.7222900390625;547.0386962890625;546.7222900390625;547.0386962890625;547.0386962890625;17
2024-10-23 15:44:00+02:00;547.0346069335938;547.0346069335938;547.0346069335938;547.0346069335938;547.0346069335938;5
2024-10-23 15:46:00+02:00;547.093017578125;547.093017578125;547.093017578125;547.093017578125;547.093017578125;18
2024-10-23 15:47:00+02:00;547.1400146484375;547.1400146484375;547.1400146484375;547.1400146484375;547.1400146484375;1
2024-10-23 15:48:00+02:00;547.1400146484375;547.1400146484375;547.1400146484375;547.1400146484375;547.1400146484375;52
2024-10-23 15:56:00+02:00;547.3767700195312;547.3767700195312;547.3767700195312;547.3767700195312;547.3767700195312;1
2024-10-23 15:57:00+02:00;547.5499877929688;547.5499877929688;547.5499877929688;547.5499877929688;547.5499877929688;6
2024-10-23 15:59:00+02:00;547.47998046875;547.47998046875;547.47998046875;547.47998046875;547.47998046875;2
2024-10-23 16:00:00+02:00;547.4630737304688;547.4630737304688;547.4630737304688;547.4630737304688;547.4630737304688;9
2024-10-23 16:02:00+02:00;547.4022216796875;547.405517578125;547.4022216796875;547.405517578125;547.405517578125;5
2024-10-23 16:03:00+02:00;547.2307739257812;547.2307739257812;547.2307739257812;547.2307739257812;547.2307739257812;2
2024-10-23 16:04:00+02:00;547.1107788085938;547.1107788085938;547.0286865234375;547.0286865234375;547.0286865234375;3
2024-10-23 16:05:00+02:00;546.6732177734375;546.6732177734375;546.6732177734375;546.6732177734375;546.6732177734375;1
2024-10-23 16:06:00+02:00;546.7536010742188;546.7536010742188;546.7536010742188;546.7536010742188;546.7536010742188;1
2024-10-23 16:07:00+02:00;546.4906005859375;546.5617065429688;546.4906005859375;546.5617065429688;546.5617065429688;100
2024-10-23 16:08:00+02:00;546.714111328125;546.9251708984375;546.714111328125;546.9251708984375;546.9251708984375;4
2024-10-23 16:12:00+02:00;546.8630981445312;546.9169921875;546.8630981445312;546.9169921875;546.9169921875;6
2024-10-23 16:15:00+02:00;546.5070190429688;546.8623046875;546.5070190429688;546.8623046875;546.8623046875;15
2024-10-23 16:17:00+02:00;546.7835083007812;546.7835083007812;546.7835083007812;546.7835083007812;546.7835083007812;17
2024-10-23 16:18:00+02:00;546.8427124023438;546.8427124023438;546.8427124023438;546.8427124023438;546.8427124023438;1
2024-10-23 16:19:00+02:00;546.5770874023438;546.5770874023438;546.5770874023438;546.5770874023438;546.5770874023438;1
2024-10-23 16:20:00+02:00;546.5684204101562;546.5684204101562;546.5684204101562;546.5684204101562;546.5684204101562;4
2024-10-23 16:21:00+02:00;546.2744750976562;546.5385131835938;546.211181640625;546.5385131835938;546.5385131835938;11
2024-10-23 16:24:00+02:00;546.3967895507812;546.3967895507812;546.3967895507812;546.3967895507812;546.3967895507812;4
2024-10-23 16:25:00+02:00;546.3648071289062;546.3648071289062;546.3648071289062;546.3648071289062;546.3648071289062;2
2024-10-23 16:27:00+02:00;546.6419067382812;546.6419067382812;546.6419067382812;546.6419067382812;546.6419067382812;1
2024-10-23 16:28:00+02:00;546.9365234375;546.9365234375;546.9365234375;546.9365234375;546.9365234375;1
2024-10-23 16:31:00+02:00;547.0734252929688;547.0734252929688;547.0548095703125;547.0548095703125;547.0548095703125;36
2024-10-23 16:32:00+02:00;547.151611328125;547.16259765625;547.1444091796875;547.1444091796875;547.1444091796875;5
2024-10-23 16:33:00+02:00;547.0806884765625;547.0806884765625;547.0806884765625;547.0806884765625;547.0806884765625;1
2024-10-23 16:36:00+02:00;547.410888671875;547.4110107421875;547.410888671875;547.4110107421875;547.4110107421875;5
2024-10-23 16:38:00+02:00;547.331787109375;547.331787109375;547.331787109375;547.331787109375;547.331787109375;1
2024-10-23 16:39:00+02:00;547.0001220703125;547.388427734375;547.0001220703125;547.388427734375;547.388427734375;66
2024-10-23 16:42:00+02:00;547.4227294921875;547.4227294921875;547.4227294921875;547.4227294921875;547.4227294921875;5
2024-10-23 16:44:00+02:00;547.4395751953125;547.4395751953125;547.4395751953125;547.4395751953125;547.4395751953125;1
2024-10-23 16:46:00+02:00;547.7246704101562;547.7247924804688;547.7246704101562;547.7247924804688;547.7247924804688;9
2024-10-23 16:51:00+02:00;547.4395751953125;547.4395751953125;547.0;547.0;547.0;6
2024-10-23 16:52:00+02:00;546.8406982421875;546.8406982421875;546.8406982421875;546.8406982421875;546.8406982421875;1
2024-10-23 16:53:00+02:00;546.7271728515625;546.7271728515625;546.7271728515625;546.7271728515625;546.7271728515625;20
2024-10-23 16:54:00+02:00;546.407470703125;546.407470703125;546.407470703125;546.407470703125;546.407470703125;10
2024-10-23 16:57:00+02:00;546.9307861328125;546.9307861328125;546.9307861328125;546.9307861328125;546.9307861328125;20
2024-10-23 16:59:00+02:00;546.802001953125;546.802001953125;546.802001953125;546.802001953125;546.802001953125;1
2024-10-23 17:02:00+02:00;546.5828857421875;546.5828857421875;546.5828857421875;546.5828857421875;546.5828857421875;20
2024-10-23 17:05:00+02:00;546.5;546.5;546.5;546.5;546.5;27
2024-10-23 17:10:00+02:00;546.1199951171875;546.2327880859375;546.0;546.0;546.0;74
2024-10-23 17:11:00+02:00;545.85498046875;545.85498046875;545.85498046875;545.85498046875;545.85498046875;1
2024-10-23 17:12:00+02:00;545.5;545.5;545.5;545.5;545.5;3
2024-10-23 17:13:00+02:00;545.125;545.125;545.0999755859375;545.0999755859375;545.0999755859375;9
2024-10-23 17:14:00+02:00;545.0;545.0;545.0;545.0;545.0;38
2024-10-23 17:16:00+02:00;544.8267211914062;544.8267211914062;544.8267211914062;544.8267211914062;544.8267211914062;10
2024-10-23 17:17:00+02:00;545.2081298828125;545.2843017578125;545.2081298828125;545.2843017578125;545.2843017578125;77
2024-10-23 17:18:00+02:00;545.1701049804688;545.1707763671875;545.1701049804688;545.1707763671875;545.1707763671875;20
2024-10-23 17:19:00+02:00;545.1370239257812;545.1572265625;545.1370239257812;545.1572265625;545.1572265625;5
2024-10-23 17:20:00+02:00;545.1754150390625;545.2620849609375;545.1754150390625;545.2620849609375;545.2620849609375;6
2024-10-23 17:23:00+02:00;545.6688842773438;545.6688842773438;545.489013671875;545.489013671875;545.489013671875;3
2024-10-23 17:24:00+02:00;545.1599731445312;545.1599731445312;545.1599731445312;545.1599731445312;545.1599731445312;3
2024-10-23 17:26:00+02:00;545.3798217773438;545.3798217773438;545.3798217773438;545.3798217773438;545.3798217773438;1
2024-10-23 17:27:00+02:00;545.22509765625;545.22509765625;545.22509765625;545.22509765625;545.22509765625;25
2024-10-23 17:28:00+02:00;545.2905883789062;545.2905883789062;545.0;545.0;545.0;23
