Datetime;Open;High;Low;Close;Adj Close;Volume
2024-11-28 09:04:00+01:00;572.1007080078125;572.1007080078125;572.0;572.0;572.0;0
2024-11-28 09:05:00+01:00;572.2459106445312;572.2459106445312;572.2459106445312;572.2459106445312;572.2459106445312;1
2024-11-28 09:06:00+01:00;571.9801025390625;572.2003173828125;571.869873046875;572.1909790039062;572.1909790039062;10
2024-11-28 09:07:00+01:00;572.0208129882812;572.0208129882812;571.9918823242188;571.9918823242188;571.9918823242188;11
2024-11-28 09:08:00+01:00;572.0468139648438;572.0471801757812;572.0468139648438;572.0471801757812;572.0471801757812;2
2024-11-28 09:09:00+01:00;571.855224609375;572.0076293945312;571.855224609375;571.9509887695312;571.9509887695312;24
2024-11-28 09:10:00+01:00;571.9509887695312;572.0260009765625;571.9235229492188;571.9876098632812;571.9876098632812;15
2024-11-28 09:11:00+01:00;571.5015869140625;571.8087768554688;571.5015869140625;571.8087768554688;571.8087768554688;6
2024-11-28 09:12:00+01:00;571.6525268554688;571.6525268554688;571.6525268554688;571.6525268554688;571.6525268554688;1
2024-11-28 09:13:00+01:00;571.6201171875;571.6201171875;571.2666015625;571.2666015625;571.2666015625;39
2024-11-28 09:14:00+01:00;571.723388671875;571.723388671875;571.540771484375;571.540771484375;571.540771484375;11
2024-11-28 09:15:00+01:00;571.6036987304688;571.6036987304688;571.6036987304688;571.6036987304688;571.6036987304688;3
2024-11-28 09:16:00+01:00;571.541015625;571.59130859375;571.541015625;571.59130859375;571.59130859375;46
2024-11-28 09:17:00+01:00;571.5286254882812;571.5993041992188;571.5286254882812;571.5993041992188;571.5993041992188;27
2024-11-28 09:18:00+01:00;571.7686767578125;571.842529296875;571.7686767578125;571.8173217773438;571.8173217773438;7
2024-11-28 09:19:00+01:00;571.8239135742188;571.8239135742188;571.8239135742188;571.8239135742188;571.8239135742188;2
2024-11-28 09:21:00+01:00;572.040771484375;572.0902709960938;572.040771484375;572.0902709960938;572.0902709960938;5
2024-11-28 09:22:00+01:00;571.8201904296875;572.0772094726562;571.8201904296875;572.0772094726562;572.0772094726562;5
2024-11-28 09:23:00+01:00;572.0615234375;572.0615234375;571.969970703125;571.969970703125;571.969970703125;2
2024-11-28 09:24:00+01:00;572.0;572.05810546875;571.9974975585938;572.0513916015625;572.0513916015625;19
2024-11-28 09:25:00+01:00;572.1677856445312;572.1677856445312;571.8201904296875;571.8201904296875;571.8201904296875;17
2024-11-28 09:26:00+01:00;572.1143188476562;572.1143798828125;572.1143188476562;572.1143798828125;572.1143798828125;24
2024-11-28 09:28:00+01:00;572.1226196289062;572.1300048828125;572.081298828125;572.1300048828125;572.1300048828125;6
2024-11-28 09:29:00+01:00;572.1204223632812;572.1204223632812;572.0888061523438;572.0888061523438;572.0888061523438;27
2024-11-28 09:30:00+01:00;571.8200073242188;572.0167236328125;571.68359375;571.9797973632812;571.9797973632812;15
2024-11-28 09:31:00+01:00;571.9691772460938;571.9691772460938;571.9644165039062;571.9644165039062;571.9644165039062;4
2024-11-28 09:32:00+01:00;571.8975219726562;571.8975219726562;571.8862915039062;571.8864135742188;571.8864135742188;17
2024-11-28 09:33:00+01:00;571.87451171875;571.87451171875;571.87451171875;571.87451171875;571.87451171875;1
2024-11-28 09:34:00+01:00;571.8576049804688;571.8576049804688;571.8519897460938;571.8519897460938;571.8519897460938;2
2024-11-28 09:35:00+01:00;571.8121948242188;571.8125;571.8121948242188;571.8125;571.8125;2
2024-11-28 09:36:00+01:00;571.8125;571.9442138671875;571.8125;571.9384765625;571.9384765625;4
2024-11-28 09:38:00+01:00;571.8300170898438;571.8300170898438;571.8300170898438;571.8300170898438;571.8300170898438;4
2024-11-28 09:39:00+01:00;571.8383178710938;571.8383178710938;571.798583984375;571.798583984375;571.798583984375;4
2024-11-28 09:40:00+01:00;571.73681640625;571.73681640625;571.73681640625;571.73681640625;571.73681640625;4
2024-11-28 09:41:00+01:00;571.7390747070312;571.7390747070312;571.5999755859375;571.5999755859375;571.5999755859375;5
2024-11-28 09:43:00+01:00;571.7119750976562;571.7894287109375;571.7119750976562;571.7894287109375;571.7894287109375;9
2024-11-28 09:44:00+01:00;571.7672729492188;571.7672729492188;571.7672729492188;571.7672729492188;571.7672729492188;5
2024-11-28 09:45:00+01:00;571.5;571.5;571.3331298828125;571.4000244140625;571.4000244140625;27
2024-11-28 09:46:00+01:00;571.5360107421875;571.5360107421875;571.534912109375;571.5349731445312;571.5349731445312;18
2024-11-28 09:47:00+01:00;571.4923706054688;571.4923706054688;571.4199829101562;571.4199829101562;571.4199829101562;2
2024-11-28 09:49:00+01:00;571.4799194335938;571.4799194335938;571.4799194335938;571.4799194335938;571.4799194335938;1
2024-11-28 09:50:00+01:00;571.448486328125;571.448486328125;571.4196166992188;571.419677734375;571.419677734375;3
2024-11-28 09:51:00+01:00;571.2899780273438;571.3474731445312;571.2899780273438;571.3449096679688;571.3449096679688;6
2024-11-28 09:52:00+01:00;571.3419799804688;571.453125;571.3406982421875;571.453125;571.453125;27
2024-11-28 09:53:00+01:00;571.4263916015625;571.4263916015625;571.4263916015625;571.4263916015625;571.4263916015625;1
2024-11-28 09:54:00+01:00;571.3978271484375;571.5068969726562;571.3978271484375;571.5068969726562;571.5068969726562;2
2024-11-28 09:55:00+01:00;571.2899780273438;571.2899780273438;571.2899780273438;571.2899780273438;571.2899780273438;20
2024-11-28 09:56:00+01:00;571.36572265625;571.36572265625;571.355224609375;571.355224609375;571.355224609375;2
2024-11-28 09:57:00+01:00;571.2000122070312;571.3161010742188;571.081298828125;571.3062133789062;571.3062133789062;21
2024-11-28 09:58:00+01:00;571.3062133789062;571.5405883789062;571.3062133789062;571.5405883789062;571.5405883789062;116
2024-11-28 09:59:00+01:00;571.5151977539062;571.6400146484375;571.501708984375;571.6273193359375;571.6273193359375;18
2024-11-28 10:00:00+01:00;571.4000244140625;571.6975708007812;571.4000244140625;571.6723022460938;571.6723022460938;41
2024-11-28 10:01:00+01:00;571.5999755859375;571.5999755859375;571.56201171875;571.56201171875;571.56201171875;21
2024-11-28 10:02:00+01:00;571.62548828125;571.62548828125;571.62548828125;571.62548828125;571.62548828125;1
2024-11-28 10:03:00+01:00;571.5579833984375;571.6968994140625;571.5579833984375;571.6968994140625;571.6968994140625;12
2024-11-28 10:05:00+01:00;571.3131713867188;571.3264770507812;571.3131713867188;571.3264770507812;571.3264770507812;2
2024-11-28 10:06:00+01:00;571.2440795898438;571.2440795898438;571.243896484375;571.243896484375;571.243896484375;6
2024-11-28 10:07:00+01:00;571.333984375;571.4287719726562;571.333984375;571.4287719726562;571.4287719726562;22
2024-11-28 10:08:00+01:00;571.4287719726562;571.53369140625;571.4287719726562;571.5067138671875;571.5067138671875;4
2024-11-28 10:10:00+01:00;571.7247924804688;571.7247924804688;571.7130737304688;571.7130737304688;571.7130737304688;8
2024-11-28 10:11:00+01:00;571.7164916992188;571.7164916992188;571.7164916992188;571.7164916992188;571.7164916992188;2
2024-11-28 10:12:00+01:00;571.7008056640625;571.7008056640625;571.6572265625;571.6572265625;571.6572265625;3
2024-11-28 10:13:00+01:00;571.6494750976562;571.6494750976562;571.4282836914062;571.4282836914062;571.4282836914062;16
2024-11-28 10:14:00+01:00;571.6483154296875;571.6483154296875;571.6480712890625;571.6480712890625;571.6480712890625;2
2024-11-28 10:15:00+01:00;571.3621826171875;571.3621826171875;571.3621826171875;571.3621826171875;571.3621826171875;3
2024-11-28 10:16:00+01:00;571.7069091796875;571.7183227539062;571.7069091796875;571.7183227539062;571.7183227539062;26
2024-11-28 10:18:00+01:00;572.0347290039062;572.0347290039062;571.7489013671875;571.7489013671875;571.7489013671875;3
2024-11-28 10:20:00+01:00;571.9708251953125;571.9708251953125;571.75;571.75;571.75;4
2024-11-28 10:21:00+01:00;572.0598754882812;572.0598754882812;572.0598754882812;572.0598754882812;572.0598754882812;1
2024-11-28 10:22:00+01:00;572.1401977539062;572.1401977539062;572.1401977539062;572.1401977539062;572.1401977539062;8
2024-11-28 10:23:00+01:00;572.11767578125;572.11767578125;572.11767578125;572.11767578125;572.11767578125;3
2024-11-28 10:24:00+01:00;572.0;572.0604858398438;572.0;572.0253295898438;572.0253295898438;5
2024-11-28 10:25:00+01:00;571.7501831054688;571.7501831054688;571.7501831054688;571.7501831054688;571.7501831054688;8
2024-11-28 10:26:00+01:00;571.9780883789062;572.0;571.9780883789062;572.0;572.0;6
2024-11-28 10:28:00+01:00;572.0466918945312;572.1619873046875;572.0466918945312;572.1619873046875;572.1619873046875;10
2024-11-28 10:29:00+01:00;572.1566772460938;572.1566772460938;572.1566772460938;572.1566772460938;572.1566772460938;1
2024-11-28 10:30:00+01:00;572.02001953125;572.1110229492188;572.02001953125;572.1110229492188;572.1110229492188;2
2024-11-28 10:31:00+01:00;572.1068115234375;572.2142944335938;572.1046752929688;572.2142944335938;572.2142944335938;6
2024-11-28 10:32:00+01:00;572.1712036132812;572.1712036132812;572.1712036132812;572.1712036132812;572.1712036132812;11
2024-11-28 10:33:00+01:00;572.2122802734375;572.2122802734375;572.2122802734375;572.2122802734375;572.2122802734375;2
2024-11-28 10:35:00+01:00;572.12548828125;572.12548828125;572.12548828125;572.12548828125;572.12548828125;1
2024-11-28 10:36:00+01:00;572.165283203125;572.165283203125;572.165283203125;572.165283203125;572.165283203125;62
2024-11-28 10:37:00+01:00;572.1925048828125;572.1925048828125;572.1925048828125;572.1925048828125;572.1925048828125;3
2024-11-28 10:38:00+01:00;572.1680297851562;572.1680297851562;572.1680297851562;572.1680297851562;572.1680297851562;3
2024-11-28 10:39:00+01:00;572.0;572.0;572.0;572.0;572.0;3
2024-11-28 10:40:00+01:00;572.0999145507812;572.0999145507812;572.0999145507812;572.0999145507812;572.0999145507812;10
2024-11-28 10:41:00+01:00;572.0897827148438;572.0897827148438;572.0;572.0712280273438;572.0712280273438;112
2024-11-28 10:42:00+01:00;572.0595092773438;572.0595092773438;572.0595092773438;572.0595092773438;572.0595092773438;3
2024-11-28 10:43:00+01:00;572.094482421875;572.094482421875;572.094482421875;572.094482421875;572.094482421875;1
2024-11-28 10:45:00+01:00;572.0993041992188;572.0993041992188;572.0991821289062;572.0991821289062;572.0991821289062;2
2024-11-28 10:46:00+01:00;572.0983276367188;572.0999755859375;572.0983276367188;572.0999755859375;572.0999755859375;17
2024-11-28 10:49:00+01:00;571.92529296875;572.335205078125;571.92529296875;572.335205078125;572.335205078125;39
2024-11-28 10:50:00+01:00;572.3961791992188;572.3961791992188;572.3955078125;572.3955078125;572.3955078125;3
2024-11-28 10:51:00+01:00;572.382080078125;572.382080078125;572.0618286132812;572.0618286132812;572.0618286132812;3
2024-11-28 10:53:00+01:00;572.4700927734375;572.4700927734375;572.4700927734375;572.4700927734375;572.4700927734375;1
2024-11-28 10:56:00+01:00;572.345703125;572.345703125;572.345703125;572.345703125;572.345703125;5
2024-11-28 10:57:00+01:00;572.3359985351562;572.3359985351562;572.3359985351562;572.3359985351562;572.3359985351562;7
2024-11-28 10:58:00+01:00;572.39208984375;572.39208984375;572.3912963867188;572.3912963867188;572.3912963867188;4
2024-11-28 10:59:00+01:00;572.3804931640625;572.3804931640625;572.3800048828125;572.3800048828125;572.3800048828125;3
2024-11-28 11:00:00+01:00;572.39990234375;572.39990234375;572.39990234375;572.39990234375;572.39990234375;2
2024-11-28 11:01:00+01:00;572.3359985351562;572.392822265625;572.3359985351562;572.392822265625;572.392822265625;2
2024-11-28 11:04:00+01:00;572.3209228515625;572.3209228515625;572.3209228515625;572.3209228515625;572.3209228515625;4
2024-11-28 11:05:00+01:00;572.39990234375;572.39990234375;572.39990234375;572.39990234375;572.39990234375;3
2024-11-28 11:06:00+01:00;572.376220703125;572.376220703125;572.376220703125;572.376220703125;572.376220703125;1
2024-11-28 11:07:00+01:00;572.376220703125;572.3818969726562;572.376220703125;572.3818969726562;572.3818969726562;3
2024-11-28 11:08:00+01:00;572.3663940429688;572.3663940429688;572.364990234375;572.364990234375;572.364990234375;2
2024-11-28 11:09:00+01:00;572.3643798828125;572.3643798828125;572.3643798828125;572.3643798828125;572.3643798828125;2
2024-11-28 11:10:00+01:00;572.3118286132812;572.3118286132812;572.2000122070312;572.2000122070312;572.2000122070312;5
2024-11-28 11:11:00+01:00;572.0999755859375;572.2149047851562;572.0618286132812;572.0618286132812;572.0618286132812;241
2024-11-28 11:12:00+01:00;572.13671875;572.2548828125;572.13671875;572.2548828125;572.2548828125;6
2024-11-28 11:13:00+01:00;572.2324829101562;572.2324829101562;572.220703125;572.220703125;572.220703125;4
2024-11-28 11:14:00+01:00;572.2045288085938;572.2045288085938;572.1972045898438;572.1972045898438;572.1972045898438;63
2024-11-28 11:16:00+01:00;572.201416015625;572.201416015625;572.1921997070312;572.1921997070312;572.1921997070312;4
2024-11-28 11:17:00+01:00;572.2423095703125;572.2423095703125;572.2423095703125;572.2423095703125;572.2423095703125;1
2024-11-28 11:18:00+01:00;572.0800170898438;572.0800170898438;572.0800170898438;572.0800170898438;572.0800170898438;9
2024-11-28 11:19:00+01:00;572.12548828125;572.12548828125;572.12548828125;572.12548828125;572.12548828125;1
2024-11-28 11:20:00+01:00;572.0966186523438;572.0966186523438;572.091796875;572.091796875;572.091796875;2
2024-11-28 11:21:00+01:00;572.0;572.0;572.0;572.0;572.0;2
2024-11-28 11:22:00+01:00;572.0993041992188;572.0993041992188;572.0993041992188;572.0993041992188;572.0993041992188;1
2024-11-28 11:23:00+01:00;572.0498046875;572.0498046875;572.0;572.037109375;572.037109375;7
2024-11-28 11:24:00+01:00;571.9719848632812;571.9719848632812;571.9719848632812;571.9719848632812;571.9719848632812;1
2024-11-28 11:25:00+01:00;571.8964233398438;571.8964233398438;571.8964233398438;571.8964233398438;571.8964233398438;2
2024-11-28 11:26:00+01:00;571.8200073242188;571.85302734375;571.6961059570312;571.85302734375;571.85302734375;28
2024-11-28 11:28:00+01:00;571.7960205078125;571.7960205078125;571.781982421875;571.781982421875;571.781982421875;49
2024-11-28 11:29:00+01:00;571.7664794921875;571.7664794921875;571.7564697265625;571.7564697265625;571.7564697265625;9
2024-11-28 11:30:00+01:00;571.6550903320312;571.6550903320312;571.6550903320312;571.6550903320312;571.6550903320312;8
2024-11-28 11:31:00+01:00;571.7009887695312;571.7009887695312;571.7009887695312;571.7009887695312;571.7009887695312;1
2024-11-28 11:32:00+01:00;571.7252197265625;571.7755126953125;571.7252197265625;571.7750854492188;571.7750854492188;13
2024-11-28 11:35:00+01:00;571.6090087890625;571.6090087890625;571.6090087890625;571.6090087890625;571.6090087890625;4
2024-11-28 11:37:00+01:00;571.5;571.643798828125;571.388916015625;571.643798828125;571.643798828125;68
2024-11-28 11:38:00+01:00;571.6069946289062;571.6069946289062;571.6069946289062;571.6069946289062;571.6069946289062;1
2024-11-28 11:39:00+01:00;571.6516723632812;571.6516723632812;571.6163940429688;571.6165161132812;571.6165161132812;21
2024-11-28 11:40:00+01:00;571.5570068359375;571.5570068359375;571.5570068359375;571.5570068359375;571.5570068359375;1
2024-11-28 11:42:00+01:00;571.5499877929688;571.6740112304688;571.5499877929688;571.6719970703125;571.6719970703125;4
2024-11-28 11:43:00+01:00;571.5377807617188;571.5379028320312;571.5377807617188;571.5379028320312;571.5379028320312;18
2024-11-28 11:44:00+01:00;571.552001953125;571.552001953125;571.552001953125;571.552001953125;571.552001953125;1
2024-11-28 11:46:00+01:00;571.6622924804688;571.6622924804688;571.6494140625;571.6494140625;571.6494140625;15
2024-11-28 11:47:00+01:00;571.72607421875;571.72607421875;571.72607421875;571.72607421875;571.72607421875;1
2024-11-28 11:49:00+01:00;571.6397705078125;571.6397705078125;571.6397705078125;571.6397705078125;571.6397705078125;3
2024-11-28 11:50:00+01:00;571.5814208984375;571.5814208984375;571.5814208984375;571.5814208984375;571.5814208984375;1
2024-11-28 11:51:00+01:00;571.5780029296875;571.5780029296875;571.3991088867188;571.3991088867188;571.3991088867188;16
2024-11-28 11:53:00+01:00;571.582275390625;571.582275390625;571.5615844726562;571.5615844726562;571.5615844726562;14
2024-11-28 11:54:00+01:00;571.5361938476562;571.5361938476562;571.5361938476562;571.5361938476562;571.5361938476562;5
2024-11-28 11:55:00+01:00;571.27001953125;571.4483032226562;571.27001953125;571.4483032226562;571.4483032226562;3
2024-11-28 11:56:00+01:00;571.3927001953125;571.3927001953125;571.3927001953125;571.3927001953125;571.3927001953125;5
2024-11-28 11:58:00+01:00;571.4443969726562;571.4443969726562;571.4443969726562;571.4443969726562;571.4443969726562;1
2024-11-28 11:59:00+01:00;571.2999877929688;571.2999877929688;571.2999877929688;571.2999877929688;571.2999877929688;25
2024-11-28 12:01:00+01:00;571.27001953125;571.3068237304688;571.27001953125;571.3068237304688;571.3068237304688;4
2024-11-28 12:02:00+01:00;571.2896118164062;571.2896118164062;571.268310546875;571.268310546875;571.268310546875;2
2024-11-28 12:03:00+01:00;571.253173828125;571.253173828125;571.253173828125;571.253173828125;571.253173828125;1
2024-11-28 12:04:00+01:00;571.25;571.25;571.25;571.25;571.25;1
2024-11-28 12:05:00+01:00;571.2122192382812;571.2122192382812;571.2122192382812;571.2122192382812;571.2122192382812;7
2024-11-28 12:06:00+01:00;571.184326171875;571.184326171875;571.169677734375;571.169677734375;571.169677734375;12
2024-11-28 12:07:00+01:00;571.0001831054688;571.242919921875;571.0001831054688;571.242919921875;571.242919921875;16
2024-11-28 12:09:00+01:00;571.2885131835938;571.2885131835938;571.2885131835938;571.2885131835938;571.2885131835938;1
2024-11-28 12:10:00+01:00;571.264892578125;571.264892578125;571.2528076171875;571.2528076171875;571.2528076171875;5
2024-11-28 12:11:00+01:00;571.1887817382812;571.1887817382812;571.176513671875;571.176513671875;571.176513671875;3
2024-11-28 12:12:00+01:00;571.1076049804688;571.1076049804688;571.1076049804688;571.1076049804688;571.1076049804688;2
2024-11-28 12:13:00+01:00;571.084228515625;571.084228515625;571.084228515625;571.084228515625;571.084228515625;2
2024-11-28 12:14:00+01:00;571.0751953125;571.0751953125;571.0751953125;571.0751953125;571.0751953125;3
2024-11-28 12:15:00+01:00;571.1956176757812;571.1956176757812;571.1956176757812;571.1956176757812;571.1956176757812;1
2024-11-28 12:16:00+01:00;571.1929931640625;571.1929931640625;571.1929931640625;571.1929931640625;571.1929931640625;2
2024-11-28 12:17:00+01:00;571.3084716796875;571.3084716796875;571.0001831054688;571.0001831054688;571.0001831054688;3
2024-11-28 12:18:00+01:00;571.2445068359375;571.2445068359375;571.244384765625;571.244384765625;571.244384765625;2
2024-11-28 12:19:00+01:00;571.3259887695312;571.3259887695312;571.3259887695312;571.3259887695312;571.3259887695312;2
2024-11-28 12:20:00+01:00;571.239990234375;571.239990234375;571.239990234375;571.239990234375;571.239990234375;2
2024-11-28 12:21:00+01:00;571.1889038085938;571.1889038085938;571.1889038085938;571.1889038085938;571.1889038085938;1
2024-11-28 12:27:00+01:00;571.11279296875;571.11279296875;571.11279296875;571.11279296875;571.11279296875;10
2024-11-28 12:28:00+01:00;571.0;571.0;571.0;571.0;571.0;64
2024-11-28 12:29:00+01:00;571.0;571.0;571.0;571.0;571.0;1
2024-11-28 12:30:00+01:00;570.98779296875;570.98779296875;570.98779296875;570.98779296875;570.98779296875;1
2024-11-28 12:31:00+01:00;571.0391845703125;571.0391845703125;571.0380249023438;571.0380249023438;571.0380249023438;2
2024-11-28 12:32:00+01:00;571.0130004882812;571.0130004882812;571.0130004882812;571.0130004882812;571.0130004882812;1
2024-11-28 12:33:00+01:00;570.9088745117188;570.9088745117188;570.8916015625;570.8916015625;570.8916015625;25
2024-11-28 12:34:00+01:00;570.7999877929688;570.7999877929688;570.7999877929688;570.7999877929688;570.7999877929688;1
2024-11-28 12:35:00+01:00;570.8499755859375;570.8499755859375;570.8499755859375;570.8499755859375;570.8499755859375;3
2024-11-28 12:36:00+01:00;570.8980102539062;570.8980102539062;570.8980102539062;570.8980102539062;570.8980102539062;4
2024-11-28 12:37:00+01:00;570.8604125976562;570.8604125976562;570.8604125976562;570.8604125976562;570.8604125976562;2
2024-11-28 12:41:00+01:00;571.0451049804688;571.0451049804688;571.0451049804688;571.0451049804688;571.0451049804688;2
2024-11-28 12:43:00+01:00;571.06982421875;571.06982421875;571.06982421875;571.06982421875;571.06982421875;5
2024-11-28 12:45:00+01:00;571.0283813476562;571.0283813476562;571.0125732421875;571.0125732421875;571.0125732421875;5
2024-11-28 12:50:00+01:00;571.151611328125;571.151611328125;571.151611328125;571.151611328125;571.151611328125;2
2024-11-28 12:52:00+01:00;571.2769775390625;571.2769775390625;571.2769775390625;571.2769775390625;571.2769775390625;1
2024-11-28 12:56:00+01:00;571.2600708007812;571.5245971679688;571.2600708007812;571.5245971679688;571.5245971679688;13
2024-11-28 12:57:00+01:00;571.502197265625;571.502197265625;571.5;571.5;571.5;131
2024-11-28 12:58:00+01:00;571.477783203125;571.4779052734375;571.477783203125;571.4779052734375;571.4779052734375;12
2024-11-28 12:59:00+01:00;571.4730834960938;571.4730834960938;571.4000244140625;571.4246826171875;571.4246826171875;26
2024-11-28 13:00:00+01:00;571.4121704101562;571.4121704101562;571.4121704101562;571.4121704101562;571.4121704101562;2
2024-11-28 13:01:00+01:00;571.260009765625;571.2816162109375;571.260009765625;571.2816162109375;571.2816162109375;6
2024-11-28 13:02:00+01:00;571.349609375;571.349609375;571.3494873046875;571.3494873046875;571.3494873046875;10
2024-11-28 13:04:00+01:00;571.3549194335938;571.3549194335938;571.3549194335938;571.3549194335938;571.3549194335938;1
2024-11-28 13:05:00+01:00;571.4365234375;571.4365234375;571.4365234375;571.4365234375;571.4365234375;26
2024-11-28 13:06:00+01:00;571.3499755859375;571.3499755859375;571.3499755859375;571.3499755859375;571.3499755859375;1
2024-11-28 13:08:00+01:00;571.247314453125;571.3291015625;571.247314453125;571.3291015625;571.3291015625;3
2024-11-28 13:10:00+01:00;571.2938842773438;571.297607421875;571.2938842773438;571.2951049804688;571.2951049804688;4
2024-11-28 13:11:00+01:00;571.4033203125;571.4033203125;571.4033203125;571.4033203125;571.4033203125;1
2024-11-28 13:12:00+01:00;571.3612060546875;571.3612060546875;571.3612060546875;571.3612060546875;571.3612060546875;2
2024-11-28 13:13:00+01:00;571.3104858398438;571.3104858398438;571.305908203125;571.305908203125;571.305908203125;4
2024-11-28 13:14:00+01:00;571.2869262695312;571.2869262695312;571.2755126953125;571.2755126953125;571.2755126953125;3
2024-11-28 13:15:00+01:00;571.2658081054688;571.2658081054688;571.2658081054688;571.2658081054688;571.2658081054688;6
2024-11-28 13:17:00+01:00;571.3530883789062;571.3530883789062;571.2000122070312;571.2974853515625;571.2974853515625;20
2024-11-28 13:22:00+01:00;571.1364135742188;571.1364135742188;571.13623046875;571.13623046875;571.13623046875;41
2024-11-28 13:23:00+01:00;571.0881958007812;571.0881958007812;571.0817260742188;571.0817260742188;571.0817260742188;10
2024-11-28 13:24:00+01:00;571.0631713867188;571.0631713867188;571.0598754882812;571.0598754882812;571.0598754882812;35
2024-11-28 13:25:00+01:00;571.0598754882812;571.0598754882812;571.0598754882812;571.0598754882812;571.0598754882812;2
2024-11-28 13:27:00+01:00;571.2517700195312;571.2517700195312;571.2009887695312;571.2009887695312;571.2009887695312;20
2024-11-28 13:28:00+01:00;571.1702270507812;571.1702270507812;571.1621704101562;571.1621704101562;571.1621704101562;2
2024-11-28 13:30:00+01:00;571.1307983398438;571.1307983398438;571.1270751953125;571.1270751953125;571.1270751953125;4
2024-11-28 13:31:00+01:00;571.1065063476562;571.1065063476562;571.1065063476562;571.1065063476562;571.1065063476562;1
2024-11-28 13:33:00+01:00;571.3010864257812;571.3010864257812;571.3010864257812;571.3010864257812;571.3010864257812;1
2024-11-28 13:34:00+01:00;571.2860107421875;571.2860107421875;571.2694702148438;571.2694702148438;571.2694702148438;11
2024-11-28 13:35:00+01:00;571.3795166015625;571.3795166015625;571.2000122070312;571.2000122070312;571.2000122070312;8
2024-11-28 13:36:00+01:00;571.3201904296875;571.3201904296875;571.3201904296875;571.3201904296875;571.3201904296875;1
2024-11-28 13:37:00+01:00;571.2872924804688;571.2872924804688;571.2872924804688;571.2872924804688;571.2872924804688;3
2024-11-28 13:38:00+01:00;571.2000122070312;571.2440795898438;571.0800170898438;571.0800170898438;571.0800170898438;72
2024-11-28 13:40:00+01:00;571.2924194335938;571.3131713867188;571.2924194335938;571.3131713867188;571.3131713867188;9
2024-11-28 13:44:00+01:00;571.2410278320312;571.2410278320312;571.2407836914062;571.2407836914062;571.2407836914062;3
2024-11-28 13:45:00+01:00;571.2169189453125;571.3052978515625;571.2144775390625;571.3052978515625;571.3052978515625;18
2024-11-28 13:46:00+01:00;571.267822265625;571.267822265625;571.267822265625;571.267822265625;571.267822265625;2
2024-11-28 13:47:00+01:00;571.215087890625;571.215087890625;571.215087890625;571.215087890625;571.215087890625;1
2024-11-28 13:48:00+01:00;571.3143920898438;571.3143920898438;571.3143920898438;571.3143920898438;571.3143920898438;3
2024-11-28 13:49:00+01:00;571.3165893554688;571.3165893554688;571.3165893554688;571.3165893554688;571.3165893554688;1
2024-11-28 13:51:00+01:00;571.3582763671875;571.3582763671875;571.3582763671875;571.3582763671875;571.3582763671875;2
2024-11-28 13:52:00+01:00;571.34130859375;571.34130859375;571.3394165039062;571.3394165039062;571.3394165039062;6
2024-11-28 13:54:00+01:00;571.3604736328125;571.4412231445312;571.3604736328125;571.4412231445312;571.4412231445312;3
2024-11-28 13:55:00+01:00;571.4254760742188;571.4254760742188;571.4254760742188;571.4254760742188;571.4254760742188;6
2024-11-28 13:57:00+01:00;571.548095703125;571.548095703125;571.548095703125;571.548095703125;571.548095703125;1
2024-11-28 13:59:00+01:00;571.534423828125;571.548095703125;571.534423828125;571.548095703125;571.548095703125;10
2024-11-28 14:00:00+01:00;571.5681762695312;571.5681762695312;571.5681762695312;571.5681762695312;571.5681762695312;2
2024-11-28 14:02:00+01:00;571.6585083007812;571.6585083007812;571.6585083007812;571.6585083007812;571.6585083007812;1
2024-11-28 14:11:00+01:00;571.6599731445312;571.7100830078125;571.5599975585938;571.5599975585938;571.5599975585938;6
2024-11-28 14:12:00+01:00;571.6593017578125;571.6593017578125;571.5;571.5;571.5;10
2024-11-28 14:13:00+01:00;571.5;571.5;571.5;571.5;571.5;8
2024-11-28 14:15:00+01:00;571.556396484375;571.556396484375;571.556396484375;571.556396484375;571.556396484375;3
2024-11-28 14:16:00+01:00;571.22412109375;571.552490234375;571.22412109375;571.552490234375;571.552490234375;15
2024-11-28 14:18:00+01:00;571.6550903320312;571.6550903320312;571.6550903320312;571.6550903320312;571.6550903320312;1
2024-11-28 14:19:00+01:00;571.6486206054688;571.7432250976562;571.6486206054688;571.7432250976562;571.7432250976562;13
2024-11-28 14:22:00+01:00;571.4006958007812;571.4006958007812;571.4006958007812;571.4006958007812;571.4006958007812;2
2024-11-28 14:23:00+01:00;571.56201171875;571.56201171875;571.5526733398438;571.5526733398438;571.5526733398438;6
2024-11-28 14:24:00+01:00;571.6295776367188;571.6295776367188;571.6295776367188;571.6295776367188;571.6295776367188;1
2024-11-28 14:25:00+01:00;571.5816040039062;571.5816040039062;571.5816040039062;571.5816040039062;571.5816040039062;12
2024-11-28 14:27:00+01:00;571.5316162109375;571.5316162109375;571.5316162109375;571.5316162109375;571.5316162109375;1
2024-11-28 14:28:00+01:00;571.6091918945312;571.6091918945312;571.6091918945312;571.6091918945312;571.6091918945312;1
2024-11-28 14:30:00+01:00;571.8331909179688;571.8331909179688;571.8331909179688;571.8331909179688;571.8331909179688;6
2024-11-28 14:32:00+01:00;571.5225830078125;571.5225830078125;571.4995727539062;571.4995727539062;571.4995727539062;16
2024-11-28 14:36:00+01:00;571.4464111328125;571.4464111328125;571.438720703125;571.438720703125;571.438720703125;19
2024-11-28 14:37:00+01:00;571.4299926757812;571.4498901367188;571.4299926757812;571.4498901367188;571.4498901367188;12
2024-11-28 14:39:00+01:00;571.44970703125;571.44970703125;571.44970703125;571.44970703125;571.44970703125;2
2024-11-28 14:41:00+01:00;571.4498901367188;571.4498901367188;571.4498901367188;571.4498901367188;571.4498901367188;7
2024-11-28 14:43:00+01:00;571.4498901367188;571.7489013671875;571.4498901367188;571.7489013671875;571.7489013671875;42
2024-11-28 14:44:00+01:00;571.7490234375;571.7490234375;571.7490234375;571.7490234375;571.7490234375;20
2024-11-28 14:45:00+01:00;571.748779296875;571.8333129882812;571.748779296875;571.8333129882812;571.8333129882812;12
2024-11-28 14:47:00+01:00;571.9058227539062;571.9644165039062;571.9058227539062;571.9644165039062;571.9644165039062;7
2024-11-28 14:49:00+01:00;572.1439819335938;572.1439819335938;572.1439819335938;572.1439819335938;572.1439819335938;3
2024-11-28 14:51:00+01:00;572.21630859375;572.21630859375;572.21630859375;572.21630859375;572.21630859375;1
2024-11-28 14:52:00+01:00;572.1690063476562;572.1690063476562;572.1690063476562;572.1690063476562;572.1690063476562;1
2024-11-28 14:54:00+01:00;572.2000122070312;572.239013671875;572.2000122070312;572.239013671875;572.239013671875;2
2024-11-28 14:55:00+01:00;572.217529296875;572.217529296875;572.193603515625;572.193603515625;572.193603515625;19
2024-11-28 14:56:00+01:00;572.2589111328125;572.2589111328125;572.2589111328125;572.2589111328125;572.2589111328125;67
2024-11-28 14:57:00+01:00;572.248779296875;572.248779296875;572.248779296875;572.248779296875;572.248779296875;1
2024-11-28 15:00:00+01:00;572.1473999023438;572.1473999023438;572.1473999023438;572.1473999023438;572.1473999023438;1
2024-11-28 15:01:00+01:00;572.0772094726562;572.0772094726562;572.0772094726562;572.0772094726562;572.0772094726562;1
2024-11-28 15:02:00+01:00;572.0634765625;572.0635986328125;572.0631713867188;572.0631713867188;572.0631713867188;9
2024-11-28 15:03:00+01:00;572.06298828125;572.06298828125;572.06298828125;572.06298828125;572.06298828125;10
2024-11-28 15:04:00+01:00;572.14892578125;572.14892578125;571.8449096679688;571.8449096679688;571.8449096679688;18
2024-11-28 15:05:00+01:00;572.11181640625;572.11181640625;572.11181640625;572.11181640625;572.11181640625;1
2024-11-28 15:06:00+01:00;571.7922973632812;572.1279296875;571.7922973632812;572.1279296875;572.1279296875;27
2024-11-28 15:07:00+01:00;572.0999755859375;572.0999755859375;572.0999755859375;572.0999755859375;572.0999755859375;1
2024-11-28 15:11:00+01:00;571.7310791015625;571.7310791015625;571.7310791015625;571.7310791015625;571.7310791015625;2
2024-11-28 15:12:00+01:00;572.0499877929688;572.1273193359375;572.0499877929688;572.1273193359375;572.1273193359375;2
2024-11-28 15:15:00+01:00;572.15478515625;572.15478515625;572.1156005859375;572.1156005859375;572.1156005859375;5
2024-11-28 15:17:00+01:00;571.9990844726562;571.9990844726562;571.8800048828125;571.9462280273438;571.9462280273438;8
2024-11-28 15:20:00+01:00;571.9462280273438;571.9462280273438;571.9400024414062;571.9400024414062;571.9400024414062;3
2024-11-28 15:22:00+01:00;572.0966796875;572.0966796875;572.0966796875;572.0966796875;572.0966796875;3
2024-11-28 15:24:00+01:00;572.3380737304688;572.3380737304688;572.3380737304688;572.3380737304688;572.3380737304688;1
2024-11-28 15:26:00+01:00;572.392822265625;572.392822265625;572.392822265625;572.392822265625;572.392822265625;2
2024-11-28 15:27:00+01:00;572.0278930664062;572.35009765625;572.0278930664062;572.334716796875;572.334716796875;56
2024-11-28 15:28:00+01:00;572.3253784179688;572.3253784179688;572.3045043945312;572.3045043945312;572.3045043945312;4
2024-11-28 15:30:00+01:00;572.1256103515625;572.1694946289062;572.1229248046875;572.1694946289062;572.1694946289062;4
2024-11-28 15:33:00+01:00;572.086181640625;572.086181640625;572.086181640625;572.086181640625;572.086181640625;1
2024-11-28 15:35:00+01:00;572.0;572.0;572.0;572.0;572.0;33
2024-11-28 15:36:00+01:00;572.2844848632812;572.2844848632812;572.2844848632812;572.2844848632812;572.2844848632812;1
2024-11-28 15:39:00+01:00;572.268798828125;572.268798828125;572.268798828125;572.268798828125;572.268798828125;1
2024-11-28 15:40:00+01:00;572.2352905273438;572.2352905273438;572.2152709960938;572.2152709960938;572.2152709960938;12
2024-11-28 15:41:00+01:00;572.1821899414062;572.1821899414062;572.1821899414062;572.1821899414062;572.1821899414062;2
2024-11-28 15:42:00+01:00;572.1243286132812;572.1243286132812;572.1243286132812;572.1243286132812;572.1243286132812;10
2024-11-28 15:44:00+01:00;572.075927734375;572.075927734375;572.075927734375;572.075927734375;572.075927734375;1
2024-11-28 15:46:00+01:00;572.0881958007812;572.0881958007812;572.0;572.0;572.0;10
2024-11-28 15:47:00+01:00;572.0482177734375;572.0482177734375;572.0482177734375;572.0482177734375;572.0482177734375;2
2024-11-28 15:48:00+01:00;572.048095703125;572.048095703125;572.048095703125;572.048095703125;572.048095703125;1
2024-11-28 15:50:00+01:00;572.0;572.0;571.8889770507812;571.8889770507812;571.8889770507812;3
2024-11-28 15:56:00+01:00;572.0930786132812;572.0930786132812;572.0930786132812;572.0930786132812;572.0930786132812;2
2024-11-28 15:57:00+01:00;572.0889892578125;572.0889892578125;572.0889892578125;572.0889892578125;572.0889892578125;1
2024-11-28 15:58:00+01:00;572.0474243164062;572.0474243164062;571.989990234375;571.989990234375;571.989990234375;9
2024-11-28 15:59:00+01:00;571.951416015625;571.951416015625;571.927978515625;571.927978515625;571.927978515625;7
2024-11-28 16:01:00+01:00;571.7999877929688;571.7999877929688;571.7999877929688;571.7999877929688;571.7999877929688;11
2024-11-28 16:02:00+01:00;571.7310180664062;571.8511962890625;571.7246704101562;571.8281860351562;571.8281860351562;6
2024-11-28 16:03:00+01:00;571.7575073242188;571.7575073242188;571.7575073242188;571.7575073242188;571.7575073242188;1
2024-11-28 16:04:00+01:00;571.5999755859375;571.5999755859375;571.5999755859375;571.5999755859375;571.5999755859375;1
2024-11-28 16:05:00+01:00;571.5;571.5;571.5;571.5;571.5;42
2024-11-28 16:06:00+01:00;571.5827026367188;571.5827026367188;571.5827026367188;571.5827026367188;571.5827026367188;1
2024-11-28 16:07:00+01:00;571.5;571.5523071289062;571.4500122070312;571.4500122070312;571.4500122070312;4
2024-11-28 16:08:00+01:00;571.4852905273438;571.4852905273438;571.3626098632812;571.3626098632812;571.3626098632812;18
2024-11-28 16:09:00+01:00;571.6538696289062;571.6538696289062;571.6538696289062;571.6538696289062;571.6538696289062;5
2024-11-28 16:10:00+01:00;571.6301879882812;571.6301879882812;571.6301879882812;571.6301879882812;571.6301879882812;1
2024-11-28 16:12:00+01:00;571.5498046875;571.5498046875;571.5498046875;571.5498046875;571.5498046875;1
2024-11-28 16:13:00+01:00;571.5432739257812;571.5432739257812;571.5432739257812;571.5432739257812;571.5432739257812;1
2024-11-28 16:16:00+01:00;571.5827026367188;571.5827026367188;571.5827026367188;571.5827026367188;571.5827026367188;2
2024-11-28 16:17:00+01:00;571.6461791992188;571.6461791992188;571.6461791992188;571.6461791992188;571.6461791992188;9
2024-11-28 16:19:00+01:00;571.6500244140625;571.9307861328125;571.6500244140625;571.7999877929688;571.7999877929688;48
2024-11-28 16:21:00+01:00;571.9453735351562;571.9453735351562;571.9453735351562;571.9453735351562;571.9453735351562;2
2024-11-28 16:22:00+01:00;571.9306030273438;571.9306030273438;571.9306030273438;571.9306030273438;571.9306030273438;2
2024-11-28 16:23:00+01:00;572.0924072265625;572.0924072265625;572.0924072265625;572.0924072265625;572.0924072265625;1
2024-11-28 16:25:00+01:00;571.5781860351562;571.5781860351562;571.5781860351562;571.5781860351562;571.5781860351562;1
2024-11-28 16:26:00+01:00;571.85888671875;571.87451171875;571.85888671875;571.87451171875;571.87451171875;2
2024-11-28 16:27:00+01:00;571.8704833984375;571.8704833984375;571.8704833984375;571.8704833984375;571.8704833984375;1
2024-11-28 16:28:00+01:00;571.9000244140625;571.9000244140625;571.9000244140625;571.9000244140625;571.9000244140625;4
2024-11-28 16:29:00+01:00;571.8516845703125;571.8516845703125;571.8385009765625;571.8385009765625;571.8385009765625;80
2024-11-28 16:30:00+01:00;571.8281860351562;571.8281860351562;571.8281860351562;571.8281860351562;571.8281860351562;4
2024-11-28 16:33:00+01:00;571.6849975585938;572.0194702148438;571.6849975585938;572.0194702148438;572.0194702148438;6
2024-11-28 16:34:00+01:00;572.034912109375;572.034912109375;572.034912109375;572.034912109375;572.034912109375;1
2024-11-28 16:36:00+01:00;572.1734008789062;572.1734008789062;572.173095703125;572.173095703125;572.173095703125;6
2024-11-28 16:38:00+01:00;572.1378784179688;572.2025756835938;572.1378784179688;572.2025756835938;572.2025756835938;7
2024-11-28 16:40:00+01:00;572.315185546875;572.315185546875;572.306884765625;572.306884765625;572.306884765625;7
2024-11-28 16:41:00+01:00;572.3961181640625;572.3961181640625;572.3961181640625;572.3961181640625;572.3961181640625;6
2024-11-28 16:42:00+01:00;572.3079223632812;572.3079223632812;572.3079223632812;572.3079223632812;572.3079223632812;1
2024-11-28 16:43:00+01:00;572.2100219726562;572.2100219726562;572.2100219726562;572.2100219726562;572.2100219726562;1
2024-11-28 16:44:00+01:00;572.16259765625;572.16259765625;572.16259765625;572.16259765625;572.16259765625;1
2024-11-28 16:46:00+01:00;572.2000122070312;572.2000122070312;572.2000122070312;572.2000122070312;572.2000122070312;1
2024-11-28 16:47:00+01:00;572.2015991210938;572.2015991210938;572.0700073242188;572.0700073242188;572.0700073242188;9
2024-11-28 16:48:00+01:00;572.0;572.0;571.8963012695312;571.8963012695312;571.8963012695312;153
2024-11-28 16:49:00+01:00;571.90771484375;571.90771484375;571.90771484375;571.90771484375;571.90771484375;6
2024-11-28 16:50:00+01:00;571.8864135742188;571.8864135742188;571.8864135742188;571.8864135742188;571.8864135742188;7
2024-11-28 16:51:00+01:00;571.8864135742188;571.886474609375;571.8864135742188;571.886474609375;571.886474609375;175
2024-11-28 16:52:00+01:00;571.7142944335938;571.7142944335938;571.7141723632812;571.7141723632812;571.7141723632812;87
2024-11-28 16:55:00+01:00;571.8145141601562;571.8145141601562;571.8145141601562;571.8145141601562;571.8145141601562;1
2024-11-28 16:56:00+01:00;571.7777709960938;571.8665161132812;571.7736206054688;571.8665161132812;571.8665161132812;13
2024-11-28 16:57:00+01:00;571.8499755859375;571.8499755859375;571.8499755859375;571.8499755859375;571.8499755859375;2
2024-11-28 16:59:00+01:00;571.7468872070312;571.7468872070312;571.7216796875;571.7216796875;571.7216796875;8
2024-11-28 17:00:00+01:00;571.7208251953125;571.8466186523438;571.7208251953125;571.8466186523438;571.8466186523438;14
2024-11-28 17:01:00+01:00;571.8497924804688;571.8497924804688;571.8497924804688;571.8497924804688;571.8497924804688;2
2024-11-28 17:02:00+01:00;571.8497924804688;571.8497924804688;571.8497924804688;571.8497924804688;571.8497924804688;1
2024-11-28 17:03:00+01:00;571.848388671875;571.848388671875;571.848388671875;571.848388671875;571.848388671875;1
2024-11-28 17:04:00+01:00;571.8477783203125;571.8477783203125;571.8453979492188;571.8453979492188;571.8453979492188;3
2024-11-28 17:10:00+01:00;571.8489990234375;571.8489990234375;571.8489990234375;571.8489990234375;571.8489990234375;3
2024-11-28 17:12:00+01:00;571.8499145507812;571.8566284179688;571.8499145507812;571.8566284179688;571.8566284179688;197
2024-11-28 17:13:00+01:00;572.0662231445312;572.1632080078125;571.8804931640625;572.1632080078125;572.1632080078125;6
2024-11-28 17:14:00+01:00;572.1469116210938;572.1964111328125;572.1469116210938;572.1964111328125;572.1964111328125;5
2024-11-28 17:16:00+01:00;572.20361328125;572.20361328125;572.20361328125;572.20361328125;572.20361328125;1
2024-11-28 17:17:00+01:00;572.172607421875;572.172607421875;572.172607421875;572.172607421875;572.172607421875;1
2024-11-28 17:18:00+01:00;572.0150146484375;572.0150146484375;571.94091796875;571.94091796875;571.94091796875;4
2024-11-28 17:20:00+01:00;572.1146850585938;572.2449951171875;572.1146850585938;572.2449951171875;572.2449951171875;25
2024-11-28 17:21:00+01:00;572.2097778320312;572.2097778320312;572.2097778320312;572.2097778320312;572.2097778320312;2
2024-11-28 17:22:00+01:00;572.1845092773438;572.1845092773438;572.1826171875;572.1826171875;572.1826171875;4
2024-11-28 17:24:00+01:00;572.1079711914062;572.1079711914062;572.1079711914062;572.1079711914062;572.1079711914062;5
2024-11-28 17:25:00+01:00;572.1027221679688;572.1027221679688;572.1027221679688;572.1027221679688;572.1027221679688;1
2024-11-28 17:26:00+01:00;572.0;572.0;571.8823852539062;571.8823852539062;571.8823852539062;4
2024-11-28 17:28:00+01:00;572.0972900390625;572.0972900390625;572.0972900390625;572.0972900390625;572.0972900390625;4
2024-11-28 17:29:00+01:00;572.0689697265625;572.0689697265625;572.0689697265625;572.0689697265625;572.0689697265625;1
