Datetime;Open;High;Low;Close;Adj Close;Volume
2024-12-17 09:04:00+01:00;577.6602783203125;577.6602783203125;577.5;577.5;577.5;0
2024-12-17 09:06:00+01:00;577.730224609375;577.730224609375;577.730224609375;577.730224609375;577.730224609375;1
2024-12-17 09:08:00+01:00;577.5567016601562;577.5567016601562;577.5260009765625;577.5260009765625;577.5260009765625;11
2024-12-17 09:09:00+01:00;577.5648803710938;577.5648803710938;577.5648803710938;577.5648803710938;577.5648803710938;1
2024-12-17 09:10:00+01:00;577.5944213867188;577.5944213867188;577.5944213867188;577.5944213867188;577.5944213867188;2
2024-12-17 09:11:00+01:00;577.5706176757812;577.6047973632812;577.5706176757812;577.6047973632812;577.6047973632812;3
2024-12-17 09:12:00+01:00;577.5615234375;577.5615234375;577.5344848632812;577.544677734375;577.544677734375;39
2024-12-17 09:13:00+01:00;577.5388793945312;577.5648193359375;577.5388793945312;577.5648193359375;577.5648193359375;2
2024-12-17 09:15:00+01:00;577.5648803710938;577.5648803710938;577.5648803710938;577.5648803710938;577.5648803710938;5
2024-12-17 09:16:00+01:00;577.8372802734375;577.8585815429688;577.8372802734375;577.8585815429688;577.8585815429688;11
2024-12-17 09:17:00+01:00;577.841796875;577.841796875;577.5;577.5;577.5;7
2024-12-17 09:18:00+01:00;577.827880859375;577.827880859375;577.8278198242188;577.8278198242188;577.8278198242188;2
2024-12-17 09:19:00+01:00;577.8038940429688;577.8038940429688;577.776611328125;577.776611328125;577.776611328125;4
2024-12-17 09:21:00+01:00;577.75;577.75;577.7243041992188;577.7243041992188;577.7243041992188;4
2024-12-17 09:22:00+01:00;577.7128295898438;577.7128295898438;577.688720703125;577.688720703125;577.688720703125;5
2024-12-17 09:24:00+01:00;577.6536865234375;577.6536865234375;577.6536865234375;577.6536865234375;577.6536865234375;9
2024-12-17 09:25:00+01:00;577.7149047851562;577.7930297851562;577.4205932617188;577.7930297851562;577.7930297851562;5
2024-12-17 09:26:00+01:00;577.7600708007812;577.7600708007812;577.7600708007812;577.7600708007812;577.7600708007812;1
2024-12-17 09:28:00+01:00;577.7327880859375;577.7327880859375;577.7327880859375;577.7327880859375;577.7327880859375;1
2024-12-17 09:29:00+01:00;577.7578735351562;577.8875732421875;577.7578735351562;577.8577270507812;577.8577270507812;198
2024-12-17 09:30:00+01:00;577.8389282226562;577.8389282226562;577.8389282226562;577.8389282226562;577.8389282226562;1
2024-12-17 09:32:00+01:00;578.0;578.0;578.0;578.0;578.0;1
2024-12-17 09:33:00+01:00;578.232177734375;578.232177734375;577.9993896484375;577.9993896484375;577.9993896484375;14
2024-12-17 09:34:00+01:00;578.111328125;578.111328125;578.0;578.0;578.0;10
2024-12-17 09:35:00+01:00;578.0369873046875;578.0369873046875;578.0330810546875;578.0330810546875;578.0330810546875;15
2024-12-17 09:36:00+01:00;578.13330078125;578.13330078125;577.8001098632812;577.8001098632812;577.8001098632812;26
2024-12-17 09:37:00+01:00;578.0263061523438;578.0263061523438;578.0263061523438;578.0263061523438;578.0263061523438;1
2024-12-17 09:38:00+01:00;578.0504150390625;578.0504150390625;577.7999877929688;577.7999877929688;577.7999877929688;4
2024-12-17 09:39:00+01:00;577.9741821289062;577.9743041992188;577.9697265625;577.9697265625;577.9697265625;15
2024-12-17 09:40:00+01:00;578.02978515625;578.02978515625;578.003173828125;578.003173828125;578.003173828125;3
2024-12-17 09:41:00+01:00;578.1511840820312;578.1511840820312;578.1511840820312;578.1511840820312;578.1511840820312;1
2024-12-17 09:42:00+01:00;578.169677734375;578.169677734375;577.8145141601562;577.8145141601562;577.8145141601562;28
2024-12-17 09:43:00+01:00;578.0863037109375;578.0863037109375;578.0430908203125;578.0430908203125;578.0430908203125;6
2024-12-17 09:45:00+01:00;577.8948974609375;577.8948974609375;577.8948974609375;577.8948974609375;577.8948974609375;3
2024-12-17 09:47:00+01:00;577.8291015625;578.0504760742188;577.8291015625;578.0504760742188;578.0504760742188;4
2024-12-17 09:48:00+01:00;578.0336303710938;578.0336303710938;578.0305786132812;578.0305786132812;578.0305786132812;6
2024-12-17 09:49:00+01:00;577.7708740234375;577.7708740234375;577.7708740234375;577.7708740234375;577.7708740234375;70
2024-12-17 09:50:00+01:00;578.0493774414062;578.0493774414062;578.0493774414062;578.0493774414062;578.0493774414062;1
2024-12-17 09:51:00+01:00;577.9926147460938;577.9926147460938;577.9926147460938;577.9926147460938;577.9926147460938;1
2024-12-17 09:54:00+01:00;577.8775024414062;577.8775024414062;577.8775024414062;577.8775024414062;577.8775024414062;20
2024-12-17 09:55:00+01:00;577.8593139648438;577.8593139648438;577.8593139648438;577.8593139648438;577.8593139648438;1
2024-12-17 09:56:00+01:00;577.8593139648438;577.9830932617188;577.8593139648438;577.9830932617188;577.9830932617188;8
2024-12-17 09:57:00+01:00;577.7133178710938;577.7133178710938;577.7133178710938;577.7133178710938;577.7133178710938;3
2024-12-17 09:59:00+01:00;578.1076049804688;578.1076049804688;578.093017578125;578.093017578125;578.093017578125;6
2024-12-17 10:01:00+01:00;578.314208984375;578.314208984375;578.2918090820312;578.2918090820312;578.2918090820312;5
2024-12-17 10:02:00+01:00;578.3598022460938;578.3598022460938;578.3598022460938;578.3598022460938;578.3598022460938;1
2024-12-17 10:04:00+01:00;578.7542114257812;578.7542114257812;578.7542114257812;578.7542114257812;578.7542114257812;3
2024-12-17 10:05:00+01:00;578.661376953125;578.661376953125;578.6013793945312;578.6013793945312;578.6013793945312;2
2024-12-17 10:08:00+01:00;578.5999145507812;578.66748046875;578.5999145507812;578.66748046875;578.66748046875;173
2024-12-17 10:11:00+01:00;578.8331909179688;578.8331909179688;578.7000122070312;578.7000122070312;578.7000122070312;2
2024-12-17 10:12:00+01:00;578.7794189453125;578.7794189453125;578.7794189453125;578.7794189453125;578.7794189453125;86
2024-12-17 10:13:00+01:00;578.8126220703125;578.8126220703125;578.8126220703125;578.8126220703125;578.8126220703125;1
2024-12-17 10:14:00+01:00;578.77587890625;578.80419921875;578.77392578125;578.80419921875;578.80419921875;5
2024-12-17 10:16:00+01:00;578.72509765625;578.72509765625;578.72509765625;578.72509765625;578.72509765625;3
2024-12-17 10:17:00+01:00;578.7869873046875;578.7869873046875;578.7869873046875;578.7869873046875;578.7869873046875;15
2024-12-17 10:19:00+01:00;578.7058715820312;578.7058715820312;578.6912231445312;578.6912231445312;578.6912231445312;10
2024-12-17 10:20:00+01:00;578.6829223632812;578.6829223632812;578.6829223632812;578.6829223632812;578.6829223632812;1
2024-12-17 10:21:00+01:00;578.62939453125;578.62939453125;578.5;578.5;578.5;10
2024-12-17 10:22:00+01:00;578.5689086914062;578.5689086914062;578.4697875976562;578.4697875976562;578.4697875976562;21
2024-12-17 10:24:00+01:00;578.3383178710938;578.3383178710938;578.3383178710938;578.3383178710938;578.3383178710938;2
2024-12-17 10:25:00+01:00;578.334716796875;578.334716796875;578.1361083984375;578.1361083984375;578.1361083984375;14
2024-12-17 10:26:00+01:00;578.5263061523438;578.5264282226562;578.5189819335938;578.5189819335938;578.5189819335938;21
2024-12-17 10:27:00+01:00;578.4464111328125;578.4464111328125;578.4066772460938;578.4066772460938;578.4066772460938;7
2024-12-17 10:29:00+01:00;578.4089965820312;578.4089965820312;578.4089965820312;578.4089965820312;578.4089965820312;6
2024-12-17 10:30:00+01:00;578.2404174804688;578.2404174804688;578.2404174804688;578.2404174804688;578.2404174804688;2
2024-12-17 10:32:00+01:00;578.4520263671875;578.6530151367188;578.4520263671875;578.6530151367188;578.6530151367188;67
2024-12-17 10:33:00+01:00;578.7302856445312;578.7302856445312;578.3510131835938;578.3510131835938;578.3510131835938;19
2024-12-17 10:34:00+01:00;578.6370849609375;578.6370849609375;578.6370849609375;578.6370849609375;578.6370849609375;1
2024-12-17 10:35:00+01:00;578.6588134765625;578.6588134765625;578.6588134765625;578.6588134765625;578.6588134765625;2
2024-12-17 10:36:00+01:00;578.6065063476562;578.6065063476562;578.6065063476562;578.6065063476562;578.6065063476562;5
2024-12-17 10:42:00+01:00;578.6633911132812;578.6870727539062;578.6633911132812;578.6870727539062;578.6870727539062;114
2024-12-17 10:43:00+01:00;578.6754150390625;578.6754150390625;578.6727294921875;578.6727294921875;578.6727294921875;8
2024-12-17 10:44:00+01:00;578.7423095703125;578.7423095703125;578.7423095703125;578.7423095703125;578.7423095703125;1
2024-12-17 10:45:00+01:00;578.662109375;578.662109375;578.6400756835938;578.6400756835938;578.6400756835938;17
2024-12-17 10:46:00+01:00;578.7562866210938;578.7562866210938;578.6699829101562;578.736328125;578.736328125;5
2024-12-17 10:47:00+01:00;578.64990234375;578.64990234375;578.4376831054688;578.4376831054688;578.4376831054688;6
2024-12-17 10:49:00+01:00;578.5714721679688;578.5714721679688;578.5714721679688;578.5714721679688;578.5714721679688;107
2024-12-17 10:51:00+01:00;578.5;578.5;578.4376831054688;578.4376831054688;578.4376831054688;3
2024-12-17 10:52:00+01:00;578.5142822265625;578.5142822265625;578.5142822265625;578.5142822265625;578.5142822265625;10
2024-12-17 10:53:00+01:00;578.46337890625;578.46337890625;578.46337890625;578.46337890625;578.46337890625;2
2024-12-17 10:56:00+01:00;578.81640625;578.81640625;578.81640625;578.81640625;578.81640625;1
2024-12-17 10:58:00+01:00;578.7686767578125;578.7686767578125;578.7451782226562;578.7451782226562;578.7451782226562;8
2024-12-17 10:59:00+01:00;578.7587890625;578.7587890625;578.7587890625;578.7587890625;578.7587890625;5
2024-12-17 11:00:00+01:00;578.9127807617188;578.9127807617188;578.9127807617188;578.9127807617188;578.9127807617188;5
2024-12-17 11:01:00+01:00;578.7493896484375;578.7493896484375;578.7493896484375;578.7493896484375;578.7493896484375;1
2024-12-17 11:02:00+01:00;578.6715087890625;578.6715087890625;578.5800170898438;578.5800170898438;578.5800170898438;4
2024-12-17 11:03:00+01:00;578.6392211914062;578.6392211914062;578.6392211914062;578.6392211914062;578.6392211914062;5
2024-12-17 11:06:00+01:00;578.6199951171875;578.6199951171875;578.6199951171875;578.6199951171875;578.6199951171875;1
2024-12-17 11:07:00+01:00;578.8015747070312;578.8015747070312;578.8015747070312;578.8015747070312;578.8015747070312;1
2024-12-17 11:08:00+01:00;578.7650146484375;578.7650146484375;578.7650146484375;578.7650146484375;578.7650146484375;10
2024-12-17 11:10:00+01:00;578.9229736328125;578.9229736328125;578.9031982421875;578.9031982421875;578.9031982421875;3
2024-12-17 11:11:00+01:00;578.958984375;578.958984375;578.958984375;578.958984375;578.958984375;20
2024-12-17 11:12:00+01:00;578.760009765625;578.760009765625;578.760009765625;578.760009765625;578.760009765625;1
2024-12-17 11:13:00+01:00;578.7593994140625;578.7593994140625;578.7593994140625;578.7593994140625;578.7593994140625;4
2024-12-17 11:14:00+01:00;578.6199951171875;578.6199951171875;578.5999755859375;578.5999755859375;578.5999755859375;6
2024-12-17 11:15:00+01:00;578.6513061523438;578.6513061523438;578.6513061523438;578.6513061523438;578.6513061523438;20
2024-12-17 11:16:00+01:00;578.692626953125;578.692626953125;578.692626953125;578.692626953125;578.692626953125;1
2024-12-17 11:17:00+01:00;578.752197265625;578.752197265625;578.752197265625;578.752197265625;578.752197265625;1
2024-12-17 11:19:00+01:00;578.5327758789062;578.5327758789062;578.518310546875;578.518310546875;578.518310546875;2
2024-12-17 11:20:00+01:00;578.5120239257812;578.5120239257812;578.5120239257812;578.5120239257812;578.5120239257812;2
2024-12-17 11:21:00+01:00;578.6621704101562;578.6621704101562;578.494873046875;578.494873046875;578.494873046875;18
2024-12-17 11:22:00+01:00;578.2349243164062;578.2349243164062;578.2348022460938;578.2348022460938;578.2348022460938;35
2024-12-17 11:23:00+01:00;578.3026733398438;578.5913696289062;578.3026733398438;578.5913696289062;578.5913696289062;176
2024-12-17 11:24:00+01:00;578.6378784179688;578.6378784179688;578.6268920898438;578.6268920898438;578.6268920898438;3
2024-12-17 11:28:00+01:00;578.75;578.75;578.7493896484375;578.7493896484375;578.7493896484375;9
2024-12-17 11:29:00+01:00;578.8746948242188;578.8746948242188;578.8746948242188;578.8746948242188;578.8746948242188;1
2024-12-17 11:31:00+01:00;578.7659301757812;578.7659301757812;578.7659301757812;578.7659301757812;578.7659301757812;5
2024-12-17 11:32:00+01:00;578.6798095703125;578.6798095703125;578.6798095703125;578.6798095703125;578.6798095703125;4
2024-12-17 11:33:00+01:00;578.5;578.7083740234375;578.418701171875;578.418701171875;578.418701171875;103
2024-12-17 11:34:00+01:00;578.751220703125;578.85791015625;578.468994140625;578.85791015625;578.85791015625;60
2024-12-17 11:36:00+01:00;578.806884765625;578.806884765625;578.806884765625;578.806884765625;578.806884765625;3
2024-12-17 11:39:00+01:00;578.7999877929688;578.7999877929688;578.7999877929688;578.7999877929688;578.7999877929688;1
2024-12-17 11:41:00+01:00;578.87841796875;578.9078979492188;578.8742065429688;578.8978271484375;578.8978271484375;65
2024-12-17 11:42:00+01:00;578.9846801757812;578.9846801757812;578.7000122070312;578.7000122070312;578.7000122070312;2
2024-12-17 11:43:00+01:00;578.9180908203125;578.960693359375;578.9180908203125;578.960693359375;578.960693359375;2
2024-12-17 11:44:00+01:00;578.9852905273438;578.9852905273438;578.9852905273438;578.9852905273438;578.9852905273438;2
2024-12-17 11:45:00+01:00;578.9534912109375;578.9534912109375;578.8953857421875;578.8953857421875;578.8953857421875;33
2024-12-17 11:46:00+01:00;578.8433837890625;578.8433837890625;578.8433837890625;578.8433837890625;578.8433837890625;10
2024-12-17 11:47:00+01:00;578.7952270507812;578.7952270507812;578.7523803710938;578.7523803710938;578.7523803710938;16
2024-12-17 11:48:00+01:00;578.72998046875;578.7301025390625;578.72998046875;578.7301025390625;578.7301025390625;5
2024-12-17 11:50:00+01:00;578.92431640625;578.92431640625;578.7000122070312;578.7000122070312;578.7000122070312;4
2024-12-17 11:53:00+01:00;578.7838134765625;578.8389282226562;578.7838134765625;578.8217163085938;578.8217163085938;9
2024-12-17 11:54:00+01:00;578.819580078125;578.88037109375;578.819580078125;578.88037109375;578.88037109375;21
2024-12-17 11:56:00+01:00;578.7807006835938;578.7807006835938;578.7807006835938;578.7807006835938;578.7807006835938;1
2024-12-17 11:57:00+01:00;578.7166137695312;578.7166137695312;578.7166137695312;578.7166137695312;578.7166137695312;7
2024-12-17 11:58:00+01:00;578.90087890625;578.90087890625;578.90087890625;578.90087890625;578.90087890625;1
2024-12-17 11:59:00+01:00;578.8919067382812;578.8919067382812;578.8919067382812;578.8919067382812;578.8919067382812;3
2024-12-17 12:00:00+01:00;578.8599243164062;578.8599243164062;578.6987915039062;578.6987915039062;578.6987915039062;5
2024-12-17 12:01:00+01:00;578.7442016601562;578.7442016601562;578.6229248046875;578.6229248046875;578.6229248046875;3
2024-12-17 12:03:00+01:00;578.497802734375;578.497802734375;578.088623046875;578.088623046875;578.088623046875;2
2024-12-17 12:05:00+01:00;578.4736938476562;578.54150390625;578.4736938476562;578.54150390625;578.54150390625;16
2024-12-17 12:07:00+01:00;578.54150390625;578.54150390625;578.54150390625;578.54150390625;578.54150390625;3
2024-12-17 12:08:00+01:00;578.7113037109375;578.7113037109375;578.7113037109375;578.7113037109375;578.7113037109375;5
2024-12-17 12:13:00+01:00;578.9923706054688;578.9923706054688;578.9923706054688;578.9923706054688;578.9923706054688;1
2024-12-17 12:17:00+01:00;578.9725952148438;578.9725952148438;578.71142578125;578.71142578125;578.71142578125;5
2024-12-17 12:18:00+01:00;578.9965209960938;578.9965209960938;578.9965209960938;578.9965209960938;578.9965209960938;1
2024-12-17 12:22:00+01:00;578.99951171875;579.3485717773438;578.99951171875;579.3485717773438;579.3485717773438;192
2024-12-17 12:24:00+01:00;579.0936279296875;579.0936279296875;578.9000244140625;578.9000244140625;578.9000244140625;12
2024-12-17 12:25:00+01:00;578.9000244140625;578.9000244140625;578.9000244140625;578.9000244140625;578.9000244140625;1
2024-12-17 12:28:00+01:00;578.9630126953125;578.9630126953125;578.9630126953125;578.9630126953125;578.9630126953125;20
2024-12-17 12:29:00+01:00;578.899169921875;579.0316772460938;578.899169921875;579.0316772460938;579.0316772460938;5
2024-12-17 12:30:00+01:00;578.7113037109375;578.7113037109375;578.672607421875;578.672607421875;578.672607421875;14
2024-12-17 12:31:00+01:00;578.9284057617188;578.9284057617188;578.861328125;578.861328125;578.861328125;3
2024-12-17 12:32:00+01:00;578.8242797851562;578.8242797851562;578.8242797851562;578.8242797851562;578.8242797851562;2
2024-12-17 12:34:00+01:00;578.8223266601562;578.8223266601562;578.7774047851562;578.7774047851562;578.7774047851562;3
2024-12-17 12:35:00+01:00;578.8474731445312;578.8474731445312;578.5499877929688;578.5499877929688;578.5499877929688;2
2024-12-17 12:36:00+01:00;578.5499877929688;578.7252197265625;578.489990234375;578.489990234375;578.489990234375;22
2024-12-17 12:38:00+01:00;578.5491943359375;578.5491943359375;578.5491943359375;578.5491943359375;578.5491943359375;4
2024-12-17 12:44:00+01:00;578.4105224609375;578.4105224609375;578.4105224609375;578.4105224609375;578.4105224609375;1
2024-12-17 12:45:00+01:00;578.4003295898438;578.4003295898438;578.4003295898438;578.4003295898438;578.4003295898438;1
2024-12-17 12:54:00+01:00;578.010009765625;578.010009765625;577.8001098632812;577.8001098632812;577.8001098632812;45
2024-12-17 12:59:00+01:00;578.1486206054688;578.1486206054688;578.1486206054688;578.1486206054688;578.1486206054688;1
2024-12-17 13:02:00+01:00;578.2000122070312;578.2000122070312;578.2000122070312;578.2000122070312;578.2000122070312;1
2024-12-17 13:05:00+01:00;578.1185913085938;578.1185913085938;578.1185913085938;578.1185913085938;578.1185913085938;1
2024-12-17 13:07:00+01:00;577.815673828125;578.143798828125;577.815673828125;578.143798828125;578.143798828125;48
2024-12-17 13:08:00+01:00;578.1229858398438;578.1229858398438;578.1229858398438;578.1229858398438;578.1229858398438;3
2024-12-17 13:09:00+01:00;578.0756225585938;578.0756225585938;577.8001098632812;577.8001098632812;577.8001098632812;8
2024-12-17 13:13:00+01:00;577.802001953125;577.9721069335938;577.7684936523438;577.9721069335938;577.9721069335938;22
2024-12-17 13:15:00+01:00;578.076416015625;578.076416015625;578.076416015625;578.076416015625;578.076416015625;1
2024-12-17 13:16:00+01:00;577.771728515625;578.0;577.771728515625;578.0;578.0;2
2024-12-17 13:20:00+01:00;577.9989013671875;578.0042114257812;577.9989013671875;578.0040283203125;578.0040283203125;14
2024-12-17 13:22:00+01:00;577.9481811523438;577.9481811523438;577.934814453125;577.934814453125;577.934814453125;9
2024-12-17 13:23:00+01:00;577.9011840820312;577.9011840820312;577.9010009765625;577.9010009765625;577.9010009765625;8
2024-12-17 13:24:00+01:00;577.7684936523438;577.9100952148438;577.7000122070312;577.9033813476562;577.9033813476562;11
2024-12-17 13:25:00+01:00;577.8969116210938;577.8969116210938;577.8900756835938;577.8900756835938;577.8900756835938;3
2024-12-17 13:26:00+01:00;577.9536743164062;577.9536743164062;577.9536743164062;577.9536743164062;577.9536743164062;1
2024-12-17 13:28:00+01:00;577.8533935546875;577.8533935546875;577.8533935546875;577.8533935546875;577.8533935546875;10
2024-12-17 13:29:00+01:00;577.969970703125;577.969970703125;577.969970703125;577.969970703125;577.969970703125;5
2024-12-17 13:30:00+01:00;578.0;578.0;578.0;578.0;578.0;1
2024-12-17 13:33:00+01:00;577.973876953125;577.973876953125;577.973876953125;577.973876953125;577.973876953125;3
2024-12-17 13:35:00+01:00;577.7000122070312;577.8861083984375;577.7000122070312;577.8861083984375;577.8861083984375;3
2024-12-17 13:36:00+01:00;577.8593139648438;577.8593139648438;577.8593139648438;577.8593139648438;577.8593139648438;5
2024-12-17 13:38:00+01:00;577.8549194335938;577.8549194335938;577.8549194335938;577.8549194335938;577.8549194335938;3
2024-12-17 13:39:00+01:00;577.8419799804688;577.8419799804688;577.8372802734375;577.8372802734375;577.8372802734375;16
2024-12-17 13:40:00+01:00;577.7763061523438;577.7763061523438;577.7763061523438;577.7763061523438;577.7763061523438;1
2024-12-17 13:44:00+01:00;577.9190063476562;577.9190063476562;577.6160888671875;577.6160888671875;577.6160888671875;41
2024-12-17 13:48:00+01:00;577.8753051757812;577.8753051757812;577.8596801757812;577.8596801757812;577.8596801757812;26
2024-12-17 13:49:00+01:00;577.8338012695312;577.8338012695312;577.8338012695312;577.8338012695312;577.8338012695312;2
2024-12-17 13:50:00+01:00;577.7927856445312;577.7927856445312;577.7927856445312;577.7927856445312;577.7927856445312;8
2024-12-17 13:51:00+01:00;577.77587890625;577.77587890625;577.77587890625;577.77587890625;577.77587890625;2
2024-12-17 13:53:00+01:00;577.5999755859375;577.7015991210938;577.5999755859375;577.7015991210938;577.7015991210938;8
2024-12-17 13:54:00+01:00;577.5499877929688;577.5499877929688;577.5;577.5;577.5;15
2024-12-17 13:57:00+01:00;577.3499755859375;577.3499755859375;577.3499755859375;577.3499755859375;577.3499755859375;14
2024-12-17 14:00:00+01:00;577.3569946289062;577.3569946289062;577.3569946289062;577.3569946289062;577.3569946289062;1
2024-12-17 14:01:00+01:00;577.0999755859375;577.2694091796875;577.0999755859375;577.2694091796875;577.2694091796875;384
2024-12-17 14:02:00+01:00;577.0001220703125;577.160400390625;577.0;577.1602783203125;577.1602783203125;146
2024-12-17 14:03:00+01:00;576.9000244140625;576.9000244140625;576.9000244140625;576.9000244140625;576.9000244140625;1
2024-12-17 14:04:00+01:00;576.8104858398438;576.8104858398438;576.7999877929688;576.7999877929688;576.7999877929688;12
2024-12-17 14:05:00+01:00;576.9962768554688;576.9962768554688;576.9962768554688;576.9962768554688;576.9962768554688;10
2024-12-17 14:06:00+01:00;576.9898071289062;576.9898071289062;576.9642944335938;576.9642944335938;576.9642944335938;5
2024-12-17 14:08:00+01:00;576.7000122070312;576.8892822265625;576.7000122070312;576.8892211914062;576.8892211914062;3
2024-12-17 14:11:00+01:00;576.9566040039062;576.9566040039062;576.9566040039062;576.9566040039062;576.9566040039062;28
2024-12-17 14:15:00+01:00;577.013671875;577.013671875;576.715576171875;576.715576171875;576.715576171875;3
2024-12-17 14:17:00+01:00;577.1361083984375;577.1610717773438;577.1361083984375;577.15478515625;577.15478515625;9
2024-12-17 14:18:00+01:00;577.1262817382812;577.1262817382812;577.1262817382812;577.1262817382812;577.1262817382812;23
2024-12-17 14:19:00+01:00;577.1859741210938;577.1860961914062;577.1859741210938;577.1860961914062;577.1860961914062;11
2024-12-17 14:20:00+01:00;577.2265014648438;577.2265014648438;577.2265014648438;577.2265014648438;577.2265014648438;1
2024-12-17 14:23:00+01:00;577.0147705078125;577.0147705078125;577.0147705078125;577.0147705078125;577.0147705078125;2
2024-12-17 14:24:00+01:00;577.3511962890625;577.3511962890625;577.3511962890625;577.3511962890625;577.3511962890625;3
2024-12-17 14:27:00+01:00;577.2695922851562;577.2695922851562;577.2681884765625;577.2681884765625;577.2681884765625;4
2024-12-17 14:28:00+01:00;577.2556762695312;577.2556762695312;577.0299072265625;577.0299072265625;577.0299072265625;20
2024-12-17 14:29:00+01:00;577.1976928710938;577.564208984375;577.1976928710938;577.564208984375;577.564208984375;37
2024-12-17 14:30:00+01:00;577.0;577.3468017578125;576.9000244140625;576.9417114257812;576.9417114257812;33
2024-12-17 14:31:00+01:00;577.1270751953125;577.1270751953125;577.1270751953125;577.1270751953125;577.1270751953125;7
2024-12-17 14:33:00+01:00;577.1558837890625;577.1558837890625;577.1558837890625;577.1558837890625;577.1558837890625;1
2024-12-17 14:39:00+01:00;577.4000244140625;577.4000244140625;577.4000244140625;577.4000244140625;577.4000244140625;17
2024-12-17 14:40:00+01:00;577.4074096679688;577.4074096679688;577.4074096679688;577.4074096679688;577.4074096679688;4
2024-12-17 14:41:00+01:00;577.402587890625;577.402587890625;577.219970703125;577.219970703125;577.219970703125;8
2024-12-17 14:42:00+01:00;577.3026123046875;577.3026123046875;577.3026123046875;577.3026123046875;577.3026123046875;1
2024-12-17 14:43:00+01:00;576.942626953125;576.942626953125;576.9425048828125;576.9425048828125;576.9425048828125;35
2024-12-17 14:44:00+01:00;577.2838134765625;577.2838134765625;577.2318725585938;577.2318725585938;577.2318725585938;2
2024-12-17 14:46:00+01:00;577.3060913085938;577.3211059570312;577.3060913085938;577.3211059570312;577.3211059570312;5
2024-12-17 14:48:00+01:00;577.0657958984375;577.0657958984375;577.0657958984375;577.0657958984375;577.0657958984375;1
2024-12-17 14:49:00+01:00;577.2794799804688;577.2794799804688;577.2794799804688;577.2794799804688;577.2794799804688;5
2024-12-17 14:50:00+01:00;577.2387084960938;577.2387084960938;577.2387084960938;577.2387084960938;577.2387084960938;1
2024-12-17 14:51:00+01:00;577.23828125;577.2506713867188;577.23828125;577.2506713867188;577.2506713867188;2
2024-12-17 14:53:00+01:00;577.2365112304688;577.2366943359375;577.2365112304688;577.2366943359375;577.2366943359375;4
2024-12-17 14:54:00+01:00;577.2039794921875;577.2039794921875;577.0;577.0;577.0;60
2024-12-17 14:56:00+01:00;577.0;577.0;577.0;577.0;577.0;2
2024-12-17 14:57:00+01:00;577.0;577.1392822265625;577.0;577.1392822265625;577.1392822265625;2
2024-12-17 15:01:00+01:00;576.955078125;576.955078125;576.955078125;576.955078125;576.955078125;4
2024-12-17 15:04:00+01:00;577.222900390625;577.222900390625;577.2227783203125;577.2227783203125;577.2227783203125;16
2024-12-17 15:07:00+01:00;577.3809814453125;577.3809814453125;577.3651733398438;577.3651733398438;577.3651733398438;3
2024-12-17 15:08:00+01:00;577.2977294921875;577.2977294921875;577.1998291015625;577.1998291015625;577.1998291015625;20
2024-12-17 15:09:00+01:00;577.1500244140625;577.1500244140625;577.1500244140625;577.1500244140625;577.1500244140625;1
2024-12-17 15:10:00+01:00;577.1427001953125;577.1427001953125;577.1422729492188;577.1422729492188;577.1422729492188;6
2024-12-17 15:13:00+01:00;577.0006713867188;577.0006713867188;577.0006713867188;577.0006713867188;577.0006713867188;1
2024-12-17 15:16:00+01:00;577.0;577.0634765625;577.0;577.0634765625;577.0634765625;3
2024-12-17 15:20:00+01:00;576.8001098632812;577.1154174804688;576.8001098632812;577.1154174804688;577.1154174804688;3
2024-12-17 15:22:00+01:00;577.1715698242188;577.1715698242188;577.1715698242188;577.1715698242188;577.1715698242188;17
2024-12-17 15:23:00+01:00;577.1712036132812;577.1860961914062;577.1712036132812;577.1843872070312;577.1843872070312;20
2024-12-17 15:24:00+01:00;577.135498046875;577.135498046875;577.12158203125;577.12158203125;577.12158203125;36
2024-12-17 15:25:00+01:00;577.1021728515625;577.1110229492188;577.1021728515625;577.1110229492188;577.1110229492188;24
2024-12-17 15:26:00+01:00;577.1024780273438;577.1024780273438;577.1016845703125;577.1016845703125;577.1016845703125;2
2024-12-17 15:27:00+01:00;576.801025390625;576.801025390625;576.75;576.75;576.75;28
2024-12-17 15:30:00+01:00;576.6500244140625;576.7999877929688;576.2000122070312;576.2000122070312;576.2000122070312;50
2024-12-17 15:31:00+01:00;576.2000122070312;576.39892578125;576.2000122070312;576.39892578125;576.39892578125;3
2024-12-17 15:32:00+01:00;576.6608276367188;576.7711791992188;576.6608276367188;576.7711791992188;576.7711791992188;20
2024-12-17 15:34:00+01:00;576.6395263671875;576.6395874023438;576.6395263671875;576.6395874023438;576.6395874023438;4
2024-12-17 15:35:00+01:00;576.5496826171875;576.7310791015625;576.5496826171875;576.7310791015625;576.7310791015625;11
2024-12-17 15:37:00+01:00;576.6572875976562;576.6572875976562;576.0999755859375;576.0999755859375;576.0999755859375;317
2024-12-17 15:38:00+01:00;576.318115234375;576.318115234375;576.3162231445312;576.3162231445312;576.3162231445312;12
2024-12-17 15:40:00+01:00;576.4000244140625;576.5327758789062;576.389404296875;576.389404296875;576.389404296875;9
2024-12-17 15:41:00+01:00;576.2756958007812;576.2756958007812;576.2756958007812;576.2756958007812;576.2756958007812;1
2024-12-17 15:42:00+01:00;576.2651977539062;576.2651977539062;576.2564697265625;576.2564697265625;576.2564697265625;2
2024-12-17 15:44:00+01:00;576.4526977539062;576.4526977539062;576.39697265625;576.39697265625;576.39697265625;14
2024-12-17 15:45:00+01:00;576.6475830078125;576.8126220703125;576.6475830078125;576.6655883789062;576.6655883789062;224
2024-12-17 15:46:00+01:00;576.6434936523438;576.6434936523438;576.6434936523438;576.6434936523438;576.6434936523438;2
2024-12-17 15:47:00+01:00;576.6799926757812;576.6799926757812;576.6434936523438;576.6434936523438;576.6434936523438;8
2024-12-17 15:48:00+01:00;576.6433715820312;576.6433715820312;576.6433715820312;576.6433715820312;576.6433715820312;2
2024-12-17 15:49:00+01:00;576.5706176757812;576.6434936523438;576.5706176757812;576.6434936523438;576.6434936523438;20
2024-12-17 15:50:00+01:00;576.80078125;576.8659057617188;576.80078125;576.8659057617188;576.8659057617188;11
2024-12-17 15:51:00+01:00;576.9614868164062;576.9614868164062;576.9614868164062;576.9614868164062;576.9614868164062;3
2024-12-17 15:53:00+01:00;577.1320190429688;577.1320190429688;577.1320190429688;577.1320190429688;577.1320190429688;2
2024-12-17 15:54:00+01:00;577.205322265625;577.2056274414062;577.205322265625;577.2056274414062;577.2056274414062;165
2024-12-17 15:56:00+01:00;577.3621826171875;577.3621826171875;577.3621826171875;577.3621826171875;577.3621826171875;1
2024-12-17 15:57:00+01:00;577.219970703125;577.219970703125;577.219970703125;577.219970703125;577.219970703125;1
2024-12-17 15:59:00+01:00;577.0526123046875;577.0526123046875;577.0526123046875;577.0526123046875;577.0526123046875;5
2024-12-17 16:01:00+01:00;576.3001098632812;576.3001098632812;576.2564697265625;576.2564697265625;576.2564697265625;20
2024-12-17 16:03:00+01:00;576.6871948242188;576.6871948242188;576.6871948242188;576.6871948242188;576.6871948242188;1
2024-12-17 16:04:00+01:00;576.5936279296875;576.5936279296875;576.5936279296875;576.5936279296875;576.5936279296875;10
2024-12-17 16:05:00+01:00;576.5850830078125;576.5850830078125;576.5850830078125;576.5850830078125;576.5850830078125;1
2024-12-17 16:06:00+01:00;576.5933837890625;576.5936279296875;576.5933837890625;576.5936279296875;576.5936279296875;20
2024-12-17 16:08:00+01:00;576.6448974609375;576.6448974609375;576.6361083984375;576.6361083984375;576.6361083984375;3
2024-12-17 16:10:00+01:00;576.2564697265625;576.485107421875;576.176513671875;576.485107421875;576.485107421875;16
2024-12-17 16:11:00+01:00;576.0999755859375;576.2526245117188;576.0001220703125;576.0001220703125;576.0001220703125;40
2024-12-17 16:13:00+01:00;576.319091796875;576.319091796875;576.319091796875;576.319091796875;576.319091796875;1
2024-12-17 16:14:00+01:00;576.0999755859375;576.269775390625;576.0;576.2650146484375;576.2650146484375;50
2024-12-17 16:15:00+01:00;575.992919921875;576.0632934570312;575.86181640625;575.86181640625;575.86181640625;28
2024-12-17 16:16:00+01:00;576.0;576.0189819335938;576.0;576.0189819335938;576.0189819335938;3
2024-12-17 16:20:00+01:00;576.2078247070312;576.2078247070312;576.0;576.0;576.0;8
2024-12-17 16:21:00+01:00;576.0220947265625;576.0220947265625;575.7401733398438;575.7401733398438;575.7401733398438;26
2024-12-17 16:23:00+01:00;576.1909790039062;576.1909790039062;576.1909790039062;576.1909790039062;576.1909790039062;1
2024-12-17 16:24:00+01:00;576.1895751953125;576.1895751953125;576.1895751953125;576.1895751953125;576.1895751953125;6
2024-12-17 16:25:00+01:00;576.2003173828125;576.2003173828125;575.7006225585938;575.7006225585938;575.7006225585938;86
2024-12-17 16:26:00+01:00;576.0;576.0;575.8140258789062;575.8140258789062;575.8140258789062;11
2024-12-17 16:28:00+01:00;575.9227294921875;575.9227294921875;575.9227294921875;575.9227294921875;575.9227294921875;4
2024-12-17 16:29:00+01:00;575.7999877929688;575.7999877929688;575.7999877929688;575.7999877929688;575.7999877929688;1
2024-12-17 16:30:00+01:00;575.7999877929688;576.1981811523438;575.7999877929688;576.1981811523438;576.1981811523438;2
2024-12-17 16:32:00+01:00;576.2196044921875;576.2197265625;576.1890869140625;576.1890869140625;576.1890869140625;18
2024-12-17 16:34:00+01:00;576.1992797851562;576.1992797851562;576.1992797851562;576.1992797851562;576.1992797851562;1
2024-12-17 16:35:00+01:00;576.1290283203125;576.1290283203125;576.122802734375;576.122802734375;576.122802734375;5
2024-12-17 16:36:00+01:00;576.1265258789062;576.1265258789062;576.1256713867188;576.1256713867188;576.1256713867188;3
2024-12-17 16:38:00+01:00;576.3065185546875;576.3065185546875;576.3065185546875;576.3065185546875;576.3065185546875;1
2024-12-17 16:39:00+01:00;576.1259155273438;576.1259155273438;576.1199951171875;576.1199951171875;576.1199951171875;12
2024-12-17 16:41:00+01:00;576.3433837890625;576.3433837890625;576.3433837890625;576.3433837890625;576.3433837890625;2
2024-12-17 16:42:00+01:00;576.3717041015625;576.3717041015625;576.3717041015625;576.3717041015625;576.3717041015625;1
2024-12-17 16:46:00+01:00;576.3104248046875;576.3104248046875;576.1746826171875;576.1746826171875;576.1746826171875;49
2024-12-17 16:47:00+01:00;576.6704711914062;576.6704711914062;576.6704711914062;576.6704711914062;576.6704711914062;1
2024-12-17 16:48:00+01:00;576.6895141601562;576.6895141601562;576.6735229492188;576.6735229492188;576.6735229492188;3
2024-12-17 16:49:00+01:00;576.3641967773438;576.6840209960938;576.3641967773438;576.6840209960938;576.6840209960938;10
2024-12-17 16:50:00+01:00;576.6961059570312;576.6961059570312;576.6961059570312;576.6961059570312;576.6961059570312;1
2024-12-17 16:51:00+01:00;576.6998901367188;576.6998901367188;576.6998901367188;576.6998901367188;576.6998901367188;1
2024-12-17 16:53:00+01:00;576.6599731445312;576.6599731445312;576.6599731445312;576.6599731445312;576.6599731445312;0
2024-12-17 16:55:00+01:00;576.5999755859375;576.6331787109375;576.5999755859375;576.6331787109375;576.6331787109375;6356
2024-12-17 16:57:00+01:00;576.7100219726562;576.7337036132812;576.7100219726562;576.7337036132812;576.7337036132812;55
2024-12-17 16:59:00+01:00;577.1201782226562;577.1201782226562;577.1201782226562;577.1201782226562;577.1201782226562;2
2024-12-17 17:00:00+01:00;577.0364990234375;577.0364990234375;577.0364990234375;577.0364990234375;577.0364990234375;4
2024-12-17 17:01:00+01:00;577.086669921875;577.086669921875;577.086669921875;577.086669921875;577.086669921875;3
2024-12-17 17:02:00+01:00;577.0;577.0;577.0;577.0;577.0;2
2024-12-17 17:04:00+01:00;576.654296875;576.9520263671875;576.654296875;576.9520263671875;576.9520263671875;5
2024-12-17 17:06:00+01:00;576.97607421875;577.0194702148438;576.97607421875;577.0194702148438;577.0194702148438;2
2024-12-17 17:07:00+01:00;576.9066162109375;577.1511840820312;576.9066162109375;577.1511840820312;577.1511840820312;3
2024-12-17 17:09:00+01:00;577.2702026367188;577.2702026367188;577.2702026367188;577.2702026367188;577.2702026367188;1
2024-12-17 17:10:00+01:00;577.1837158203125;577.1837158203125;577.169921875;577.169921875;577.169921875;9
2024-12-17 17:11:00+01:00;577.4725952148438;577.4725952148438;577.4725952148438;577.4725952148438;577.4725952148438;1
2024-12-17 17:16:00+01:00;577.4232788085938;577.4232788085938;577.4232788085938;577.4232788085938;577.4232788085938;7
2024-12-17 17:17:00+01:00;577.0999755859375;577.3176879882812;577.0999755859375;577.2426147460938;577.2426147460938;7
2024-12-17 17:18:00+01:00;577.2186889648438;577.2186889648438;577.1781005859375;577.1781005859375;577.1781005859375;18
2024-12-17 17:19:00+01:00;577.2277221679688;577.2333984375;577.2277221679688;577.2333984375;577.2333984375;2
2024-12-17 17:20:00+01:00;577.247314453125;577.2775268554688;577.247314453125;577.2775268554688;577.2775268554688;9
2024-12-17 17:21:00+01:00;577.340576171875;577.340576171875;577.340576171875;577.340576171875;577.340576171875;1
2024-12-17 17:22:00+01:00;577.2775268554688;577.2775268554688;577.2775268554688;577.2775268554688;577.2775268554688;1
2024-12-17 17:25:00+01:00;577.1928100585938;577.1928100585938;577.0;577.1425170898438;577.1425170898438;15
2024-12-17 17:26:00+01:00;576.9114990234375;577.07177734375;576.9114990234375;577.07177734375;577.07177734375;4
2024-12-17 17:29:00+01:00;577.0933227539062;577.0933227539062;577.0933227539062;577.0933227539062;577.0933227539062;3
