Datetime;Open;High;Low;Close;Adj Close;Volume
2024-10-14 09:04:00+02:00;542.3624877929688;542.3978881835938;542.3624877929688;542.3978881835938;542.3978881835938;0
2024-10-14 09:05:00+02:00;542.3416748046875;542.3416748046875;542.0001831054688;542.0001831054688;542.0001831054688;2
2024-10-14 09:06:00+02:00;542.273193359375;542.3016967773438;542.273193359375;542.2988891601562;542.2988891601562;5
2024-10-14 09:07:00+02:00;542.2971801757812;542.2971801757812;542.2340698242188;542.2340698242188;542.2340698242188;6
2024-10-14 09:08:00+02:00;542.0;542.2340698242188;542.0;542.2340698242188;542.2340698242188;5
2024-10-14 09:09:00+02:00;542.2904052734375;542.293212890625;542.0001831054688;542.0001831054688;542.0001831054688;75
2024-10-14 09:11:00+02:00;542.22998046875;542.22998046875;542.22998046875;542.22998046875;542.22998046875;1
2024-10-14 09:12:00+02:00;542.22998046875;542.22998046875;542.22998046875;542.22998046875;542.22998046875;1
2024-10-14 09:14:00+02:00;542.0499877929688;542.0499877929688;541.8508911132812;541.8508911132812;541.8508911132812;90
2024-10-14 09:15:00+02:00;542.136474609375;542.136474609375;542.136474609375;542.136474609375;542.136474609375;1
2024-10-14 09:17:00+02:00;542.273193359375;542.273193359375;542.273193359375;542.273193359375;542.273193359375;5
2024-10-14 09:18:00+02:00;542.273193359375;542.30029296875;542.208984375;542.30029296875;542.30029296875;39
2024-10-14 09:19:00+02:00;542.3004150390625;542.3004150390625;542.3004150390625;542.3004150390625;542.3004150390625;1
2024-10-14 09:20:00+02:00;542.2734985351562;542.364501953125;542.2734985351562;542.364501953125;542.364501953125;19
2024-10-14 09:21:00+02:00;542.367919921875;542.3800048828125;542.367919921875;542.3800048828125;542.3800048828125;24
2024-10-14 09:22:00+02:00;542.4000244140625;542.444580078125;542.3790893554688;542.3790893554688;542.3790893554688;82
2024-10-14 09:23:00+02:00;542.4896850585938;542.6224975585938;542.4896850585938;542.6224975585938;542.6224975585938;26
2024-10-14 09:24:00+02:00;542.5628051757812;542.5855712890625;542.5628051757812;542.5855712890625;542.5855712890625;23
2024-10-14 09:25:00+02:00;542.5767211914062;542.5767211914062;542.5623168945312;542.5623168945312;542.5623168945312;5
2024-10-14 09:28:00+02:00;542.3637084960938;542.3948974609375;542.3637084960938;542.3948974609375;542.3948974609375;8
2024-10-14 09:29:00+02:00;542.3839721679688;542.5086059570312;542.3839721679688;542.5086059570312;542.5086059570312;14
2024-10-14 09:32:00+02:00;542.5278930664062;542.5869140625;542.5278930664062;542.5687866210938;542.5687866210938;26
2024-10-14 09:34:00+02:00;542.6500244140625;542.66162109375;542.6107788085938;542.6107788085938;542.6107788085938;8
2024-10-14 09:35:00+02:00;542.5614013671875;542.5811767578125;542.5614013671875;542.5811767578125;542.5811767578125;12
2024-10-14 09:36:00+02:00;542.5;542.5;542.31201171875;542.5;542.5;25
2024-10-14 09:37:00+02:00;542.5;542.5;542.5;542.5;542.5;4
2024-10-14 09:38:00+02:00;542.3056030273438;542.5;542.3056030273438;542.5;542.5;13
2024-10-14 09:40:00+02:00;542.5;542.6707763671875;542.5;542.638671875;542.638671875;14
2024-10-14 09:41:00+02:00;542.6279907226562;542.6279907226562;542.6243286132812;542.6243286132812;542.6243286132812;7
2024-10-14 09:43:00+02:00;542.5576782226562;542.6740112304688;542.5576782226562;542.640625;542.640625;13
2024-10-14 09:46:00+02:00;542.6002197265625;542.6002197265625;542.5167236328125;542.5167236328125;542.5167236328125;9
2024-10-14 09:47:00+02:00;542.5648803710938;542.5944213867188;542.5648803710938;542.5944213867188;542.5944213867188;6
2024-10-14 09:50:00+02:00;542.7642822265625;542.9000244140625;542.6870727539062;542.9000244140625;542.9000244140625;47
2024-10-14 09:51:00+02:00;542.73291015625;542.734375;542.7188720703125;542.7188720703125;542.7188720703125;11
2024-10-14 09:52:00+02:00;542.7529907226562;542.9138793945312;542.7529907226562;542.913818359375;542.913818359375;5
2024-10-14 09:53:00+02:00;542.9000244140625;542.9000244140625;542.9000244140625;542.9000244140625;542.9000244140625;2
2024-10-14 09:55:00+02:00;542.9130859375;542.9130859375;542.9080810546875;542.9080810546875;542.9080810546875;8
2024-10-14 09:56:00+02:00;542.9080810546875;542.9080810546875;542.9080810546875;542.9080810546875;542.9080810546875;13
2024-10-14 09:57:00+02:00;542.9478149414062;542.9478149414062;542.719970703125;542.719970703125;542.719970703125;21
2024-10-14 09:58:00+02:00;542.9290771484375;542.9290771484375;542.9290771484375;542.9290771484375;542.9290771484375;6
2024-10-14 09:59:00+02:00;542.9791259765625;542.986572265625;542.9680786132812;542.9680786132812;542.9680786132812;16
2024-10-14 10:02:00+02:00;542.9053955078125;542.9053955078125;542.9053955078125;542.9053955078125;542.9053955078125;2
2024-10-14 10:03:00+02:00;542.8740234375;542.8740234375;542.867919921875;542.867919921875;542.867919921875;2
2024-10-14 10:05:00+02:00;542.9285278320312;542.9285278320312;542.9285278320312;542.9285278320312;542.9285278320312;3
2024-10-14 10:06:00+02:00;542.8930053710938;542.9281005859375;542.8930053710938;542.9281005859375;542.9281005859375;12
2024-10-14 10:07:00+02:00;542.9000244140625;542.9000244140625;542.85302734375;542.85302734375;542.85302734375;93
2024-10-14 10:08:00+02:00;542.7158203125;542.7158203125;542.7158203125;542.7158203125;542.7158203125;5
2024-10-14 10:09:00+02:00;542.7655029296875;542.7655029296875;542.7144775390625;542.7144775390625;542.7144775390625;5
2024-10-14 10:10:00+02:00;542.6732177734375;542.7830200195312;542.6489868164062;542.6932983398438;542.6932983398438;121
2024-10-14 10:11:00+02:00;542.6968994140625;542.6968994140625;542.6968994140625;542.6968994140625;542.6968994140625;9
2024-10-14 10:12:00+02:00;542.7796020507812;542.7802734375;542.7796020507812;542.7802734375;542.7802734375;8
2024-10-14 10:13:00+02:00;542.7830200195312;542.7866821289062;542.7830200195312;542.7866821289062;542.7866821289062;11
2024-10-14 10:14:00+02:00;542.7882080078125;542.7882080078125;542.7882080078125;542.7882080078125;542.7882080078125;10
2024-10-14 10:15:00+02:00;542.7899780273438;542.8165283203125;542.7866821289062;542.8165283203125;542.8165283203125;12
2024-10-14 10:16:00+02:00;542.809814453125;542.809814453125;542.7864990234375;542.7864990234375;542.7864990234375;7
2024-10-14 10:17:00+02:00;542.79052734375;542.79052734375;542.788330078125;542.788330078125;542.788330078125;3
2024-10-14 10:19:00+02:00;542.8369140625;542.8369140625;542.572509765625;542.572509765625;542.572509765625;21
2024-10-14 10:20:00+02:00;542.6959228515625;542.7188720703125;542.6959228515625;542.7188720703125;542.7188720703125;9
2024-10-14 10:21:00+02:00;542.7559814453125;542.7559814453125;542.7559814453125;542.7559814453125;542.7559814453125;3
2024-10-14 10:22:00+02:00;542.7103271484375;542.75;542.7103271484375;542.7332153320312;542.7332153320312;8
2024-10-14 10:24:00+02:00;542.7144165039062;542.7293090820312;542.7144165039062;542.7241821289062;542.7241821289062;4
2024-10-14 10:25:00+02:00;542.7109985351562;542.7109985351562;542.7109985351562;542.7109985351562;542.7109985351562;4
2024-10-14 10:26:00+02:00;542.8090209960938;542.851318359375;542.8090209960938;542.851318359375;542.851318359375;8
2024-10-14 10:27:00+02:00;542.8010864257812;542.8074951171875;542.8010864257812;542.8074951171875;542.8074951171875;4
2024-10-14 10:28:00+02:00;542.8380737304688;542.8380737304688;542.80810546875;542.80810546875;542.80810546875;2
2024-10-14 10:29:00+02:00;542.80810546875;542.80810546875;542.80810546875;542.80810546875;542.80810546875;5
2024-10-14 10:30:00+02:00;542.80810546875;542.80810546875;542.80810546875;542.80810546875;542.80810546875;1
2024-10-14 10:31:00+02:00;542.8171997070312;542.8171997070312;542.4827880859375;542.4827880859375;542.4827880859375;38
2024-10-14 10:32:00+02:00;542.3001098632812;542.3001098632812;542.3001098632812;542.3001098632812;542.3001098632812;5
2024-10-14 10:33:00+02:00;542.622314453125;542.66357421875;542.5468139648438;542.5468139648438;542.5468139648438;28
2024-10-14 10:34:00+02:00;542.6041259765625;542.6041259765625;542.6041259765625;542.6041259765625;542.6041259765625;10
2024-10-14 10:36:00+02:00;542.2999877929688;542.5346069335938;542.2899780273438;542.5346069335938;542.5346069335938;8
2024-10-14 10:37:00+02:00;542.4880981445312;542.4880981445312;542.4880981445312;542.4880981445312;542.4880981445312;2
2024-10-14 10:38:00+02:00;542.5220947265625;542.627197265625;542.5220947265625;542.627197265625;542.627197265625;2
2024-10-14 10:40:00+02:00;542.6397705078125;542.6397705078125;542.6397705078125;542.6397705078125;542.6397705078125;2
2024-10-14 10:41:00+02:00;542.6176147460938;542.6176147460938;542.6176147460938;542.6176147460938;542.6176147460938;1
2024-10-14 10:42:00+02:00;542.6939697265625;542.6939697265625;542.6939697265625;542.6939697265625;542.6939697265625;3
2024-10-14 10:44:00+02:00;542.47412109375;542.518310546875;542.47412109375;542.518310546875;542.518310546875;2
2024-10-14 10:45:00+02:00;542.5084838867188;542.7255859375;542.5084838867188;542.7255859375;542.7255859375;40
2024-10-14 10:46:00+02:00;542.5;542.585693359375;542.5;542.585693359375;542.585693359375;3
2024-10-14 10:50:00+02:00;542.205078125;542.5078735351562;542.205078125;542.5078735351562;542.5078735351562;19
2024-10-14 10:52:00+02:00;542.5092163085938;542.5408935546875;542.5092163085938;542.5408935546875;542.5408935546875;5
2024-10-14 10:53:00+02:00;542.5015869140625;542.5015869140625;542.5015869140625;542.5015869140625;542.5015869140625;2
2024-10-14 10:55:00+02:00;542.5078735351562;542.5078735351562;542.5070190429688;542.5070190429688;542.5070190429688;9
2024-10-14 10:56:00+02:00;542.52392578125;542.52392578125;542.5217895507812;542.5217895507812;542.5217895507812;10
2024-10-14 10:57:00+02:00;542.5535278320312;542.6024780273438;542.5535278320312;542.6024780273438;542.6024780273438;23
2024-10-14 10:58:00+02:00;542.27001953125;542.27001953125;542.27001953125;542.27001953125;542.27001953125;12
2024-10-14 10:59:00+02:00;542.27001953125;542.27001953125;542.2000732421875;542.2000732421875;542.2000732421875;96
2024-10-14 11:00:00+02:00;542.2000732421875;542.53271484375;542.2000732421875;542.53271484375;542.53271484375;7
2024-10-14 11:01:00+02:00;542.3499755859375;542.5424194335938;542.3499755859375;542.5424194335938;542.5424194335938;2
2024-10-14 11:02:00+02:00;542.2540283203125;542.63232421875;542.2540283203125;542.63232421875;542.63232421875;6
2024-10-14 11:03:00+02:00;542.6849975585938;542.6849975585938;542.6849975585938;542.6849975585938;542.6849975585938;2
2024-10-14 11:05:00+02:00;542.7316284179688;542.7316284179688;542.6868896484375;542.6868896484375;542.6868896484375;2
2024-10-14 11:07:00+02:00;542.6629028320312;542.6629028320312;542.6629028320312;542.6629028320312;542.6629028320312;1
2024-10-14 11:08:00+02:00;542.6748046875;542.6748046875;542.6748046875;542.6748046875;542.6748046875;1
2024-10-14 11:09:00+02:00;542.6998901367188;542.6998901367188;542.6998901367188;542.6998901367188;542.6998901367188;2
2024-10-14 11:10:00+02:00;542.3255004882812;542.3255004882812;542.3255004882812;542.3255004882812;542.3255004882812;1
2024-10-14 11:11:00+02:00;542.6309814453125;542.6309814453125;542.6309814453125;542.6309814453125;542.6309814453125;10
2024-10-14 11:12:00+02:00;542.5612182617188;542.5612182617188;542.5612182617188;542.5612182617188;542.5612182617188;8
2024-10-14 11:13:00+02:00;542.5612182617188;542.5612182617188;542.5612182617188;542.5612182617188;542.5612182617188;4
2024-10-14 11:14:00+02:00;542.3255004882812;542.5612182617188;542.3255004882812;542.5612182617188;542.5612182617188;16
2024-10-14 11:16:00+02:00;542.5612182617188;542.5612182617188;542.5612182617188;542.5612182617188;542.5612182617188;1
2024-10-14 11:17:00+02:00;542.5612182617188;542.5612182617188;542.3255004882812;542.3255004882812;542.3255004882812;9
2024-10-14 11:18:00+02:00;542.5612182617188;542.57421875;542.5458984375;542.5458984375;542.5458984375;53
2024-10-14 11:19:00+02:00;542.3255004882812;542.3255004882812;542.3255004882812;542.3255004882812;542.3255004882812;4
2024-10-14 11:20:00+02:00;542.3255004882812;542.497314453125;542.2142944335938;542.497314453125;542.497314453125;17
2024-10-14 11:21:00+02:00;542.497314453125;542.497314453125;542.497314453125;542.497314453125;542.497314453125;7
2024-10-14 11:22:00+02:00;542.497314453125;542.497314453125;542.497314453125;542.497314453125;542.497314453125;3
2024-10-14 11:23:00+02:00;542.4918212890625;542.4918212890625;542.4918212890625;542.4918212890625;542.4918212890625;8
2024-10-14 11:25:00+02:00;542.3812255859375;542.3812255859375;542.3812255859375;542.3812255859375;542.3812255859375;1
2024-10-14 11:26:00+02:00;542.4111938476562;542.4111938476562;542.4111938476562;542.4111938476562;542.4111938476562;1
2024-10-14 11:29:00+02:00;542.5333862304688;542.5333862304688;542.5333862304688;542.5333862304688;542.5333862304688;3
2024-10-14 11:30:00+02:00;542.517578125;542.517578125;542.517578125;542.517578125;542.517578125;20
2024-10-14 11:32:00+02:00;542.511474609375;542.511474609375;542.4995727539062;542.4995727539062;542.4995727539062;4
2024-10-14 11:33:00+02:00;542.4061279296875;542.4061279296875;542.4061279296875;542.4061279296875;542.4061279296875;1
2024-10-14 11:34:00+02:00;542.506103515625;542.6978759765625;542.506103515625;542.6978759765625;542.6978759765625;39
2024-10-14 11:35:00+02:00;542.6024780273438;542.6024780273438;542.5933227539062;542.5933227539062;542.5933227539062;2
2024-10-14 11:38:00+02:00;542.5079956054688;542.5803833007812;542.5079956054688;542.5803833007812;542.5803833007812;52
2024-10-14 11:39:00+02:00;542.2100830078125;542.5462036132812;542.2100830078125;542.5;542.5;8
2024-10-14 11:40:00+02:00;542.530029296875;542.530029296875;542.530029296875;542.530029296875;542.530029296875;1
2024-10-14 11:42:00+02:00;542.5656127929688;542.5872802734375;542.5656127929688;542.5872802734375;542.5872802734375;3
2024-10-14 11:44:00+02:00;542.5109252929688;542.5296020507812;542.5109252929688;542.5296020507812;542.5296020507812;59
2024-10-14 11:46:00+02:00;542.6516723632812;542.6516723632812;542.6516723632812;542.6516723632812;542.6516723632812;6
2024-10-14 11:47:00+02:00;542.6425170898438;542.6500244140625;542.294677734375;542.6500244140625;542.6500244140625;4
2024-10-14 11:48:00+02:00;542.6328125;542.6328125;542.6328125;542.6328125;542.6328125;1
2024-10-14 11:49:00+02:00;542.69677734375;542.69677734375;542.69677734375;542.69677734375;542.69677734375;4
2024-10-14 11:50:00+02:00;542.67626953125;542.67626953125;542.67626953125;542.67626953125;542.67626953125;4
2024-10-14 11:51:00+02:00;542.73291015625;542.73291015625;542.73291015625;542.73291015625;542.73291015625;3
2024-10-14 11:52:00+02:00;542.7252197265625;542.7252197265625;542.7252197265625;542.7252197265625;542.7252197265625;1
2024-10-14 11:53:00+02:00;542.5999755859375;542.6727905273438;542.5999755859375;542.6727905273438;542.6727905273438;3
2024-10-14 11:54:00+02:00;542.5999755859375;542.5999755859375;542.5999755859375;542.5999755859375;542.5999755859375;5
2024-10-14 11:55:00+02:00;542.71630859375;542.7705078125;542.6066284179688;542.6066284179688;542.6066284179688;30
2024-10-14 11:57:00+02:00;542.5997924804688;542.5997924804688;542.5997924804688;542.5997924804688;542.5997924804688;5
2024-10-14 11:58:00+02:00;542.638427734375;542.638427734375;542.638427734375;542.638427734375;542.638427734375;2
2024-10-14 12:00:00+02:00;542.665283203125;542.7404174804688;542.665283203125;542.7404174804688;542.7404174804688;21
2024-10-14 12:01:00+02:00;542.7628173828125;542.7628173828125;542.4105834960938;542.4105834960938;542.4105834960938;106
2024-10-14 12:04:00+02:00;542.8526000976562;542.8526000976562;542.8526000976562;542.8526000976562;542.8526000976562;4
2024-10-14 12:05:00+02:00;542.890380859375;542.890380859375;542.890380859375;542.890380859375;542.890380859375;1
2024-10-14 12:07:00+02:00;542.890380859375;542.9995727539062;542.890380859375;542.9995727539062;542.9995727539062;36
2024-10-14 12:08:00+02:00;542.9281005859375;542.9281005859375;542.9281005859375;542.9281005859375;542.9281005859375;2
2024-10-14 12:09:00+02:00;542.9281005859375;542.9281005859375;542.9281005859375;542.9281005859375;542.9281005859375;3
2024-10-14 12:11:00+02:00;542.9281005859375;542.9281005859375;542.9281005859375;542.9281005859375;542.9281005859375;1
2024-10-14 12:14:00+02:00;542.9281005859375;542.9281005859375;542.9281005859375;542.9281005859375;542.9281005859375;1
2024-10-14 12:15:00+02:00;542.9281005859375;542.9281005859375;542.60009765625;542.60009765625;542.60009765625;2
2024-10-14 12:17:00+02:00;543.0;543.1845092773438;543.0;543.1708984375;543.1708984375;77
2024-10-14 12:19:00+02:00;543.0499267578125;543.0499267578125;543.0499267578125;543.0499267578125;543.0499267578125;1
2024-10-14 12:20:00+02:00;543.0734252929688;543.0734252929688;543.0734252929688;543.0734252929688;543.0734252929688;1
2024-10-14 12:21:00+02:00;542.9652099609375;542.9652099609375;542.9652099609375;542.9652099609375;542.9652099609375;1
2024-10-14 12:22:00+02:00;543.16259765625;543.16259765625;543.16259765625;543.16259765625;543.16259765625;1
2024-10-14 12:28:00+02:00;543.0;543.0;543.0;543.0;543.0;1
2024-10-14 12:29:00+02:00;543.0;543.0;543.0;543.0;543.0;1
2024-10-14 12:30:00+02:00;542.9652099609375;542.9652099609375;542.7891845703125;542.7891845703125;542.7891845703125;16
2024-10-14 12:31:00+02:00;542.9974975585938;542.9974975585938;542.9974975585938;542.9974975585938;542.9974975585938;1
2024-10-14 12:33:00+02:00;542.96142578125;542.96142578125;542.96142578125;542.96142578125;542.96142578125;2
2024-10-14 12:34:00+02:00;543.0119018554688;543.0119018554688;543.0119018554688;543.0119018554688;543.0119018554688;4
2024-10-14 12:36:00+02:00;542.92626953125;542.92626953125;542.92626953125;542.92626953125;542.92626953125;1
2024-10-14 12:39:00+02:00;542.9674072265625;543.0167236328125;542.9674072265625;543.0167236328125;543.0167236328125;5
2024-10-14 12:40:00+02:00;542.9801025390625;542.9801025390625;542.9801025390625;542.9801025390625;542.9801025390625;1
2024-10-14 12:41:00+02:00;542.9801025390625;543.0286865234375;542.9801025390625;543.0286865234375;543.0286865234375;7
2024-10-14 12:42:00+02:00;543.0029296875;543.0029296875;543.0029296875;543.0029296875;543.0029296875;10
2024-10-14 12:43:00+02:00;542.9666748046875;542.9666748046875;542.9666748046875;542.9666748046875;542.9666748046875;2
2024-10-14 12:46:00+02:00;542.9959106445312;542.9959106445312;542.9959106445312;542.9959106445312;542.9959106445312;2
2024-10-14 12:48:00+02:00;543.0031127929688;543.0031127929688;542.9633178710938;542.9633178710938;542.9633178710938;4
2024-10-14 12:50:00+02:00;542.962890625;543.0245971679688;542.962890625;543.0245971679688;543.0245971679688;2
2024-10-14 12:51:00+02:00;542.9635009765625;543.0;542.9635009765625;543.0;543.0;6
2024-10-14 12:52:00+02:00;543.0;543.0;543.0;543.0;543.0;2
2024-10-14 12:55:00+02:00;542.9891967773438;542.9891967773438;542.9891967773438;542.9891967773438;542.9891967773438;20
2024-10-14 12:56:00+02:00;542.6804809570312;542.9801025390625;542.6804809570312;542.9801025390625;542.9801025390625;18
2024-10-14 12:59:00+02:00;543.0609130859375;543.0609130859375;542.9801025390625;543.044189453125;543.044189453125;16
2024-10-14 13:00:00+02:00;543.0070190429688;543.0070190429688;543.0070190429688;543.0070190429688;543.0070190429688;1
2024-10-14 13:01:00+02:00;543.0255126953125;543.0255126953125;543.0255126953125;543.0255126953125;543.0255126953125;1
2024-10-14 13:02:00+02:00;543.0120239257812;543.0120239257812;543.0120239257812;543.0120239257812;543.0120239257812;2
2024-10-14 13:03:00+02:00;543.0023193359375;543.0037231445312;543.0023193359375;543.0037231445312;543.0037231445312;4
2024-10-14 13:04:00+02:00;543.0034790039062;543.0034790039062;543.0034790039062;543.0034790039062;543.0034790039062;2
2024-10-14 13:06:00+02:00;543.0418090820312;543.0418090820312;543.0317993164062;543.0317993164062;543.0317993164062;5
2024-10-14 13:07:00+02:00;542.9725952148438;542.9725952148438;542.9725952148438;542.9725952148438;542.9725952148438;7
2024-10-14 13:08:00+02:00;542.9796752929688;542.9796752929688;542.9796752929688;542.9796752929688;542.9796752929688;3
2024-10-14 13:13:00+02:00;543.1599731445312;543.1599731445312;543.1599731445312;543.1599731445312;543.1599731445312;1
2024-10-14 13:16:00+02:00;543.2222290039062;543.2222290039062;543.2222290039062;543.2222290039062;543.2222290039062;5
2024-10-14 13:17:00+02:00;543.0;543.0;542.84228515625;542.84228515625;542.84228515625;33
2024-10-14 13:18:00+02:00;543.05322265625;543.1035766601562;543.05322265625;543.1035766601562;543.1035766601562;17
2024-10-14 13:20:00+02:00;542.9771728515625;542.9771728515625;542.9771728515625;542.9771728515625;542.9771728515625;1
2024-10-14 13:21:00+02:00;543.0216064453125;543.0266723632812;543.0216064453125;543.0266723632812;543.0266723632812;6
2024-10-14 13:22:00+02:00;543.030517578125;543.030517578125;543.030517578125;543.030517578125;543.030517578125;13
2024-10-14 13:24:00+02:00;543.0665893554688;543.1710205078125;543.0665893554688;543.1710205078125;543.1710205078125;27
2024-10-14 13:25:00+02:00;543.1237182617188;543.1237182617188;543.1237182617188;543.1237182617188;543.1237182617188;2
2024-10-14 13:28:00+02:00;543.0510864257812;543.0510864257812;543.0510864257812;543.0510864257812;543.0510864257812;2
2024-10-14 13:29:00+02:00;543.0383911132812;543.0418701171875;543.0383911132812;543.0418701171875;543.0418701171875;4
2024-10-14 13:30:00+02:00;543.0811157226562;543.0811157226562;543.0811157226562;543.0811157226562;543.0811157226562;1
2024-10-14 13:31:00+02:00;543.1024780273438;543.1024780273438;543.1024780273438;543.1024780273438;543.1024780273438;9
2024-10-14 13:32:00+02:00;543.1453857421875;543.180419921875;543.1453857421875;543.180419921875;543.180419921875;2
2024-10-14 13:33:00+02:00;543.0997924804688;543.0997924804688;543.0997924804688;543.0997924804688;543.0997924804688;11
2024-10-14 13:34:00+02:00;543.11279296875;543.11279296875;543.11279296875;543.11279296875;543.11279296875;1
2024-10-14 13:35:00+02:00;543.12548828125;543.12548828125;543.12548828125;543.12548828125;543.12548828125;1
2024-10-14 13:37:00+02:00;543.1458129882812;543.1458129882812;543.1458129882812;543.1458129882812;543.1458129882812;6
2024-10-14 13:38:00+02:00;543.184326171875;543.184326171875;543.184326171875;543.184326171875;543.184326171875;1
2024-10-14 13:42:00+02:00;543.1098022460938;543.1098022460938;543.1098022460938;543.1098022460938;543.1098022460938;2
2024-10-14 13:43:00+02:00;543.5081176757812;543.5081176757812;543.5081176757812;543.5081176757812;543.5081176757812;1
2024-10-14 13:47:00+02:00;543.5980834960938;543.6270751953125;543.5980834960938;543.6270751953125;543.6270751953125;25
2024-10-14 13:49:00+02:00;543.6066284179688;543.6066284179688;543.565673828125;543.565673828125;543.565673828125;11
2024-10-14 13:53:00+02:00;543.48291015625;543.48291015625;543.48291015625;543.48291015625;543.48291015625;9
2024-10-14 13:54:00+02:00;543.5062866210938;543.5062866210938;543.5062866210938;543.5062866210938;543.5062866210938;19
2024-10-14 13:55:00+02:00;543.4912109375;543.4912109375;543.480712890625;543.480712890625;543.480712890625;3
2024-10-14 13:56:00+02:00;543.4935913085938;543.4935913085938;543.4935913085938;543.4935913085938;543.4935913085938;1
2024-10-14 13:58:00+02:00;543.55810546875;543.55810546875;543.55810546875;543.55810546875;543.55810546875;3
2024-10-14 14:00:00+02:00;543.5894165039062;543.5894165039062;543.2501220703125;543.2501220703125;543.2501220703125;3
2024-10-14 14:01:00+02:00;543.5454711914062;543.5454711914062;543.5454711914062;543.5454711914062;543.5454711914062;2
2024-10-14 14:02:00+02:00;543.5350952148438;543.5377197265625;543.5350952148438;543.5377197265625;543.5377197265625;5
2024-10-14 14:03:00+02:00;543.5471801757812;543.5471801757812;543.5471801757812;543.5471801757812;543.5471801757812;9
2024-10-14 14:04:00+02:00;543.5637817382812;543.5637817382812;543.5637817382812;543.5637817382812;543.5637817382812;1
2024-10-14 14:07:00+02:00;543.5684204101562;543.6237182617188;543.5684204101562;543.6237182617188;543.6237182617188;5
2024-10-14 14:10:00+02:00;543.5344848632812;543.5975952148438;543.5328979492188;543.5975952148438;543.5975952148438;7
2024-10-14 14:13:00+02:00;543.4989013671875;543.4989013671875;543.2022705078125;543.2022705078125;543.2022705078125;72
2024-10-14 14:14:00+02:00;543.5426025390625;543.5426025390625;543.5426025390625;543.5426025390625;543.5426025390625;2
2024-10-14 14:15:00+02:00;543.5765991210938;543.5831298828125;543.5765991210938;543.5831298828125;543.5831298828125;3
2024-10-14 14:16:00+02:00;543.5952758789062;543.5952758789062;543.5952758789062;543.5952758789062;543.5952758789062;1
2024-10-14 14:18:00+02:00;543.5416259765625;543.5706787109375;543.5416259765625;543.5706787109375;543.5706787109375;15
2024-10-14 14:21:00+02:00;543.6229858398438;543.6229858398438;543.6229858398438;543.6229858398438;543.6229858398438;1
2024-10-14 14:23:00+02:00;543.2000732421875;543.2000732421875;543.2000732421875;543.2000732421875;543.2000732421875;2
2024-10-14 14:24:00+02:00;543.5540161132812;543.5540161132812;543.5540161132812;543.5540161132812;543.5540161132812;5
2024-10-14 14:25:00+02:00;543.2001953125;543.2001953125;543.2001953125;543.2001953125;543.2001953125;2
2024-10-14 14:28:00+02:00;543.5889282226562;543.5889282226562;543.5648193359375;543.5648193359375;543.5648193359375;10
2024-10-14 14:30:00+02:00;543.5797729492188;543.5797729492188;543.5797729492188;543.5797729492188;543.5797729492188;5
2024-10-14 14:32:00+02:00;543.5718994140625;543.5718994140625;543.5718994140625;543.5718994140625;543.5718994140625;1
2024-10-14 14:33:00+02:00;543.6303100585938;543.63037109375;543.6303100585938;543.63037109375;543.63037109375;15
2024-10-14 14:35:00+02:00;543.6104736328125;543.7326049804688;543.6104736328125;543.7326049804688;543.7326049804688;3
2024-10-14 14:36:00+02:00;543.690185546875;543.690185546875;543.690185546875;543.690185546875;543.690185546875;2
2024-10-14 14:38:00+02:00;543.76123046875;543.76123046875;543.76123046875;543.76123046875;543.76123046875;3
2024-10-14 14:40:00+02:00;543.8535766601562;544.03857421875;543.8535766601562;544.03857421875;544.03857421875;80
2024-10-14 14:41:00+02:00;543.9310913085938;543.9310913085938;543.9310913085938;543.9310913085938;543.9310913085938;1
2024-10-14 14:42:00+02:00;543.9091186523438;543.9091186523438;543.89697265625;543.89697265625;543.89697265625;28
2024-10-14 14:46:00+02:00;543.943603515625;543.943603515625;543.943603515625;543.943603515625;543.943603515625;1
2024-10-14 14:48:00+02:00;543.99462890625;544.0535888671875;543.6965942382812;544.030029296875;544.030029296875;119
2024-10-14 14:49:00+02:00;544.0278930664062;544.0278930664062;544.0278930664062;544.0278930664062;544.0278930664062;20
2024-10-14 14:51:00+02:00;544.1401977539062;544.255615234375;544.1401977539062;544.255615234375;544.255615234375;11
2024-10-14 14:52:00+02:00;544.23291015625;544.23291015625;544.1572875976562;544.1572875976562;544.1572875976562;7
2024-10-14 14:55:00+02:00;544.1195068359375;544.1195068359375;544.1195068359375;544.1195068359375;544.1195068359375;5
2024-10-14 14:56:00+02:00;544.1599731445312;544.1599731445312;544.1599731445312;544.1599731445312;544.1599731445312;2
2024-10-14 14:58:00+02:00;544.0451049804688;544.0451049804688;544.0451049804688;544.0451049804688;544.0451049804688;1
2024-10-14 14:59:00+02:00;544.1339111328125;544.19873046875;544.1339111328125;544.19873046875;544.19873046875;84
2024-10-14 15:00:00+02:00;544.138916015625;544.138916015625;544.138916015625;544.138916015625;544.138916015625;9
2024-10-14 15:02:00+02:00;544.2322998046875;544.2322998046875;544.2322998046875;544.2322998046875;544.2322998046875;2
2024-10-14 15:03:00+02:00;544.2415771484375;544.2415771484375;544.2415771484375;544.2415771484375;544.2415771484375;4
2024-10-14 15:05:00+02:00;544.2938232421875;544.2938232421875;544.2938232421875;544.2938232421875;544.2938232421875;1
2024-10-14 15:07:00+02:00;544.3536987304688;544.3536987304688;544.3536987304688;544.3536987304688;544.3536987304688;1
2024-10-14 15:08:00+02:00;544.5056762695312;544.5355224609375;544.5056762695312;544.5355224609375;544.5355224609375;11
2024-10-14 15:10:00+02:00;544.5;544.5;544.5;544.5;544.5;1
2024-10-14 15:11:00+02:00;544.54052734375;544.54052734375;544.5;544.5;544.5;28
2024-10-14 15:12:00+02:00;544.6491088867188;544.6491088867188;544.3198852539062;544.4777221679688;544.4777221679688;38
2024-10-14 15:13:00+02:00;544.1030883789062;544.1030883789062;544.1029052734375;544.1029052734375;544.1029052734375;109
2024-10-14 15:14:00+02:00;544.4536743164062;544.4536743164062;544.401123046875;544.4011840820312;544.4011840820312;22
2024-10-14 15:15:00+02:00;544.4113159179688;544.4525756835938;544.4113159179688;544.4525756835938;544.4525756835938;26
2024-10-14 15:17:00+02:00;544.5523071289062;544.5523071289062;544.5523071289062;544.5523071289062;544.5523071289062;1
2024-10-14 15:20:00+02:00;544.4326782226562;544.4326782226562;544.4326782226562;544.4326782226562;544.4326782226562;1
2024-10-14 15:23:00+02:00;544.2000122070312;544.2000122070312;544.0599975585938;544.0599975585938;544.0599975585938;58
2024-10-14 15:25:00+02:00;544.34228515625;544.34228515625;544.3359985351562;544.3359985351562;544.3359985351562;7
2024-10-14 15:26:00+02:00;544.3358764648438;544.3358764648438;544.3358764648438;544.3358764648438;544.3358764648438;2
2024-10-14 15:27:00+02:00;544.3311157226562;544.3311157226562;544.3311157226562;544.3311157226562;544.3311157226562;1
2024-10-14 15:28:00+02:00;544.314208984375;544.3875122070312;544.314208984375;544.3875122070312;544.3875122070312;3
2024-10-14 15:31:00+02:00;544.269287109375;544.269287109375;544.0;544.0;544.0;33
2024-10-14 15:32:00+02:00;544.2496948242188;544.2498168945312;544.2496948242188;544.2498168945312;544.2498168945312;10
2024-10-14 15:33:00+02:00;544.4000244140625;544.4000244140625;544.4000244140625;544.4000244140625;544.4000244140625;16
2024-10-14 15:34:00+02:00;544.4000244140625;544.4000244140625;544.4000244140625;544.4000244140625;544.4000244140625;11
2024-10-14 15:35:00+02:00;544.4573974609375;544.4573974609375;544.4573974609375;544.4573974609375;544.4573974609375;5
2024-10-14 15:36:00+02:00;544.5758056640625;544.5758056640625;544.5758056640625;544.5758056640625;544.5758056640625;4
2024-10-14 15:37:00+02:00;544.575927734375;544.575927734375;544.575927734375;544.575927734375;544.575927734375;1
2024-10-14 15:38:00+02:00;544.6884765625;544.6884765625;544.6884765625;544.6884765625;544.6884765625;5
2024-10-14 15:39:00+02:00;544.6257934570312;544.6257934570312;544.6257934570312;544.6257934570312;544.6257934570312;4
2024-10-14 15:40:00+02:00;544.7036743164062;544.7036743164062;544.7036743164062;544.7036743164062;544.7036743164062;5
2024-10-14 15:42:00+02:00;544.32080078125;544.5728149414062;544.32080078125;544.5728149414062;544.5728149414062;2
2024-10-14 15:43:00+02:00;544.5728149414062;544.5728149414062;544.5728149414062;544.5728149414062;544.5728149414062;1
2024-10-14 15:45:00+02:00;544.8767700195312;544.8767700195312;544.8767700195312;544.8767700195312;544.8767700195312;10
2024-10-14 15:46:00+02:00;544.9237060546875;544.9237060546875;544.9237060546875;544.9237060546875;544.9237060546875;1
2024-10-14 15:47:00+02:00;544.5997924804688;544.5997924804688;544.5997924804688;544.5997924804688;544.5997924804688;50
2024-10-14 15:48:00+02:00;544.722412109375;544.722412109375;544.722412109375;544.722412109375;544.722412109375;1
2024-10-14 15:49:00+02:00;545.0;545.0;545.0;545.0;545.0;21
2024-10-14 15:50:00+02:00;545.361083984375;545.361083984375;545.361083984375;545.361083984375;545.361083984375;2
2024-10-14 15:51:00+02:00;545.1826782226562;545.288330078125;545.1826782226562;545.288330078125;545.288330078125;12
2024-10-14 15:54:00+02:00;545.209716796875;545.209716796875;545.209716796875;545.209716796875;545.209716796875;1
2024-10-14 15:55:00+02:00;545.210205078125;545.210205078125;545.210205078125;545.210205078125;545.210205078125;1
2024-10-14 15:57:00+02:00;545.2999877929688;545.447998046875;545.2999877929688;545.447998046875;545.447998046875;6
2024-10-14 15:58:00+02:00;545.4447021484375;545.4793090820312;545.4447021484375;545.4793090820312;545.4793090820312;2
2024-10-14 15:59:00+02:00;545.5046997070312;545.5046997070312;545.1843872070312;545.1843872070312;545.1843872070312;2
2024-10-14 16:01:00+02:00;545.8547973632812;545.8547973632812;545.8253173828125;545.8253173828125;545.8253173828125;3
2024-10-14 16:02:00+02:00;545.8547973632812;545.8547973632812;545.8547973632812;545.8547973632812;545.8547973632812;3
2024-10-14 16:03:00+02:00;545.8704223632812;545.8704223632812;545.8704223632812;545.8704223632812;545.8704223632812;20
2024-10-14 16:04:00+02:00;545.4891967773438;545.4891967773438;545.4891967773438;545.4891967773438;545.4891967773438;4
2024-10-14 16:07:00+02:00;545.5;545.7243041992188;545.47998046875;545.7243041992188;545.7243041992188;8
2024-10-14 16:10:00+02:00;545.7843017578125;545.7843017578125;545.7213745117188;545.7213745117188;545.7213745117188;2
2024-10-14 16:11:00+02:00;545.7960815429688;545.7960815429688;545.7960815429688;545.7960815429688;545.7960815429688;2
2024-10-14 16:12:00+02:00;545.8602905273438;545.8602905273438;545.8602905273438;545.8602905273438;545.8602905273438;6
2024-10-14 16:13:00+02:00;545.7346801757812;545.7346801757812;545.7346801757812;545.7346801757812;545.7346801757812;4
2024-10-14 16:14:00+02:00;545.8154907226562;545.8154907226562;545.8154907226562;545.8154907226562;545.8154907226562;13
2024-10-14 16:15:00+02:00;545.814697265625;545.814697265625;545.4273071289062;545.4273071289062;545.4273071289062;8
2024-10-14 16:18:00+02:00;545.6715698242188;545.6715698242188;545.6715698242188;545.6715698242188;545.6715698242188;1
2024-10-14 16:22:00+02:00;545.7346801757812;545.819580078125;545.7346801757812;545.819580078125;545.819580078125;24
2024-10-14 16:23:00+02:00;545.9248046875;545.9248046875;545.9248046875;545.9248046875;545.9248046875;1
2024-10-14 16:24:00+02:00;545.8200073242188;545.9797973632812;545.8200073242188;545.9797973632812;545.9797973632812;6
2024-10-14 16:27:00+02:00;545.9799194335938;545.9799194335938;545.9799194335938;545.9799194335938;545.9799194335938;1
2024-10-14 16:28:00+02:00;545.9799194335938;545.9799194335938;545.9799194335938;545.9799194335938;545.9799194335938;2
2024-10-14 16:29:00+02:00;545.97998046875;545.97998046875;545.97998046875;545.97998046875;545.97998046875;9
2024-10-14 16:31:00+02:00;546.0050048828125;546.2839965820312;546.0050048828125;546.2839965820312;546.2839965820312;2
2024-10-14 16:34:00+02:00;546.2907104492188;546.3856811523438;546.2907104492188;546.3856811523438;546.3856811523438;3
2024-10-14 16:36:00+02:00;546.4658813476562;546.4658813476562;546.4658813476562;546.4658813476562;546.4658813476562;1
2024-10-14 16:41:00+02:00;546.5499877929688;546.5499877929688;546.5499877929688;546.5499877929688;546.5499877929688;2
2024-10-14 16:43:00+02:00;546.5491943359375;546.5491943359375;546.548095703125;546.548095703125;546.548095703125;5
2024-10-14 16:44:00+02:00;546.4970092773438;546.4970092773438;546.2506103515625;546.2506103515625;546.2506103515625;18
2024-10-14 16:46:00+02:00;546.3231811523438;546.3231811523438;546.3231811523438;546.3231811523438;546.3231811523438;1
2024-10-14 16:47:00+02:00;546.3082885742188;546.3082885742188;546.3021240234375;546.3021240234375;546.3021240234375;101
2024-10-14 16:49:00+02:00;546.0;546.0;545.8836059570312;545.8836059570312;545.8836059570312;10
2024-10-14 16:50:00+02:00;545.9367065429688;545.9367065429688;545.9367065429688;545.9367065429688;545.9367065429688;41
2024-10-14 16:51:00+02:00;545.9328002929688;545.9328002929688;545.7965087890625;545.7965087890625;545.7965087890625;13
2024-10-14 16:52:00+02:00;545.7341918945312;545.7341918945312;545.7341918945312;545.7341918945312;545.7341918945312;4
2024-10-14 16:53:00+02:00;545.4890747070312;545.8704223632812;545.4890747070312;545.8704223632812;545.8704223632812;52
2024-10-14 16:54:00+02:00;545.8704223632812;545.9332885742188;545.8704223632812;545.9332885742188;545.9332885742188;2
2024-10-14 16:55:00+02:00;545.9000244140625;545.9000244140625;545.9000244140625;545.9000244140625;545.9000244140625;2
2024-10-14 16:56:00+02:00;545.88671875;545.9509887695312;545.88671875;545.9509887695312;545.9509887695312;3
2024-10-14 16:57:00+02:00;545.7999877929688;545.8104248046875;545.7999877929688;545.8104248046875;545.8104248046875;10
2024-10-14 16:58:00+02:00;545.7479858398438;545.7479858398438;545.7479858398438;545.7479858398438;545.7479858398438;5
2024-10-14 16:59:00+02:00;545.4201049804688;545.4201049804688;545.4199829101562;545.4199829101562;545.4199829101562;31
2024-10-14 17:00:00+02:00;545.3577880859375;545.3577880859375;545.3577880859375;545.3577880859375;545.3577880859375;1
2024-10-14 17:02:00+02:00;545.3765258789062;545.3765258789062;545.3154296875;545.3154296875;545.3154296875;21
2024-10-14 17:05:00+02:00;545.4296875;545.4296875;545.4296875;545.4296875;545.4296875;2
2024-10-14 17:06:00+02:00;545.5592041015625;545.5592041015625;545.5592041015625;545.5592041015625;545.5592041015625;4
2024-10-14 17:07:00+02:00;545.3154296875;545.3154296875;545.3154296875;545.3154296875;545.3154296875;1
2024-10-14 17:10:00+02:00;545.6243286132812;545.6243286132812;545.6243286132812;545.6243286132812;545.6243286132812;1
2024-10-14 17:11:00+02:00;545.638427734375;545.6947021484375;545.638427734375;545.6947021484375;545.6947021484375;5
2024-10-14 17:12:00+02:00;545.4006958007812;545.6947021484375;545.4003295898438;545.6947021484375;545.6947021484375;35
2024-10-14 17:13:00+02:00;545.9691162109375;545.9691162109375;545.9691162109375;545.9691162109375;545.9691162109375;1
2024-10-14 17:14:00+02:00;545.9686279296875;545.9691772460938;545.69482421875;545.9691772460938;545.9691772460938;22
2024-10-14 17:15:00+02:00;545.9691772460938;545.9691772460938;545.9691772460938;545.9691772460938;545.9691772460938;1
2024-10-14 17:17:00+02:00;545.9691772460938;545.9691772460938;545.9691772460938;545.9691772460938;545.9691772460938;2
2024-10-14 17:19:00+02:00;545.9691162109375;545.9691772460938;545.9691162109375;545.9691772460938;545.9691772460938;7
2024-10-14 17:22:00+02:00;546.0;546.0;546.0;546.0;546.0;36
2024-10-14 17:23:00+02:00;546.0048828125;546.0048828125;546.0;546.0;546.0;10
2024-10-14 17:24:00+02:00;545.69482421875;545.69482421875;545.69482421875;545.69482421875;545.69482421875;24
2024-10-14 17:26:00+02:00;545.6947021484375;545.7141723632812;545.6947021484375;545.7141723632812;545.7141723632812;20
2024-10-14 17:27:00+02:00;545.4000244140625;545.7142944335938;545.4000244140625;545.7142944335938;545.7142944335938;7
2024-10-14 17:28:00+02:00;545.2030029296875;545.2030029296875;545.2030029296875;545.2030029296875;545.2030029296875;7
2024-10-14 17:29:00+02:00;545.2672729492188;545.2672729492188;545.2672729492188;545.2672729492188;545.2672729492188;1
