Datetime;Open;High;Low;Close;Adj Close;Volume
2024-10-28 09:04:00+01:00;546.9486083984375;547.0748291015625;546.9486083984375;547.0748291015625;547.0748291015625;0
2024-10-28 09:05:00+01:00;547.0;547.0;547.0;547.0;547.0;2
2024-10-28 09:06:00+01:00;547.13720703125;547.13720703125;546.8875122070312;547.101318359375;547.101318359375;44
2024-10-28 09:07:00+01:00;547.0496215820312;547.0496215820312;546.6804809570312;546.6804809570312;546.6804809570312;35
2024-10-28 09:08:00+01:00;546.5;546.5;546.4000244140625;546.4000244140625;546.4000244140625;6
2024-10-28 09:09:00+01:00;546.6629028320312;546.6629028320312;546.3099975585938;546.3099975585938;546.3099975585938;7
2024-10-28 09:12:00+01:00;546.5501708984375;546.5985717773438;546.5449829101562;546.5985717773438;546.5985717773438;23
2024-10-28 09:13:00+01:00;546.356689453125;546.711669921875;546.356689453125;546.71142578125;546.71142578125;50
2024-10-28 09:14:00+01:00;546.7069091796875;546.7069091796875;546.3099975585938;546.6701049804688;546.6701049804688;46
2024-10-28 09:15:00+01:00;546.6804809570312;546.6804809570312;546.6804809570312;546.6804809570312;546.6804809570312;3
2024-10-28 09:16:00+01:00;546.5900268554688;546.5900268554688;546.5900268554688;546.5900268554688;546.5900268554688;12
2024-10-28 09:18:00+01:00;546.5900268554688;546.5900268554688;546.5900268554688;546.5900268554688;546.5900268554688;6
2024-10-28 09:19:00+01:00;546.5900268554688;546.9459228515625;546.5900268554688;546.9459228515625;546.9459228515625;6
2024-10-28 09:20:00+01:00;546.5969848632812;546.5969848632812;546.5762939453125;546.5762939453125;546.5762939453125;22
2024-10-28 09:22:00+01:00;546.6555786132812;546.6782836914062;546.6555786132812;546.6651000976562;546.6651000976562;43
2024-10-28 09:24:00+01:00;546.5515747070312;546.5515747070312;546.5438842773438;546.5440063476562;546.5440063476562;37
2024-10-28 09:25:00+01:00;546.532470703125;546.6577758789062;546.532470703125;546.622802734375;546.622802734375;46
2024-10-28 09:26:00+01:00;546.6193237304688;546.690673828125;546.6193237304688;546.690673828125;546.690673828125;22
2024-10-28 09:27:00+01:00;546.7050170898438;546.7050170898438;546.7050170898438;546.7050170898438;546.7050170898438;2
2024-10-28 09:29:00+01:00;546.7442016601562;546.7442016601562;546.7426147460938;546.7426147460938;546.7426147460938;4
2024-10-28 09:30:00+01:00;546.9874877929688;546.9874877929688;546.9843139648438;546.9843139648438;546.9843139648438;11
2024-10-28 09:32:00+01:00;546.99560546875;546.99560546875;546.99560546875;546.99560546875;546.99560546875;3
2024-10-28 09:34:00+01:00;546.8917846679688;546.8917846679688;546.8917846679688;546.8917846679688;546.8917846679688;1
2024-10-28 09:37:00+01:00;547.2333984375;547.2333984375;547.2333984375;547.2333984375;547.2333984375;1
2024-10-28 09:38:00+01:00;547.461181640625;547.461181640625;547.461181640625;547.461181640625;547.461181640625;20
2024-10-28 09:39:00+01:00;547.43017578125;547.43017578125;547.43017578125;547.43017578125;547.43017578125;6
2024-10-28 09:40:00+01:00;547.3746948242188;547.3746948242188;547.3665161132812;547.3665161132812;547.3665161132812;3
2024-10-28 09:41:00+01:00;547.335205078125;547.335205078125;547.335205078125;547.335205078125;547.335205078125;2
2024-10-28 09:42:00+01:00;547.2608032226562;547.323974609375;547.2584228515625;547.323974609375;547.323974609375;4
2024-10-28 09:43:00+01:00;547.3126831054688;547.3126831054688;547.2869873046875;547.2869873046875;547.2869873046875;4
2024-10-28 09:44:00+01:00;547.2797241210938;547.2797241210938;547.2374267578125;547.2374267578125;547.2374267578125;7
2024-10-28 09:45:00+01:00;547.222412109375;547.222412109375;547.1900024414062;547.1900024414062;547.1900024414062;4
2024-10-28 09:47:00+01:00;547.1135864257812;547.1135864257812;547.1135864257812;547.1135864257812;547.1135864257812;3
2024-10-28 09:49:00+01:00;547.1301879882812;547.1301879882812;547.0985717773438;547.0985717773438;547.0985717773438;23
2024-10-28 09:50:00+01:00;547.0;547.076416015625;547.0;547.0628051757812;547.0628051757812;7
2024-10-28 09:51:00+01:00;547.1810913085938;547.1810913085938;547.1635131835938;547.1635131835938;547.1635131835938;13
2024-10-28 09:52:00+01:00;547.139892578125;547.139892578125;546.9000244140625;546.9000244140625;546.9000244140625;26
2024-10-28 09:54:00+01:00;546.922607421875;546.922607421875;546.922607421875;546.922607421875;546.922607421875;5
2024-10-28 09:58:00+01:00;546.857421875;546.857421875;546.8353271484375;546.8353271484375;546.8353271484375;24
2024-10-28 09:59:00+01:00;546.9307250976562;546.9307250976562;546.825927734375;546.825927734375;546.825927734375;30
2024-10-28 10:00:00+01:00;546.9000244140625;547.0203247070312;546.8499755859375;547.0203247070312;547.0203247070312;5
2024-10-28 10:02:00+01:00;546.9000244140625;546.9000244140625;546.9000244140625;546.9000244140625;546.9000244140625;4
2024-10-28 10:03:00+01:00;546.9052734375;546.9658813476562;546.9052734375;546.9658813476562;546.9658813476562;22
2024-10-28 10:04:00+01:00;546.930908203125;546.930908203125;546.930908203125;546.930908203125;546.930908203125;2
2024-10-28 10:05:00+01:00;547.0068969726562;547.0068969726562;546.9622192382812;546.9622192382812;546.9622192382812;7
2024-10-28 10:06:00+01:00;546.87890625;546.87890625;546.843994140625;546.843994140625;546.843994140625;2
2024-10-28 10:08:00+01:00;546.7705078125;546.7705078125;546.5001220703125;546.5001220703125;546.5001220703125;8
2024-10-28 10:09:00+01:00;546.8283081054688;546.889404296875;546.8283081054688;546.889404296875;546.889404296875;2
2024-10-28 10:10:00+01:00;546.9063110351562;546.9063110351562;546.9063110351562;546.9063110351562;546.9063110351562;1
2024-10-28 10:14:00+01:00;546.8660888671875;546.8660888671875;546.8660888671875;546.8660888671875;546.8660888671875;2
2024-10-28 10:16:00+01:00;546.8914184570312;547.0438232421875;546.8914184570312;547.0438232421875;547.0438232421875;2
2024-10-28 10:17:00+01:00;547.0;547.0;546.9935913085938;546.9935913085938;546.9935913085938;3
2024-10-28 10:18:00+01:00;546.6900024414062;546.94677734375;546.6586303710938;546.94677734375;546.94677734375;42
2024-10-28 10:19:00+01:00;546.9342041015625;546.9342041015625;546.9295043945312;546.9295043945312;546.9295043945312;62
2024-10-28 10:20:00+01:00;546.6885986328125;546.6885986328125;546.6885986328125;546.6885986328125;546.6885986328125;1
2024-10-28 10:21:00+01:00;546.8543701171875;546.8543701171875;546.8292846679688;546.8292846679688;546.8292846679688;3
2024-10-28 10:22:00+01:00;546.7968139648438;546.7968139648438;546.7811889648438;546.7811889648438;546.7811889648438;9
2024-10-28 10:24:00+01:00;546.5;546.6671142578125;546.5;546.6602172851562;546.6602172851562;6
2024-10-28 10:25:00+01:00;546.7474975585938;546.8062133789062;546.7474975585938;546.8062133789062;546.8062133789062;6
2024-10-28 10:26:00+01:00;546.7985229492188;546.7985229492188;546.7985229492188;546.7985229492188;546.7985229492188;1
2024-10-28 10:27:00+01:00;546.8060913085938;546.8060913085938;546.7689208984375;546.7930908203125;546.7930908203125;16
2024-10-28 10:28:00+01:00;546.8502807617188;546.8502807617188;546.8502807617188;546.8502807617188;546.8502807617188;4
2024-10-28 10:29:00+01:00;546.8411865234375;546.8411865234375;546.8341064453125;546.8341064453125;546.8341064453125;3
2024-10-28 10:30:00+01:00;546.8489990234375;546.8489990234375;546.8489990234375;546.8489990234375;546.8489990234375;2
2024-10-28 10:31:00+01:00;546.8438110351562;546.8438110351562;546.5;546.5;546.5;30
2024-10-28 10:32:00+01:00;546.572509765625;546.572509765625;546.5410766601562;546.5410766601562;546.5410766601562;2
2024-10-28 10:33:00+01:00;546.4979248046875;546.4979248046875;546.4979248046875;546.4979248046875;546.4979248046875;1
2024-10-28 10:36:00+01:00;546.5;546.5;546.5;546.5;546.5;1
2024-10-28 10:38:00+01:00;546.9088745117188;546.9088745117188;546.9088745117188;546.9088745117188;546.9088745117188;2
2024-10-28 10:43:00+01:00;546.963623046875;546.963623046875;546.963623046875;546.963623046875;546.963623046875;17
2024-10-28 10:45:00+01:00;546.8975219726562;546.8975219726562;546.5765991210938;546.5765991210938;546.5765991210938;2
2024-10-28 10:46:00+01:00;546.8640747070312;546.8640747070312;546.8640747070312;546.8640747070312;546.8640747070312;8
2024-10-28 10:47:00+01:00;546.8010864257812;546.8010864257812;546.5067749023438;546.7623291015625;546.7623291015625;35
2024-10-28 10:49:00+01:00;546.8065185546875;546.8065185546875;546.8065185546875;546.8065185546875;546.8065185546875;2
2024-10-28 10:53:00+01:00;546.80078125;546.80078125;546.80078125;546.80078125;546.80078125;1
2024-10-28 10:54:00+01:00;546.7852172851562;546.7852172851562;546.7852172851562;546.7852172851562;546.7852172851562;6
2024-10-28 10:55:00+01:00;546.67822265625;546.67822265625;546.67822265625;546.67822265625;546.67822265625;1
2024-10-28 10:57:00+01:00;546.7799072265625;546.7799072265625;546.76611328125;546.76611328125;546.76611328125;7
2024-10-28 10:58:00+01:00;546.88427734375;546.88427734375;546.87109375;546.87109375;546.87109375;2
2024-10-28 11:00:00+01:00;546.7999877929688;546.7999877929688;546.7999877929688;546.7999877929688;546.7999877929688;1
2024-10-28 11:01:00+01:00;546.84912109375;546.9254760742188;546.84912109375;546.9254760742188;546.9254760742188;11
2024-10-28 11:02:00+01:00;546.9400024414062;546.9400024414062;546.9400024414062;546.9400024414062;546.9400024414062;3
2024-10-28 11:03:00+01:00;546.9400024414062;546.9478759765625;546.9400024414062;546.9478759765625;546.9478759765625;37
2024-10-28 11:06:00+01:00;546.5;546.5;546.5;546.5;546.5;27
2024-10-28 11:07:00+01:00;546.2999877929688;546.47998046875;546.2899780273438;546.47998046875;546.47998046875;53
2024-10-28 11:09:00+01:00;546.408203125;546.4287109375;546.408203125;546.4287109375;546.4287109375;15
2024-10-28 11:10:00+01:00;546.489990234375;546.489990234375;546.489990234375;546.489990234375;546.489990234375;3
2024-10-28 11:11:00+01:00;546.2479858398438;546.2479858398438;546.2479858398438;546.2479858398438;546.2479858398438;2
2024-10-28 11:15:00+01:00;546.5368041992188;546.5368041992188;546.5368041992188;546.5368041992188;546.5368041992188;2
2024-10-28 11:16:00+01:00;546.578125;546.5980224609375;546.578125;546.5980224609375;546.5980224609375;21
2024-10-28 11:17:00+01:00;546.5399780273438;546.5399780273438;546.5399780273438;546.5399780273438;546.5399780273438;1
2024-10-28 11:19:00+01:00;546.8345947265625;546.8345947265625;546.8345947265625;546.8345947265625;546.8345947265625;5
2024-10-28 11:20:00+01:00;546.7999877929688;546.7999877929688;546.7999877929688;546.7999877929688;546.7999877929688;2
2024-10-28 11:22:00+01:00;546.7094116210938;546.7094116210938;546.7094116210938;546.7094116210938;546.7094116210938;10
2024-10-28 11:23:00+01:00;546.748779296875;546.748779296875;546.7429809570312;546.7429809570312;546.7429809570312;3
2024-10-28 11:24:00+01:00;546.4653930664062;546.4653930664062;546.4653930664062;546.4653930664062;546.4653930664062;5
2024-10-28 11:25:00+01:00;546.7999267578125;546.8450927734375;546.7999267578125;546.82421875;546.82421875;11
2024-10-28 11:26:00+01:00;546.9135131835938;546.9135131835938;546.9129028320312;546.9129028320312;546.9129028320312;7
2024-10-28 11:27:00+01:00;546.786376953125;546.786376953125;546.786376953125;546.786376953125;546.786376953125;10
2024-10-28 11:28:00+01:00;546.7274780273438;546.7274780273438;546.7274780273438;546.7274780273438;546.7274780273438;1
2024-10-28 11:30:00+01:00;546.8569946289062;546.8569946289062;546.8569946289062;546.8569946289062;546.8569946289062;3
2024-10-28 11:32:00+01:00;546.7957153320312;546.7957153320312;546.7822265625;546.7822265625;546.7822265625;11
2024-10-28 11:33:00+01:00;546.7333984375;546.7333984375;546.7333984375;546.7333984375;546.7333984375;12
2024-10-28 11:34:00+01:00;546.682373046875;546.682373046875;546.682373046875;546.682373046875;546.682373046875;1
2024-10-28 11:35:00+01:00;546.5999755859375;546.6661987304688;546.5999755859375;546.6558227539062;546.6558227539062;38
2024-10-28 11:37:00+01:00;546.7012939453125;546.7012939453125;546.6422729492188;546.6422729492188;546.6422729492188;2
2024-10-28 11:38:00+01:00;546.5;546.5;546.5;546.5;546.5;3
2024-10-28 11:42:00+01:00;546.7520751953125;546.7847290039062;546.7520751953125;546.7847290039062;546.7847290039062;15
2024-10-28 11:43:00+01:00;546.7590942382812;546.7590942382812;546.7590942382812;546.7590942382812;546.7590942382812;10
2024-10-28 11:44:00+01:00;546.6430053710938;546.6430053710938;546.6275024414062;546.6275024414062;546.6275024414062;3
2024-10-28 11:45:00+01:00;546.6068115234375;546.6068115234375;546.4500122070312;546.4500122070312;546.4500122070312;40
2024-10-28 11:47:00+01:00;546.4918823242188;546.5111083984375;546.4918823242188;546.5111083984375;546.5111083984375;6
2024-10-28 11:49:00+01:00;546.4180297851562;546.6646118164062;546.4180297851562;546.6646118164062;546.6646118164062;4
2024-10-28 11:50:00+01:00;546.5;546.5;546.5;546.5;546.5;3
2024-10-28 11:51:00+01:00;546.5845947265625;546.6279907226562;546.5845947265625;546.6279907226562;546.6279907226562;20
2024-10-28 11:52:00+01:00;546.5396728515625;546.5396728515625;546.5297241210938;546.5297241210938;546.5297241210938;3
2024-10-28 11:54:00+01:00;546.4321899414062;546.4321899414062;546.4321899414062;546.4321899414062;546.4321899414062;3
2024-10-28 11:55:00+01:00;546.4041748046875;546.4041748046875;546.3781127929688;546.3781127929688;546.3781127929688;6
2024-10-28 11:56:00+01:00;546.22998046875;546.342529296875;546.169921875;546.169921875;546.169921875;34
2024-10-28 11:57:00+01:00;546.0;546.0;546.0;546.0;546.0;19
2024-10-28 11:58:00+01:00;545.9000244140625;545.9000244140625;545.9000244140625;545.9000244140625;545.9000244140625;1
2024-10-28 12:00:00+01:00;545.9000244140625;545.9000244140625;545.5200805664062;545.5200805664062;545.5200805664062;27
2024-10-28 12:03:00+01:00;545.7064208984375;545.7064208984375;545.7064208984375;545.7064208984375;545.7064208984375;18
2024-10-28 12:04:00+01:00;545.52001953125;545.6810913085938;545.52001953125;545.6810913085938;545.6810913085938;57
2024-10-28 12:05:00+01:00;545.68310546875;545.68310546875;545.68310546875;545.68310546875;545.68310546875;1
2024-10-28 12:06:00+01:00;545.807373046875;545.88330078125;545.807373046875;545.88330078125;545.88330078125;14
2024-10-28 12:08:00+01:00;545.807373046875;545.807373046875;545.807373046875;545.807373046875;545.807373046875;10
2024-10-28 12:10:00+01:00;545.798095703125;545.8536987304688;545.7593994140625;545.7593994140625;545.7593994140625;38
2024-10-28 12:11:00+01:00;545.8521118164062;545.8521118164062;545.8521118164062;545.8521118164062;545.8521118164062;2
2024-10-28 12:12:00+01:00;545.8361206054688;545.8361206054688;545.8361206054688;545.8361206054688;545.8361206054688;13
2024-10-28 12:14:00+01:00;545.9965209960938;545.9965209960938;545.9965209960938;545.9965209960938;545.9965209960938;1
2024-10-28 12:15:00+01:00;545.9575805664062;546.081298828125;545.9575805664062;546.081298828125;546.081298828125;15
2024-10-28 12:16:00+01:00;546.0665283203125;546.0665283203125;546.0665283203125;546.0665283203125;546.0665283203125;2
2024-10-28 12:17:00+01:00;546.1286010742188;546.1286010742188;546.1286010742188;546.1286010742188;546.1286010742188;2
2024-10-28 12:19:00+01:00;546.0125122070312;546.0125122070312;546.0125122070312;546.0125122070312;546.0125122070312;1
2024-10-28 12:21:00+01:00;546.0291748046875;546.0291748046875;545.7999877929688;545.7999877929688;545.7999877929688;23
2024-10-28 12:22:00+01:00;545.9332885742188;545.9332885742188;545.9332885742188;545.9332885742188;545.9332885742188;2
2024-10-28 12:23:00+01:00;545.5001831054688;545.8381958007812;545.5001831054688;545.8251953125;545.8251953125;14
2024-10-28 12:24:00+01:00;545.739013671875;545.8848876953125;545.739013671875;545.8803100585938;545.8803100585938;13
2024-10-28 12:25:00+01:00;545.9135131835938;545.936279296875;545.9135131835938;545.936279296875;545.936279296875;6
2024-10-28 12:26:00+01:00;545.9481811523438;545.9481811523438;545.9481811523438;545.9481811523438;545.9481811523438;2
2024-10-28 12:27:00+01:00;545.9918212890625;545.9976806640625;545.9918212890625;545.9976806640625;545.9976806640625;7
2024-10-28 12:28:00+01:00;545.8095703125;545.9033813476562;545.8095703125;545.9033813476562;545.9033813476562;2
2024-10-28 12:30:00+01:00;545.8612060546875;545.8612060546875;545.744384765625;545.744384765625;545.744384765625;3
2024-10-28 12:31:00+01:00;545.7324829101562;545.7324829101562;545.7324829101562;545.7324829101562;545.7324829101562;1
2024-10-28 12:32:00+01:00;545.5001220703125;545.6340942382812;545.5;545.6340942382812;545.6340942382812;18
2024-10-28 12:33:00+01:00;545.5726928710938;545.5726928710938;545.5725708007812;545.5725708007812;545.5725708007812;3
2024-10-28 12:35:00+01:00;545.6026000976562;545.6026000976562;545.6026000976562;545.6026000976562;545.6026000976562;1
2024-10-28 12:36:00+01:00;545.7086791992188;545.7553100585938;545.7086791992188;545.7553100585938;545.7553100585938;3
2024-10-28 12:37:00+01:00;545.7747192382812;545.7747192382812;545.7747192382812;545.7747192382812;545.7747192382812;1
2024-10-28 12:38:00+01:00;545.7650146484375;545.7650146484375;545.7650146484375;545.7650146484375;545.7650146484375;1
2024-10-28 12:39:00+01:00;545.7415161132812;545.7415161132812;545.7348022460938;545.7348022460938;545.7348022460938;99
2024-10-28 12:40:00+01:00;545.7211303710938;545.7211303710938;545.7211303710938;545.7211303710938;545.7211303710938;10
2024-10-28 12:41:00+01:00;545.85498046875;545.85498046875;545.8489990234375;545.8489990234375;545.8489990234375;7
2024-10-28 12:42:00+01:00;545.8408203125;545.8408203125;545.8408203125;545.8408203125;545.8408203125;54
2024-10-28 12:43:00+01:00;545.7863159179688;545.7863159179688;545.7863159179688;545.7863159179688;545.7863159179688;1
2024-10-28 12:44:00+01:00;545.8023071289062;545.8023071289062;545.7958984375;545.7958984375;545.7958984375;3
2024-10-28 12:48:00+01:00;545.7149047851562;545.7149047851562;545.7149047851562;545.7149047851562;545.7149047851562;8
2024-10-28 12:49:00+01:00;545.8035278320312;545.8441772460938;545.8035278320312;545.8441772460938;545.8441772460938;2
2024-10-28 12:50:00+01:00;545.747314453125;545.7510986328125;545.747314453125;545.7510986328125;545.7510986328125;3
2024-10-28 12:51:00+01:00;545.5;545.5;545.5;545.5;545.5;3
2024-10-28 12:52:00+01:00;545.677001953125;545.677001953125;545.677001953125;545.677001953125;545.677001953125;1
2024-10-28 12:53:00+01:00;545.7271728515625;545.8004150390625;545.7271728515625;545.8004150390625;545.8004150390625;11
2024-10-28 12:54:00+01:00;545.794189453125;545.794189453125;545.5001220703125;545.7564086914062;545.7564086914062;117
2024-10-28 12:55:00+01:00;545.7470703125;545.7470703125;545.7470703125;545.7470703125;545.7470703125;2
2024-10-28 12:58:00+01:00;545.5;545.6226806640625;545.5;545.6226806640625;545.6226806640625;23
2024-10-28 12:59:00+01:00;545.4000244140625;545.4000244140625;545.4000244140625;545.4000244140625;545.4000244140625;3
2024-10-28 13:00:00+01:00;545.4354858398438;545.460205078125;545.4354858398438;545.460205078125;545.460205078125;2
2024-10-28 13:02:00+01:00;545.22998046875;545.22998046875;545.2000122070312;545.2000122070312;545.2000122070312;5
2024-10-28 13:03:00+01:00;545.2822265625;545.2822265625;545.0999755859375;545.0999755859375;545.0999755859375;23
2024-10-28 13:04:00+01:00;545.0;545.0128173828125;545.0;545.0128173828125;545.0128173828125;57
2024-10-28 13:08:00+01:00;544.7542114257812;544.7542114257812;544.7542114257812;544.7542114257812;544.7542114257812;20
2024-10-28 13:09:00+01:00;544.8070068359375;544.8743896484375;544.8070068359375;544.8743896484375;544.8743896484375;6
2024-10-28 13:10:00+01:00;544.7999877929688;544.7999877929688;544.7999877929688;544.7999877929688;544.7999877929688;1
2024-10-28 13:11:00+01:00;544.830322265625;544.830322265625;544.830322265625;544.830322265625;544.830322265625;6
2024-10-28 13:14:00+01:00;544.894775390625;544.894775390625;544.894775390625;544.894775390625;544.894775390625;2
2024-10-28 13:17:00+01:00;545.1190795898438;545.1190795898438;545.1190795898438;545.1190795898438;545.1190795898438;1
2024-10-28 13:19:00+01:00;545.0269775390625;545.0269775390625;545.0269775390625;545.0269775390625;545.0269775390625;1
2024-10-28 13:22:00+01:00;544.922119140625;544.922119140625;544.922119140625;544.922119140625;544.922119140625;1
2024-10-28 13:25:00+01:00;545.0064086914062;545.0064086914062;544.5499877929688;544.9423217773438;544.9423217773438;23
2024-10-28 13:26:00+01:00;544.8670043945312;544.8670043945312;544.8670043945312;544.8670043945312;544.8670043945312;2
2024-10-28 13:27:00+01:00;544.7399291992188;544.9572143554688;544.7399291992188;544.9572143554688;544.9572143554688;4
2024-10-28 13:28:00+01:00;544.8773193359375;544.8773193359375;544.8773193359375;544.8773193359375;544.8773193359375;1
2024-10-28 13:29:00+01:00;544.7813720703125;544.90380859375;544.7813720703125;544.90380859375;544.90380859375;11
2024-10-28 13:33:00+01:00;545.215576171875;545.215576171875;545.215576171875;545.215576171875;545.215576171875;1
2024-10-28 13:34:00+01:00;545.0203857421875;545.0203857421875;545.0203857421875;545.0203857421875;545.0203857421875;102
2024-10-28 13:35:00+01:00;545.2105712890625;545.2105712890625;545.2105712890625;545.2105712890625;545.2105712890625;4
2024-10-28 13:39:00+01:00;545.8934936523438;545.8934936523438;545.543212890625;545.8922119140625;545.8922119140625;26
2024-10-28 13:40:00+01:00;546.0007934570312;546.0007934570312;546.0007934570312;546.0007934570312;546.0007934570312;10
2024-10-28 13:42:00+01:00;545.6636962890625;546.0067138671875;545.6636962890625;546.0067138671875;546.0067138671875;8
2024-10-28 13:45:00+01:00;546.3192749023438;546.3192749023438;546.3192749023438;546.3192749023438;546.3192749023438;1
2024-10-28 13:48:00+01:00;546.2716064453125;546.2716064453125;546.193115234375;546.193115234375;546.193115234375;45
2024-10-28 13:49:00+01:00;546.19287109375;546.19287109375;546.1193237304688;546.1193237304688;546.1193237304688;4
2024-10-28 13:50:00+01:00;546.1779174804688;546.1779174804688;546.1779174804688;546.1779174804688;546.1779174804688;1
2024-10-28 13:51:00+01:00;546.1779174804688;546.1779174804688;546.1779174804688;546.1779174804688;546.1779174804688;2
2024-10-28 13:52:00+01:00;546.0499877929688;546.1779174804688;545.8864135742188;546.1779174804688;546.1779174804688;30
2024-10-28 13:55:00+01:00;546.1090087890625;546.1090087890625;546.1090087890625;546.1090087890625;546.1090087890625;510
2024-10-28 14:00:00+01:00;546.5145874023438;546.5145874023438;546.5145874023438;546.5145874023438;546.5145874023438;1
2024-10-28 14:01:00+01:00;546.514892578125;546.568115234375;546.514892578125;546.568115234375;546.568115234375;11
2024-10-28 14:02:00+01:00;546.4456176757812;546.4456176757812;546.4428100585938;546.4428100585938;546.4428100585938;2
2024-10-28 14:03:00+01:00;546.5098876953125;546.510009765625;546.5098876953125;546.510009765625;546.510009765625;151
2024-10-28 14:04:00+01:00;546.4848022460938;546.503173828125;546.4848022460938;546.503173828125;546.503173828125;21
2024-10-28 14:06:00+01:00;546.3602905273438;546.3856811523438;546.3602905273438;546.3856811523438;546.3856811523438;4
2024-10-28 14:08:00+01:00;546.32861328125;546.3385009765625;546.32861328125;546.3385009765625;546.3385009765625;2
2024-10-28 14:09:00+01:00;546.2523193359375;546.2523193359375;546.2523193359375;546.2523193359375;546.2523193359375;1
2024-10-28 14:10:00+01:00;546.4260864257812;546.4260864257812;546.4260864257812;546.4260864257812;546.4260864257812;4
2024-10-28 14:11:00+01:00;546.3436889648438;546.3436889648438;546.3436889648438;546.3436889648438;546.3436889648438;1
2024-10-28 14:12:00+01:00;546.0;546.3519897460938;546.0;546.3519897460938;546.3519897460938;20
2024-10-28 14:13:00+01:00;546.3276977539062;546.3276977539062;546.3276977539062;546.3276977539062;546.3276977539062;1
2024-10-28 14:14:00+01:00;546.3875122070312;546.3875122070312;546.32080078125;546.32080078125;546.32080078125;2
2024-10-28 14:15:00+01:00;546.3889770507812;546.3889770507812;546.007080078125;546.007080078125;546.007080078125;2
2024-10-28 14:16:00+01:00;546.3798828125;546.517578125;546.3798828125;546.517578125;546.517578125;2
2024-10-28 14:18:00+01:00;546.569091796875;546.569091796875;546.569091796875;546.569091796875;546.569091796875;1
2024-10-28 14:19:00+01:00;546.530029296875;546.5560913085938;546.530029296875;546.5518798828125;546.5518798828125;13
2024-10-28 14:21:00+01:00;546.6253051757812;546.6253051757812;546.5795288085938;546.5795288085938;546.5795288085938;4
2024-10-28 14:22:00+01:00;546.3200073242188;546.3200073242188;546.3200073242188;546.3200073242188;546.3200073242188;3
2024-10-28 14:23:00+01:00;546.281005859375;546.281005859375;546.281005859375;546.281005859375;546.281005859375;1
2024-10-28 14:27:00+01:00;546.2999877929688;546.4656982421875;546.2999877929688;546.4656982421875;546.4656982421875;6
2024-10-28 14:28:00+01:00;546.53759765625;546.53759765625;546.5258178710938;546.5258178710938;546.5258178710938;91
2024-10-28 14:29:00+01:00;546.7116088867188;546.7116088867188;546.7116088867188;546.7116088867188;546.7116088867188;1
2024-10-28 14:30:00+01:00;546.2999877929688;546.4365234375;546.0;546.1243896484375;546.1243896484375;18
2024-10-28 14:32:00+01:00;546.4171752929688;546.4171752929688;546.4171752929688;546.4171752929688;546.4171752929688;1
2024-10-28 14:36:00+01:00;546.33642578125;546.33642578125;546.33642578125;546.33642578125;546.33642578125;1
2024-10-28 14:37:00+01:00;546.3366088867188;546.3366088867188;546.3366088867188;546.3366088867188;546.3366088867188;1
2024-10-28 14:39:00+01:00;546.1400146484375;546.1400146484375;546.1400146484375;546.1400146484375;546.1400146484375;1
2024-10-28 14:40:00+01:00;546.1400146484375;546.1400146484375;546.1400146484375;546.1400146484375;546.1400146484375;1
2024-10-28 14:41:00+01:00;546.075927734375;546.075927734375;546.075927734375;546.075927734375;546.075927734375;1
2024-10-28 14:42:00+01:00;546.07470703125;546.07470703125;546.07470703125;546.07470703125;546.07470703125;1
2024-10-28 14:43:00+01:00;546.0999755859375;546.0999755859375;546.0999755859375;546.0999755859375;546.0999755859375;20
2024-10-28 14:44:00+01:00;546.1951293945312;546.1951293945312;546.077392578125;546.077392578125;546.077392578125;20
2024-10-28 14:46:00+01:00;546.1978149414062;546.1978149414062;546.0;546.1470947265625;546.1470947265625;29
2024-10-28 14:47:00+01:00;546.1984252929688;546.1984252929688;546.1984252929688;546.1984252929688;546.1984252929688;2
2024-10-28 14:49:00+01:00;546.0;546.0;546.0;546.0;546.0;6
2024-10-28 14:50:00+01:00;546.1618041992188;546.1618041992188;546.0338745117188;546.0338745117188;546.0338745117188;117
2024-10-28 14:51:00+01:00;545.9669799804688;545.9669799804688;545.9066772460938;545.9066772460938;545.9066772460938;6
2024-10-28 14:55:00+01:00;545.9102172851562;545.934814453125;545.9102172851562;545.934814453125;545.934814453125;6
2024-10-28 14:56:00+01:00;545.94140625;545.9492797851562;545.8792724609375;545.9492797851562;545.9492797851562;6
2024-10-28 14:57:00+01:00;545.9332885742188;545.9332885742188;545.9332885742188;545.9332885742188;545.9332885742188;12
2024-10-28 14:58:00+01:00;545.6845703125;545.6845703125;545.6845703125;545.6845703125;545.6845703125;2
2024-10-28 14:59:00+01:00;545.7899169921875;545.7899169921875;545.7899169921875;545.7899169921875;545.7899169921875;17
2024-10-28 15:00:00+01:00;545.9420166015625;545.9420166015625;545.9420166015625;545.9420166015625;545.9420166015625;1
2024-10-28 15:01:00+01:00;545.8756103515625;545.9456787109375;545.8756103515625;545.9456787109375;545.9456787109375;12
2024-10-28 15:02:00+01:00;545.9202880859375;545.9202880859375;545.9202880859375;545.9202880859375;545.9202880859375;2
2024-10-28 15:03:00+01:00;545.5999755859375;545.5999755859375;545.5999755859375;545.5999755859375;545.5999755859375;2
2024-10-28 15:07:00+01:00;545.9000854492188;545.9000854492188;545.9000854492188;545.9000854492188;545.9000854492188;1
2024-10-28 15:09:00+01:00;546.1002197265625;546.1309204101562;546.1002197265625;546.1309204101562;546.1309204101562;34
2024-10-28 15:10:00+01:00;546.2125244140625;546.2125244140625;546.109375;546.109375;546.109375;7
2024-10-28 15:12:00+01:00;546.0335083007812;546.0335083007812;546.0335083007812;546.0335083007812;546.0335083007812;1
2024-10-28 15:15:00+01:00;546.0;546.0;546.0;546.0;546.0;100
2024-10-28 15:16:00+01:00;546.0510864257812;546.0510864257812;546.0510864257812;546.0510864257812;546.0510864257812;9
2024-10-28 15:17:00+01:00;546.0499877929688;546.0499877929688;546.0;546.0;546.0;2
2024-10-28 15:18:00+01:00;545.980712890625;545.980712890625;545.980712890625;545.980712890625;545.980712890625;1
2024-10-28 15:19:00+01:00;546.0289916992188;546.0289916992188;546.0252075195312;546.0252075195312;546.0252075195312;10
2024-10-28 15:21:00+01:00;546.0991821289062;546.0991821289062;546.0991821289062;546.0991821289062;546.0991821289062;3
2024-10-28 15:23:00+01:00;546.2178955078125;546.2178955078125;546.2178955078125;546.2178955078125;546.2178955078125;1
2024-10-28 15:25:00+01:00;545.910888671875;545.910888671875;545.910888671875;545.910888671875;545.910888671875;11
2024-10-28 15:27:00+01:00;546.4404907226562;546.4962158203125;546.4404907226562;546.4962158203125;546.4962158203125;2
2024-10-28 15:29:00+01:00;546.30859375;546.3635864257812;546.30859375;546.3635864257812;546.3635864257812;30
2024-10-28 15:30:00+01:00;546.3624267578125;546.3624267578125;546.3588256835938;546.3588256835938;546.3588256835938;4
2024-10-28 15:31:00+01:00;546.3588256835938;546.394287109375;546.3588256835938;546.394287109375;546.394287109375;21
2024-10-28 15:32:00+01:00;546.2556762695312;546.2556762695312;546.2556762695312;546.2556762695312;546.2556762695312;5
2024-10-28 15:33:00+01:00;546.2496948242188;546.2496948242188;546.2391967773438;546.2391967773438;546.2391967773438;2
2024-10-28 15:34:00+01:00;546.0;546.0;546.0;546.0;546.0;1
2024-10-28 15:36:00+01:00;546.0781860351562;546.0781860351562;546.0781860351562;546.0781860351562;546.0781860351562;2
2024-10-28 15:39:00+01:00;546.1694946289062;546.1694946289062;546.1694946289062;546.1694946289062;546.1694946289062;1
2024-10-28 15:40:00+01:00;546.1696166992188;546.1696166992188;546.1696166992188;546.1696166992188;546.1696166992188;1
2024-10-28 15:42:00+01:00;546.3477783203125;546.3477783203125;546.3477783203125;546.3477783203125;546.3477783203125;10
2024-10-28 15:45:00+01:00;546.5789184570312;546.5789184570312;546.5789184570312;546.5789184570312;546.5789184570312;2
2024-10-28 15:47:00+01:00;546.4149169921875;546.4827880859375;546.4149169921875;546.4827880859375;546.4827880859375;12
2024-10-28 15:48:00+01:00;546.4827880859375;546.484619140625;546.1715087890625;546.484619140625;546.484619140625;6
2024-10-28 15:49:00+01:00;546.5565185546875;546.5565185546875;546.5565185546875;546.5565185546875;546.5565185546875;1
2024-10-28 15:50:00+01:00;546.551513671875;546.551513671875;546.5491943359375;546.5496215820312;546.5496215820312;21
2024-10-28 15:51:00+01:00;546.551513671875;546.551513671875;546.551513671875;546.551513671875;546.551513671875;3
2024-10-28 15:52:00+01:00;546.5327758789062;546.5327758789062;546.5327758789062;546.5327758789062;546.5327758789062;1
2024-10-28 15:53:00+01:00;546.476318359375;546.476318359375;546.476318359375;546.476318359375;546.476318359375;8
2024-10-28 15:54:00+01:00;546.476318359375;546.476318359375;546.25048828125;546.25048828125;546.25048828125;4
2024-10-28 15:56:00+01:00;546.5079956054688;546.5079956054688;546.5059814453125;546.5059814453125;546.5059814453125;21
2024-10-28 15:58:00+01:00;546.2999877929688;546.2999877929688;546.25;546.25;546.25;13
2024-10-28 16:00:00+01:00;546.3364868164062;546.3364868164062;546.0;546.0;546.0;5
2024-10-28 16:01:00+01:00;545.9409790039062;546.1278076171875;545.9409790039062;546.1199951171875;546.1199951171875;13
2024-10-28 16:04:00+01:00;545.8040161132812;546.11962890625;545.8040161132812;546.11962890625;546.11962890625;15
2024-10-28 16:07:00+01:00;546.2341918945312;546.2341918945312;546.2341918945312;546.2341918945312;546.2341918945312;1
2024-10-28 16:08:00+01:00;546.2913208007812;546.2913208007812;546.2913208007812;546.2913208007812;546.2913208007812;4
2024-10-28 16:09:00+01:00;546.160888671875;546.160888671875;546.160888671875;546.160888671875;546.160888671875;5
2024-10-28 16:10:00+01:00;546.243408203125;546.243408203125;546.243408203125;546.243408203125;546.243408203125;18
2024-10-28 16:13:00+01:00;546.39111328125;546.39111328125;546.39111328125;546.39111328125;546.39111328125;1
2024-10-28 16:14:00+01:00;546.4666137695312;546.4666137695312;546.4666137695312;546.4666137695312;546.4666137695312;1
2024-10-28 16:15:00+01:00;546.469482421875;546.5191040039062;546.469482421875;546.5191040039062;546.5191040039062;11
2024-10-28 16:18:00+01:00;546.503173828125;546.503173828125;546.503173828125;546.503173828125;546.503173828125;4
2024-10-28 16:19:00+01:00;546.5139770507812;546.5139770507812;546.5103759765625;546.5103759765625;546.5103759765625;46
2024-10-28 16:21:00+01:00;546.4948120117188;546.4948120117188;546.4948120117188;546.4948120117188;546.4948120117188;3
2024-10-28 16:24:00+01:00;546.53662109375;546.53662109375;546.528076171875;546.528076171875;546.528076171875;7
2024-10-28 16:26:00+01:00;546.5435180664062;546.5435180664062;546.5180053710938;546.5180053710938;546.5180053710938;8
2024-10-28 16:28:00+01:00;546.4780883789062;546.4780883789062;546.4780883789062;546.4780883789062;546.4780883789062;1
2024-10-28 16:29:00+01:00;546.4727172851562;546.4727172851562;546.4700927734375;546.4700927734375;546.4700927734375;12
2024-10-28 16:31:00+01:00;546.4227905273438;546.4227905273438;546.4227905273438;546.4227905273438;546.4227905273438;62
2024-10-28 16:32:00+01:00;546.243408203125;546.243408203125;546.243408203125;546.243408203125;546.243408203125;10
2024-10-28 16:33:00+01:00;546.1500244140625;546.3027954101562;546.1500244140625;546.3027954101562;546.3027954101562;7
2024-10-28 16:34:00+01:00;546.3284912109375;546.330078125;546.3284912109375;546.330078125;546.330078125;152
2024-10-28 16:35:00+01:00;546.0;546.0;545.9400024414062;545.9400024414062;545.9400024414062;3
2024-10-28 16:39:00+01:00;546.27099609375;546.3375244140625;546.27099609375;546.3375244140625;546.3375244140625;4
2024-10-28 16:40:00+01:00;546.19091796875;546.19091796875;546.19091796875;546.19091796875;546.19091796875;1
2024-10-28 16:42:00+01:00;546.1954956054688;546.1954956054688;546.1954956054688;546.1954956054688;546.1954956054688;1
2024-10-28 16:43:00+01:00;546.0;546.0;546.0;546.0;546.0;1
2024-10-28 16:44:00+01:00;546.0;546.0;546.0;546.0;546.0;8
2024-10-28 16:45:00+01:00;546.03759765625;546.03759765625;546.03759765625;546.03759765625;546.03759765625;5
2024-10-28 16:46:00+01:00;546.1007080078125;546.1007080078125;546.1007080078125;546.1007080078125;546.1007080078125;4
2024-10-28 16:48:00+01:00;546.0994262695312;546.0994262695312;546.0994262695312;546.0994262695312;546.0994262695312;1
2024-10-28 16:49:00+01:00;546.1928100585938;546.1928100585938;546.1928100585938;546.1928100585938;546.1928100585938;2
2024-10-28 16:50:00+01:00;546.135498046875;546.135498046875;546.135498046875;546.135498046875;546.135498046875;3
2024-10-28 16:51:00+01:00;546.276611328125;546.276611328125;546.276611328125;546.276611328125;546.276611328125;10
2024-10-28 16:53:00+01:00;546.1235961914062;546.1235961914062;546.1235961914062;546.1235961914062;546.1235961914062;1
2024-10-28 16:56:00+01:00;545.75;545.75;545.6799926757812;545.6799926757812;545.6799926757812;51
2024-10-28 16:57:00+01:00;545.9876708984375;545.9876708984375;545.9876708984375;545.9876708984375;545.9876708984375;1
2024-10-28 16:59:00+01:00;545.8489990234375;545.8489990234375;545.60009765625;545.60009765625;545.60009765625;7
2024-10-28 17:00:00+01:00;545.8406982421875;545.8408203125;545.8406982421875;545.8408203125;545.8408203125;14
2024-10-28 17:02:00+01:00;545.7922973632812;545.7922973632812;545.5999755859375;545.5999755859375;545.5999755859375;10
2024-10-28 17:05:00+01:00;545.8410034179688;545.8410034179688;545.5999755859375;545.5999755859375;545.5999755859375;12
2024-10-28 17:09:00+01:00;545.86376953125;545.86376953125;545.8615112304688;545.8615112304688;545.8615112304688;7
2024-10-28 17:10:00+01:00;545.8460083007812;545.8460083007812;545.8460083007812;545.8460083007812;545.8460083007812;4
2024-10-28 17:12:00+01:00;545.9796752929688;546.0557250976562;545.9796752929688;546.0557250976562;546.0557250976562;8
2024-10-28 17:13:00+01:00;545.9743041992188;545.9743041992188;545.9743041992188;545.9743041992188;545.9743041992188;1
2024-10-28 17:14:00+01:00;545.9655151367188;545.9655151367188;545.9655151367188;545.9655151367188;545.9655151367188;2
2024-10-28 17:16:00+01:00;546.1096801757812;546.1168823242188;546.1096801757812;546.1168823242188;546.1168823242188;21
2024-10-28 17:19:00+01:00;546.0457153320312;546.0457153320312;546.0457153320312;546.0457153320312;546.0457153320312;1
2024-10-28 17:20:00+01:00;546.0535888671875;546.0535888671875;546.0535888671875;546.0535888671875;546.0535888671875;1
2024-10-28 17:21:00+01:00;546.1854858398438;546.1854858398438;546.1854858398438;546.1854858398438;546.1854858398438;4
2024-10-28 17:25:00+01:00;546.159423828125;546.159423828125;546.13330078125;546.13330078125;546.13330078125;9
2024-10-28 17:26:00+01:00;546.098876953125;546.1491088867188;546.098876953125;546.1491088867188;546.1491088867188;2
2024-10-28 17:29:00+01:00;546.2401733398438;546.2401733398438;546.2401733398438;546.2401733398438;546.2401733398438;2
