Datetime;Open;High;Low;Close;Adj Close;Volume
2024-11-21 09:04:00+01:00;562.6658935546875;562.6658935546875;562.6658935546875;562.6658935546875;562.6658935546875;0
2024-11-21 09:07:00+01:00;562.3427124023438;562.3427124023438;562.3427124023438;562.3427124023438;562.3427124023438;1
2024-11-21 09:09:00+01:00;562.0;562.0499877929688;562.0;562.0499877929688;562.0499877929688;14
2024-11-21 09:11:00+01:00;562.4570922851562;562.4570922851562;562.4569702148438;562.4569702148438;562.4569702148438;5
2024-11-21 09:15:00+01:00;562.2788696289062;562.2788696289062;562.2788696289062;562.2788696289062;562.2788696289062;3
2024-11-21 09:16:00+01:00;562.1530151367188;562.1530151367188;562.1530151367188;562.1530151367188;562.1530151367188;1
2024-11-21 09:19:00+01:00;561.7603759765625;561.7603759765625;561.7603759765625;561.7603759765625;561.7603759765625;5
2024-11-21 09:21:00+01:00;562.29150390625;562.539306640625;562.1846923828125;562.539306640625;562.539306640625;43
2024-11-21 09:22:00+01:00;562.0601196289062;562.0601196289062;562.0;562.0;562.0;41
2024-11-21 09:24:00+01:00;562.197998046875;562.197998046875;561.6973876953125;562.0;562.0;7
2024-11-21 09:25:00+01:00;562.0822143554688;562.0822143554688;562.0822143554688;562.0822143554688;562.0822143554688;1
2024-11-21 09:26:00+01:00;562.1160278320312;562.1226806640625;562.1160278320312;562.1226806640625;562.1226806640625;18
2024-11-21 09:28:00+01:00;562.1613159179688;562.3565063476562;562.1613159179688;562.3565063476562;562.3565063476562;27
2024-11-21 09:29:00+01:00;562.3547973632812;562.3547973632812;562.3547973632812;562.3547973632812;562.3547973632812;2
2024-11-21 09:30:00+01:00;561.910888671875;561.910888671875;561.910888671875;561.910888671875;561.910888671875;1
2024-11-21 09:35:00+01:00;561.8189697265625;561.8189697265625;561.8189697265625;561.8189697265625;561.8189697265625;1
2024-11-21 09:37:00+01:00;561.7435913085938;561.7435913085938;561.7435913085938;561.7435913085938;561.7435913085938;1
2024-11-21 09:39:00+01:00;561.8764038085938;561.8764038085938;561.8764038085938;561.8764038085938;561.8764038085938;3
2024-11-21 09:40:00+01:00;561.7103881835938;561.7103881835938;561.7103881835938;561.7103881835938;561.7103881835938;1
2024-11-21 09:42:00+01:00;561.4002075195312;561.7000122070312;561.4002075195312;561.7000122070312;561.7000122070312;16
2024-11-21 09:43:00+01:00;561.6801147460938;561.6801147460938;561.6801147460938;561.6801147460938;561.6801147460938;2
2024-11-21 09:44:00+01:00;561.590087890625;561.590087890625;561.590087890625;561.590087890625;561.590087890625;2
2024-11-21 09:48:00+01:00;561.590087890625;561.590087890625;561.590087890625;561.590087890625;561.590087890625;1
2024-11-21 09:49:00+01:00;561.785888671875;561.785888671875;561.785888671875;561.785888671875;561.785888671875;3
2024-11-21 09:50:00+01:00;561.8643188476562;561.8643188476562;561.8643188476562;561.8643188476562;561.8643188476562;1
2024-11-21 09:51:00+01:00;561.7860107421875;561.8718872070312;561.7860107421875;561.8718872070312;561.8718872070312;8
2024-11-21 09:52:00+01:00;561.8397216796875;561.8397216796875;561.7036743164062;561.7036743164062;561.7036743164062;9
2024-11-21 09:54:00+01:00;561.8458862304688;561.8458862304688;561.8458862304688;561.8458862304688;561.8458862304688;2
2024-11-21 09:57:00+01:00;561.8978881835938;561.8980102539062;561.8978881835938;561.8980102539062;561.8980102539062;10
2024-11-21 09:59:00+01:00;561.8922729492188;561.8922729492188;561.8917846679688;561.8919067382812;561.8919067382812;11
2024-11-21 10:00:00+01:00;561.8878784179688;561.8878784179688;561.47998046875;561.47998046875;561.47998046875;40
2024-11-21 10:01:00+01:00;561.4000244140625;561.4000244140625;561.4000244140625;561.4000244140625;561.4000244140625;5
2024-11-21 10:04:00+01:00;561.4000244140625;561.5;561.4000244140625;561.5;561.5;21
2024-11-21 10:05:00+01:00;561.6500244140625;561.6500244140625;561.6500244140625;561.6500244140625;561.6500244140625;2
2024-11-21 10:07:00+01:00;561.4199829101562;561.4199829101562;561.4199829101562;561.4199829101562;561.4199829101562;4
2024-11-21 10:08:00+01:00;561.3955078125;561.3955078125;561.3941040039062;561.3941040039062;561.3941040039062;6
2024-11-21 10:09:00+01:00;561.463623046875;561.463623046875;561.463623046875;561.463623046875;561.463623046875;3
2024-11-21 10:10:00+01:00;561.0999755859375;561.3421020507812;561.0999755859375;561.3421020507812;561.3421020507812;17
2024-11-21 10:12:00+01:00;561.3690795898438;561.3690795898438;561.3690795898438;561.3690795898438;561.3690795898438;2
2024-11-21 10:13:00+01:00;561.656982421875;561.656982421875;561.6290283203125;561.6290283203125;561.6290283203125;14
2024-11-21 10:16:00+01:00;561.8248901367188;561.8248901367188;561.6337280273438;561.6337280273438;561.6337280273438;5
2024-11-21 10:17:00+01:00;561.57080078125;561.57080078125;561.57080078125;561.57080078125;561.57080078125;1
2024-11-21 10:20:00+01:00;561.6162719726562;561.6162719726562;561.5700073242188;561.5700073242188;561.5700073242188;11
2024-11-21 10:21:00+01:00;561.6544799804688;561.6546020507812;561.6397094726562;561.6397094726562;561.6397094726562;773
2024-11-21 10:22:00+01:00;561.6777954101562;561.6777954101562;561.6777954101562;561.6777954101562;561.6777954101562;2
2024-11-21 10:23:00+01:00;561.752685546875;561.752685546875;561.752685546875;561.752685546875;561.752685546875;2
2024-11-21 10:24:00+01:00;561.7100219726562;561.7296142578125;561.7100219726562;561.7291259765625;561.7291259765625;4
2024-11-21 10:26:00+01:00;561.4000244140625;561.640380859375;561.4000244140625;561.640380859375;561.640380859375;3
2024-11-21 10:27:00+01:00;561.2999877929688;561.39111328125;561.1199951171875;561.1199951171875;561.1199951171875;13
2024-11-21 10:28:00+01:00;561.0;561.0;561.0;561.0;561.0;65
2024-11-21 10:29:00+01:00;561.2155151367188;561.2155151367188;561.2155151367188;561.2155151367188;561.2155151367188;3
2024-11-21 10:30:00+01:00;561.1422729492188;561.1422729492188;561.1422729492188;561.1422729492188;561.1422729492188;4
2024-11-21 10:31:00+01:00;561.1199951171875;561.1199951171875;561.1199951171875;561.1199951171875;561.1199951171875;1
2024-11-21 10:32:00+01:00;561.5421752929688;561.5621948242188;561.5421752929688;561.54638671875;561.54638671875;14
2024-11-21 10:33:00+01:00;561.3991088867188;561.3991088867188;561.3991088867188;561.3991088867188;561.3991088867188;1
2024-11-21 10:36:00+01:00;561.5430297851562;561.5430297851562;561.5430297851562;561.5430297851562;561.5430297851562;1
2024-11-21 10:38:00+01:00;561.2625732421875;561.3905029296875;561.2625732421875;561.3905029296875;561.3905029296875;5
2024-11-21 10:39:00+01:00;561.4000244140625;561.4310913085938;561.2224731445312;561.4310913085938;561.4310913085938;25
2024-11-21 10:41:00+01:00;561.4299926757812;561.4299926757812;561.4299926757812;561.4299926757812;561.4299926757812;2
2024-11-21 10:42:00+01:00;561.4124145507812;561.9000244140625;561.4119262695312;561.9000244140625;561.9000244140625;29
2024-11-21 10:43:00+01:00;561.89990234375;561.9000244140625;561.89990234375;561.9000244140625;561.9000244140625;26
2024-11-21 10:44:00+01:00;561.9000244140625;561.9000244140625;561.9000244140625;561.9000244140625;561.9000244140625;14
2024-11-21 10:46:00+01:00;562.6400146484375;562.6400146484375;562.6400146484375;562.6400146484375;562.6400146484375;5
2024-11-21 10:48:00+01:00;562.3654174804688;562.365478515625;562.3654174804688;562.365478515625;562.365478515625;15
2024-11-21 10:49:00+01:00;562.2498168945312;562.2498168945312;562.2498168945312;562.2498168945312;562.2498168945312;10
2024-11-21 10:50:00+01:00;562.2276000976562;562.2276000976562;562.2276000976562;562.2276000976562;562.2276000976562;6
2024-11-21 10:52:00+01:00;562.0999755859375;562.0999755859375;562.0999755859375;562.0999755859375;562.0999755859375;5
2024-11-21 10:53:00+01:00;562.0999755859375;562.0999755859375;562.0999755859375;562.0999755859375;562.0999755859375;2
2024-11-21 10:54:00+01:00;562.0999755859375;562.0999755859375;562.0999755859375;562.0999755859375;562.0999755859375;2
2024-11-21 10:55:00+01:00;562.0999755859375;562.0999755859375;562.0999755859375;562.0999755859375;562.0999755859375;1
2024-11-21 10:56:00+01:00;562.0999755859375;562.2393798828125;562.0999755859375;562.2393798828125;562.2393798828125;22
2024-11-21 10:57:00+01:00;562.0114135742188;562.401611328125;562.0114135742188;562.401611328125;562.401611328125;2
2024-11-21 10:58:00+01:00;562.3529052734375;562.4534301757812;562.3529052734375;562.4534301757812;562.4534301757812;3
2024-11-21 11:00:00+01:00;562.5119018554688;562.7081298828125;562.5119018554688;562.7081298828125;562.7081298828125;28
2024-11-21 11:01:00+01:00;562.614990234375;562.614990234375;562.2000122070312;562.2000122070312;562.2000122070312;12
2024-11-21 11:03:00+01:00;562.2835083007812;562.3765258789062;562.2833862304688;562.3765258789062;562.3765258789062;66
2024-11-21 11:05:00+01:00;562.4752807617188;562.5576782226562;562.4752807617188;562.5576782226562;562.5576782226562;13
2024-11-21 11:07:00+01:00;562.6699829101562;562.6699829101562;562.6697998046875;562.6697998046875;562.6697998046875;9
2024-11-21 11:09:00+01:00;562.6702270507812;562.6702270507812;562.6702270507812;562.6702270507812;562.6702270507812;10
2024-11-21 11:10:00+01:00;562.635986328125;562.635986328125;562.635986328125;562.635986328125;562.635986328125;5
2024-11-21 11:12:00+01:00;562.6419067382812;562.6419067382812;562.6419067382812;562.6419067382812;562.6419067382812;1
2024-11-21 11:13:00+01:00;562.6389770507812;562.6400146484375;562.6389770507812;562.6400146484375;562.6400146484375;2
2024-11-21 11:15:00+01:00;562.58740234375;562.58740234375;562.58740234375;562.58740234375;562.58740234375;1
2024-11-21 11:21:00+01:00;562.2999877929688;562.2999877929688;562.2999877929688;562.2999877929688;562.2999877929688;22
2024-11-21 11:23:00+01:00;562.4365234375;562.4365234375;562.4365234375;562.4365234375;562.4365234375;10
2024-11-21 11:24:00+01:00;562.43310546875;562.43310546875;562.43310546875;562.43310546875;562.43310546875;4
2024-11-21 11:25:00+01:00;562.260009765625;562.260009765625;562.260009765625;562.260009765625;562.260009765625;2
2024-11-21 11:28:00+01:00;562.3054809570312;562.3054809570312;562.3054809570312;562.3054809570312;562.3054809570312;5
2024-11-21 11:32:00+01:00;562.2260131835938;562.2260131835938;562.2260131835938;562.2260131835938;562.2260131835938;18
2024-11-21 11:33:00+01:00;562.4400024414062;562.6467895507812;562.4400024414062;562.6467895507812;562.6467895507812;22
2024-11-21 11:34:00+01:00;562.6701049804688;562.6701049804688;562.6580200195312;562.6580200195312;562.6580200195312;42
2024-11-21 11:35:00+01:00;562.63232421875;562.6651000976562;562.322998046875;562.6649780273438;562.6649780273438;19
2024-11-21 11:36:00+01:00;562.6691284179688;562.6691284179688;562.6691284179688;562.6691284179688;562.6691284179688;1
2024-11-21 11:37:00+01:00;562.6658935546875;562.6658935546875;562.6658935546875;562.6658935546875;562.6658935546875;2
2024-11-21 11:39:00+01:00;562.643310546875;562.643310546875;562.643310546875;562.643310546875;562.643310546875;1
2024-11-21 11:40:00+01:00;562.3468017578125;562.3468017578125;562.3468017578125;562.3468017578125;562.3468017578125;2
2024-11-21 11:42:00+01:00;562.5407104492188;562.5407104492188;562.5372924804688;562.5372924804688;562.5372924804688;5
2024-11-21 11:43:00+01:00;562.6696166992188;562.6696166992188;562.6696166992188;562.6696166992188;562.6696166992188;10
2024-11-21 11:44:00+01:00;562.6607055664062;562.6607055664062;562.6607055664062;562.6607055664062;562.6607055664062;1
2024-11-21 11:45:00+01:00;562.44580078125;562.44580078125;562.44580078125;562.44580078125;562.44580078125;15
2024-11-21 11:47:00+01:00;562.6624145507812;562.6624145507812;562.6624145507812;562.6624145507812;562.6624145507812;1
2024-11-21 11:48:00+01:00;562.6195068359375;562.6195068359375;562.6195068359375;562.6195068359375;562.6195068359375;4
2024-11-21 11:49:00+01:00;562.6699829101562;562.6699829101562;562.6699829101562;562.6699829101562;562.6699829101562;1
2024-11-21 11:50:00+01:00;562.6702270507812;562.6702270507812;562.6702270507812;562.6702270507812;562.6702270507812;5
2024-11-21 11:51:00+01:00;562.6702270507812;562.6702270507812;562.6702270507812;562.6702270507812;562.6702270507812;1
2024-11-21 11:52:00+01:00;562.6671752929688;562.6671752929688;562.6671752929688;562.6671752929688;562.6671752929688;1
2024-11-21 11:54:00+01:00;562.6353759765625;562.6353759765625;562.6157836914062;562.6157836914062;562.6157836914062;34
2024-11-21 11:55:00+01:00;562.6063842773438;562.6063842773438;562.6063842773438;562.6063842773438;562.6063842773438;2
2024-11-21 12:00:00+01:00;562.6702270507812;562.7081298828125;562.6702270507812;562.7081298828125;562.7081298828125;128
2024-11-21 12:02:00+01:00;562.9000244140625;562.9000244140625;562.9000244140625;562.9000244140625;562.9000244140625;2
2024-11-21 12:03:00+01:00;562.9000244140625;563.364013671875;562.9000244140625;563.364013671875;563.364013671875;14
2024-11-21 12:05:00+01:00;562.969970703125;562.969970703125;562.969970703125;562.969970703125;562.969970703125;5
2024-11-21 12:07:00+01:00;563.5294189453125;563.5294189453125;563.5294189453125;563.5294189453125;563.5294189453125;2
2024-11-21 12:09:00+01:00;563.6956176757812;563.6956176757812;563.6956176757812;563.6956176757812;563.6956176757812;3
2024-11-21 12:10:00+01:00;563.7982788085938;563.7982788085938;563.7982788085938;563.7982788085938;563.7982788085938;20
2024-11-21 12:12:00+01:00;563.7540283203125;563.7540283203125;563.7451782226562;563.7451782226562;563.7451782226562;18
2024-11-21 12:16:00+01:00;563.5800170898438;563.7078857421875;563.5800170898438;563.7078857421875;563.7078857421875;5
2024-11-21 12:18:00+01:00;563.8259887695312;563.8259887695312;563.8259887695312;563.8259887695312;563.8259887695312;2
2024-11-21 12:19:00+01:00;563.5499877929688;563.9157104492188;563.5499877929688;563.9157104492188;563.9157104492188;2
2024-11-21 12:20:00+01:00;564.0128784179688;564.0128784179688;564.0128784179688;564.0128784179688;564.0128784179688;4
2024-11-21 12:21:00+01:00;563.568115234375;563.568115234375;563.568115234375;563.568115234375;563.568115234375;1
2024-11-21 12:23:00+01:00;564.0529174804688;564.0999145507812;564.0529174804688;564.0999145507812;564.0999145507812;100
2024-11-21 12:24:00+01:00;564.0654907226562;564.0654907226562;564.0654907226562;564.0654907226562;564.0654907226562;1
2024-11-21 12:25:00+01:00;564.0;564.0;564.0;564.0;564.0;2
2024-11-21 12:26:00+01:00;564.0186767578125;564.0186767578125;563.7078247070312;563.9338989257812;563.9338989257812;22
2024-11-21 12:30:00+01:00;564.1248779296875;564.1248779296875;564.1124877929688;564.1124877929688;564.1124877929688;2
2024-11-21 12:33:00+01:00;563.9199829101562;563.9199829101562;563.9199829101562;563.9199829101562;563.9199829101562;1
2024-11-21 12:35:00+01:00;564.331787109375;564.331787109375;564.331787109375;564.331787109375;564.331787109375;5
2024-11-21 12:37:00+01:00;563.9893798828125;564.2952270507812;563.9827880859375;564.2606811523438;564.2606811523438;78
2024-11-21 12:38:00+01:00;564.198974609375;564.198974609375;564.198974609375;564.198974609375;564.198974609375;1
2024-11-21 12:39:00+01:00;564.1732788085938;564.1732788085938;564.1370849609375;564.1370849609375;564.1370849609375;2
2024-11-21 12:40:00+01:00;564.1207275390625;564.1207885742188;564.1207275390625;564.1207885742188;564.1207885742188;18
2024-11-21 12:41:00+01:00;564.0;564.0;563.9157104492188;563.9157104492188;563.9157104492188;55
2024-11-21 12:50:00+01:00;564.49560546875;564.49560546875;564.49560546875;564.49560546875;564.49560546875;5
2024-11-21 12:51:00+01:00;564.1500244140625;564.1500244140625;564.1500244140625;564.1500244140625;564.1500244140625;2
2024-11-21 12:54:00+01:00;564.529296875;564.5526123046875;564.529296875;564.5526123046875;564.5526123046875;5
2024-11-21 12:57:00+01:00;564.5037231445312;564.53662109375;564.5037231445312;564.53662109375;564.53662109375;3
2024-11-21 12:58:00+01:00;564.53662109375;564.53662109375;564.53662109375;564.53662109375;564.53662109375;1
2024-11-21 13:02:00+01:00;564.4285888671875;564.4285888671875;564.4285888671875;564.4285888671875;564.4285888671875;1
2024-11-21 13:03:00+01:00;564.5692749023438;564.5692749023438;564.5692749023438;564.5692749023438;564.5692749023438;2
2024-11-21 13:04:00+01:00;564.8270263671875;564.8270874023438;564.719970703125;564.719970703125;564.719970703125;51
2024-11-21 13:06:00+01:00;564.8692016601562;564.8692016601562;564.8692016601562;564.8692016601562;564.8692016601562;5
2024-11-21 13:07:00+01:00;564.9765014648438;564.9765014648438;564.9765014648438;564.9765014648438;564.9765014648438;1
2024-11-21 13:08:00+01:00;564.965087890625;564.965087890625;564.965087890625;564.965087890625;564.965087890625;1
2024-11-21 13:10:00+01:00;564.989501953125;565.0;564.989501953125;565.0;565.0;5
2024-11-21 13:11:00+01:00;565.0;565.0;565.0;565.0;565.0;3
2024-11-21 13:12:00+01:00;565.2000122070312;565.2000122070312;565.2000122070312;565.2000122070312;565.2000122070312;2
2024-11-21 13:13:00+01:00;565.3009033203125;565.3009033203125;565.3009033203125;565.3009033203125;565.3009033203125;1
2024-11-21 13:14:00+01:00;565.2955932617188;565.2955932617188;565.2633056640625;565.2633056640625;565.2633056640625;4
2024-11-21 13:16:00+01:00;565.5972900390625;565.5972900390625;565.5972900390625;565.5972900390625;565.5972900390625;1
2024-11-21 13:19:00+01:00;565.9199829101562;566.0;565.7380981445312;565.7380981445312;565.7380981445312;24
2024-11-21 13:20:00+01:00;565.75;565.864013671875;565.5958251953125;565.864013671875;565.864013671875;6
2024-11-21 13:22:00+01:00;566.0195922851562;566.0343017578125;566.0195922851562;566.0343017578125;566.0343017578125;6
2024-11-21 13:25:00+01:00;565.9240112304688;565.9240112304688;565.9240112304688;565.9240112304688;565.9240112304688;4
2024-11-21 13:27:00+01:00;566.0;566.0;565.719970703125;565.719970703125;565.719970703125;3
2024-11-21 13:30:00+01:00;565.69580078125;565.69580078125;565.69580078125;565.69580078125;565.69580078125;1
2024-11-21 13:32:00+01:00;565.7592163085938;565.7592163085938;565.4835205078125;565.4835205078125;565.4835205078125;73
2024-11-21 13:36:00+01:00;565.46240234375;565.5247192382812;565.46240234375;565.5244140625;565.5244140625;6
2024-11-21 13:38:00+01:00;565.1915283203125;565.1915283203125;565.1915283203125;565.1915283203125;565.1915283203125;2
2024-11-21 13:39:00+01:00;565.2271728515625;565.2271728515625;565.2271728515625;565.2271728515625;565.2271728515625;1
2024-11-21 13:42:00+01:00;565.4533081054688;565.5101928710938;565.4533081054688;565.5101928710938;565.5101928710938;8
2024-11-21 13:44:00+01:00;565.7177734375;565.7177734375;565.7177734375;565.7177734375;565.7177734375;2
2024-11-21 13:46:00+01:00;565.7402954101562;565.7402954101562;565.4218139648438;565.4218139648438;565.4218139648438;36
2024-11-21 13:47:00+01:00;565.3001098632812;565.505615234375;565.2999877929688;565.2999877929688;565.2999877929688;17
2024-11-21 13:48:00+01:00;564.9000244140625;564.9642944335938;564.9000244140625;564.9642944335938;564.9642944335938;4
2024-11-21 13:50:00+01:00;564.8007202148438;564.8007202148438;564.8007202148438;564.8007202148438;564.8007202148438;1
2024-11-21 13:53:00+01:00;564.466796875;564.466796875;564.466796875;564.466796875;564.466796875;2
2024-11-21 13:55:00+01:00;564.43310546875;564.4332275390625;564.43310546875;564.4332275390625;564.4332275390625;15
2024-11-21 13:56:00+01:00;564.6038208007812;564.6267700195312;564.6038208007812;564.6267700195312;564.6267700195312;15
2024-11-21 13:57:00+01:00;564.798828125;564.798828125;564.7642211914062;564.7642211914062;564.7642211914062;2
2024-11-21 14:02:00+01:00;564.9575805664062;564.9575805664062;564.9575805664062;564.9575805664062;564.9575805664062;20
2024-11-21 14:03:00+01:00;564.6317138671875;564.6317138671875;564.6317138671875;564.6317138671875;564.6317138671875;1
2024-11-21 14:04:00+01:00;564.89501953125;564.89501953125;564.89501953125;564.89501953125;564.89501953125;1
2024-11-21 14:07:00+01:00;564.9404296875;564.9404296875;564.9404296875;564.9404296875;564.9404296875;4
2024-11-21 14:14:00+01:00;565.2796020507812;565.2797241210938;565.2733154296875;565.2733154296875;565.2733154296875;13
2024-11-21 14:15:00+01:00;565.3765258789062;565.3765258789062;565.3765258789062;565.3765258789062;565.3765258789062;2
2024-11-21 14:18:00+01:00;565.62158203125;565.7319946289062;565.62158203125;565.7319946289062;565.7319946289062;2
2024-11-21 14:19:00+01:00;565.89501953125;565.89501953125;565.89501953125;565.89501953125;565.89501953125;1
2024-11-21 14:24:00+01:00;565.6412963867188;565.6412963867188;565.5599975585938;565.5599975585938;565.5599975585938;27
2024-11-21 14:25:00+01:00;565.81787109375;565.81787109375;565.81787109375;565.81787109375;565.81787109375;3
2024-11-21 14:26:00+01:00;566.0609741210938;566.0609741210938;566.0609741210938;566.0609741210938;566.0609741210938;6
2024-11-21 14:27:00+01:00;565.9976806640625;565.9976806640625;565.9976806640625;565.9976806640625;565.9976806640625;1
2024-11-21 14:28:00+01:00;566.1588745117188;566.1588745117188;566.1588745117188;566.1588745117188;566.1588745117188;4
2024-11-21 14:29:00+01:00;565.835693359375;565.835693359375;565.835693359375;565.835693359375;565.835693359375;20
2024-11-21 14:32:00+01:00;566.6156005859375;566.6840209960938;566.6156005859375;566.6840209960938;566.6840209960938;8
2024-11-21 14:34:00+01:00;566.0175170898438;566.0175170898438;565.8865966796875;565.8865966796875;565.8865966796875;37
2024-11-21 14:35:00+01:00;565.8511962890625;565.8511962890625;565.85107421875;565.85107421875;565.85107421875;44
2024-11-21 14:36:00+01:00;566.086181640625;566.086181640625;566.0748291015625;566.0748291015625;566.0748291015625;5
2024-11-21 14:37:00+01:00;566.0853271484375;566.0853271484375;566.0418701171875;566.0418701171875;566.0418701171875;2
2024-11-21 14:38:00+01:00;565.7999877929688;565.9797973632812;565.7999877929688;565.9083251953125;565.9083251953125;8
2024-11-21 14:40:00+01:00;565.9708862304688;565.9708862304688;565.9708862304688;565.9708862304688;565.9708862304688;5
2024-11-21 14:42:00+01:00;566.0;566.0;565.802490234375;565.802490234375;565.802490234375;21
2024-11-21 14:44:00+01:00;566.0460205078125;566.0460205078125;565.810791015625;565.810791015625;565.810791015625;2
2024-11-21 14:45:00+01:00;566.0770263671875;566.0770263671875;565.8099975585938;566.056884765625;566.056884765625;17
2024-11-21 14:46:00+01:00;565.7999877929688;565.7999877929688;565.5797729492188;565.5797729492188;565.5797729492188;66
2024-11-21 14:47:00+01:00;565.6942138671875;565.7188110351562;565.6942138671875;565.7188110351562;565.7188110351562;5
2024-11-21 14:48:00+01:00;565.6253051757812;565.6336059570312;565.6253051757812;565.6336059570312;565.6336059570312;2
2024-11-21 14:50:00+01:00;565.5968017578125;565.5968017578125;565.5968017578125;565.5968017578125;565.5968017578125;2
2024-11-21 14:51:00+01:00;565.2797241210938;565.2797241210938;565.2797241210938;565.2797241210938;565.2797241210938;2
2024-11-21 14:54:00+01:00;565.3400268554688;565.577392578125;565.3400268554688;565.577392578125;565.577392578125;4
2024-11-21 14:56:00+01:00;565.0372924804688;565.0372924804688;565.0372924804688;565.0372924804688;565.0372924804688;3
2024-11-21 14:58:00+01:00;565.4276733398438;565.4276733398438;565.0905151367188;565.0905151367188;565.0905151367188;5
2024-11-21 15:01:00+01:00;565.5341796875;565.5341796875;565.5341796875;565.5341796875;565.5341796875;1
2024-11-21 15:03:00+01:00;565.7421264648438;565.7421264648438;565.7214965820312;565.7214965820312;565.7214965820312;2
2024-11-21 15:04:00+01:00;565.336181640625;565.336181640625;565.336181640625;565.336181640625;565.336181640625;7
2024-11-21 15:07:00+01:00;566.0485229492188;566.048583984375;566.0485229492188;566.048583984375;566.048583984375;21
2024-11-21 15:08:00+01:00;566.157470703125;566.157470703125;566.157470703125;566.157470703125;566.157470703125;22
2024-11-21 15:09:00+01:00;566.2188720703125;566.218994140625;565.9188842773438;565.9188842773438;565.9188842773438;15
2024-11-21 15:10:00+01:00;565.9241943359375;565.9241943359375;565.9241943359375;565.9241943359375;565.9241943359375;1
2024-11-21 15:13:00+01:00;565.9299926757812;565.9299926757812;565.9299926757812;565.9299926757812;565.9299926757812;5
2024-11-21 15:14:00+01:00;566.0643920898438;566.299072265625;566.0225830078125;566.0225830078125;566.0225830078125;45
2024-11-21 15:15:00+01:00;565.9699096679688;565.9699096679688;565.9699096679688;565.9699096679688;565.9699096679688;20
2024-11-21 15:16:00+01:00;566.2202758789062;566.2202758789062;566.2003173828125;566.2003173828125;566.2003173828125;9
2024-11-21 15:17:00+01:00;566.3004150390625;566.3004150390625;565.9260864257812;565.9260864257812;565.9260864257812;51
2024-11-21 15:18:00+01:00;565.9000244140625;565.9000244140625;565.765625;565.765625;565.765625;61
2024-11-21 15:19:00+01:00;565.9876708984375;565.9876708984375;565.9876708984375;565.9876708984375;565.9876708984375;2
2024-11-21 15:21:00+01:00;565.9832153320312;565.9832153320312;565.9832153320312;565.9832153320312;565.9832153320312;6
2024-11-21 15:22:00+01:00;565.9962158203125;565.9962158203125;565.9962158203125;565.9962158203125;565.9962158203125;20
2024-11-21 15:24:00+01:00;566.1868896484375;566.1868896484375;566.1868896484375;566.1868896484375;566.1868896484375;14
2024-11-21 15:25:00+01:00;566.092529296875;566.2000122070312;566.092529296875;566.2000122070312;566.2000122070312;20
2024-11-21 15:26:00+01:00;566.2813110351562;566.50830078125;566.2813110351562;566.50830078125;566.50830078125;404
2024-11-21 15:27:00+01:00;566.4868774414062;566.4868774414062;566.4868774414062;566.4868774414062;566.4868774414062;10
2024-11-21 15:28:00+01:00;566.2000122070312;566.2000122070312;566.2000122070312;566.2000122070312;566.2000122070312;1
2024-11-21 15:30:00+01:00;566.0;566.0;566.0;566.0;566.0;3
2024-11-21 15:31:00+01:00;566.2623291015625;566.2623291015625;566.2623291015625;566.2623291015625;566.2623291015625;6
2024-11-21 15:32:00+01:00;566.0;566.0;566.0;566.0;566.0;2
2024-11-21 15:33:00+01:00;565.510009765625;565.510009765625;565.4000244140625;565.4000244140625;565.4000244140625;10
2024-11-21 15:34:00+01:00;565.0;565.0;564.4962158203125;564.4962158203125;564.4962158203125;89
2024-11-21 15:35:00+01:00;564.4099731445312;564.4099731445312;564.0;564.0;564.0;5
2024-11-21 15:36:00+01:00;563.7868041992188;563.7868041992188;563.7868041992188;563.7868041992188;563.7868041992188;10
2024-11-21 15:38:00+01:00;563.0;563.0;562.5;562.5;562.5;710
2024-11-21 15:39:00+01:00;562.7474975585938;562.7474975585938;562.7474975585938;562.7474975585938;562.7474975585938;3
2024-11-21 15:40:00+01:00;563.0396728515625;563.1572875976562;563.0396728515625;563.1572875976562;563.1572875976562;8
2024-11-21 15:42:00+01:00;563.0;563.0;563.0;563.0;563.0;10
2024-11-21 15:43:00+01:00;563.1964111328125;563.1964111328125;563.1964111328125;563.1964111328125;563.1964111328125;1
2024-11-21 15:47:00+01:00;564.143798828125;564.143798828125;564.143798828125;564.143798828125;564.143798828125;4
2024-11-21 15:49:00+01:00;564.6646118164062;564.7929077148438;564.4553833007812;564.4553833007812;564.4553833007812;73
2024-11-21 15:52:00+01:00;564.3123779296875;564.3123779296875;564.3123779296875;564.3123779296875;564.3123779296875;2
2024-11-21 15:54:00+01:00;563.7432250976562;563.7432250976562;563.7432250976562;563.7432250976562;563.7432250976562;90
2024-11-21 15:55:00+01:00;563.8347778320312;563.9000244140625;563.8347778320312;563.9000244140625;563.9000244140625;4
2024-11-21 15:57:00+01:00;563.6314086914062;563.7631225585938;563.6314086914062;563.7631225585938;563.7631225585938;180
2024-11-21 15:58:00+01:00;563.2000122070312;563.2000122070312;562.864501953125;563.1898803710938;563.1898803710938;183
2024-11-21 15:59:00+01:00;563.3225708007812;563.3225708007812;563.3225708007812;563.3225708007812;563.3225708007812;2
2024-11-21 16:00:00+01:00;563.3264770507812;563.3264770507812;562.7999877929688;562.7999877929688;562.7999877929688;208
2024-11-21 16:01:00+01:00;562.6217041015625;562.6912841796875;562.6217041015625;562.6912841796875;562.6912841796875;8
2024-11-21 16:02:00+01:00;562.3400268554688;562.6777954101562;562.3400268554688;562.6777954101562;562.6777954101562;2
2024-11-21 16:03:00+01:00;562.5360717773438;562.7761840820312;562.5360717773438;562.7761840820312;562.7761840820312;31
2024-11-21 16:04:00+01:00;562.2999877929688;562.2999877929688;562.2999877929688;562.2999877929688;562.2999877929688;3
2024-11-21 16:09:00+01:00;562.2788696289062;562.2788696289062;562.2788696289062;562.2788696289062;562.2788696289062;21
2024-11-21 16:10:00+01:00;561.9699096679688;561.9699096679688;561.9699096679688;561.9699096679688;561.9699096679688;8
2024-11-21 16:11:00+01:00;562.3864135742188;562.3864135742188;562.3529052734375;562.3529052734375;562.3529052734375;14
2024-11-21 16:12:00+01:00;562.4000244140625;563.2960815429688;562.4000244140625;563.2960815429688;563.2960815429688;17
2024-11-21 16:13:00+01:00;563.97607421875;563.97607421875;563.97607421875;563.97607421875;563.97607421875;3
2024-11-21 16:14:00+01:00;564.2454223632812;564.2454223632812;563.8859252929688;563.8859252929688;563.8859252929688;4
2024-11-21 16:16:00+01:00;564.5258178710938;564.52587890625;564.5258178710938;564.52587890625;564.52587890625;7
2024-11-21 16:19:00+01:00;564.076416015625;564.076416015625;563.9312133789062;564.0446166992188;564.0446166992188;13
2024-11-21 16:20:00+01:00;564.0606079101562;564.1298217773438;564.0606079101562;564.1298217773438;564.1298217773438;46
2024-11-21 16:21:00+01:00;564.1900024414062;564.1900024414062;564.0762939453125;564.0762939453125;564.0762939453125;23
2024-11-21 16:23:00+01:00;563.0;563.0;563.0;563.0;563.0;2
2024-11-21 16:24:00+01:00;562.7606201171875;562.7606201171875;562.7606201171875;562.7606201171875;562.7606201171875;1
2024-11-21 16:25:00+01:00;563.00830078125;563.00830078125;563.00830078125;563.00830078125;563.00830078125;1
2024-11-21 16:29:00+01:00;562.3034057617188;562.3034057617188;561.4036865234375;561.4036865234375;561.4036865234375;65
2024-11-21 16:30:00+01:00;561.8845825195312;562.1790161132812;561.8845825195312;562.1790161132812;562.1790161132812;17
2024-11-21 16:32:00+01:00;561.8933715820312;561.8933715820312;561.8197021484375;561.8197021484375;561.8197021484375;50
2024-11-21 16:33:00+01:00;561.96142578125;562.3787841796875;561.96142578125;562.3787841796875;562.3787841796875;178
2024-11-21 16:36:00+01:00;562.1052856445312;562.4329833984375;562.1052856445312;562.4329833984375;562.4329833984375;13
2024-11-21 16:37:00+01:00;562.3770141601562;562.3770141601562;562.3768920898438;562.3768920898438;562.3768920898438;31
2024-11-21 16:38:00+01:00;562.2999877929688;562.4530029296875;562.2999877929688;562.322509765625;562.322509765625;3
2024-11-21 16:40:00+01:00;562.3071899414062;562.3656005859375;562.3071899414062;562.3656005859375;562.3656005859375;3
2024-11-21 16:42:00+01:00;562.5618286132812;563.1118774414062;562.5618286132812;563.1118774414062;563.1118774414062;14
2024-11-21 16:43:00+01:00;563.3375854492188;563.3375854492188;563.3375854492188;563.3375854492188;563.3375854492188;1
2024-11-21 16:46:00+01:00;563.4132080078125;563.4132080078125;563.4132080078125;563.4132080078125;563.4132080078125;10
2024-11-21 16:55:00+01:00;565.6704711914062;565.6704711914062;565.6704711914062;565.6704711914062;565.6704711914062;2
2024-11-21 16:57:00+01:00;565.9796752929688;565.9796752929688;565.9796752929688;565.9796752929688;565.9796752929688;6
2024-11-21 16:58:00+01:00;565.873291015625;565.873291015625;565.873291015625;565.873291015625;565.873291015625;10
2024-11-21 17:00:00+01:00;566.4718017578125;566.4718017578125;566.4718017578125;566.4718017578125;566.4718017578125;1
2024-11-21 17:01:00+01:00;566.5562133789062;566.5562133789062;565.9099731445312;565.9099731445312;565.9099731445312;586
2024-11-21 17:02:00+01:00;566.1256713867188;566.1257934570312;566.0454711914062;566.0781860351562;566.0781860351562;31
2024-11-21 17:06:00+01:00;566.2968139648438;566.2968139648438;566.2968139648438;566.2968139648438;566.2968139648438;6
2024-11-21 17:08:00+01:00;566.5034790039062;566.5034790039062;566.5034790039062;566.5034790039062;566.5034790039062;1
2024-11-21 17:10:00+01:00;566.010009765625;566.010009765625;565.930419921875;565.930419921875;565.930419921875;9
2024-11-21 17:11:00+01:00;566.0651245117188;566.0651245117188;566.0651245117188;566.0651245117188;566.0651245117188;1
2024-11-21 17:14:00+01:00;566.4000244140625;566.6950073242188;566.3015747070312;566.6950073242188;566.6950073242188;22
2024-11-21 17:15:00+01:00;566.7777099609375;566.7777099609375;566.7777099609375;566.7777099609375;566.7777099609375;1
2024-11-21 17:16:00+01:00;566.8453979492188;567.2606201171875;566.8453979492188;567.2606201171875;567.2606201171875;43
2024-11-21 17:19:00+01:00;567.6580200195312;567.6580200195312;567.6292114257812;567.6292114257812;567.6292114257812;4
2024-11-21 17:20:00+01:00;567.0532836914062;567.2938842773438;567.0532836914062;567.2938842773438;567.2938842773438;19
2024-11-21 17:21:00+01:00;567.5999755859375;567.6909790039062;567.5999755859375;567.6909790039062;567.6909790039062;10
2024-11-21 17:22:00+01:00;567.415771484375;567.415771484375;567.3563842773438;567.3563842773438;567.3563842773438;40
2024-11-21 17:24:00+01:00;567.618896484375;567.618896484375;567.618896484375;567.618896484375;567.618896484375;1
2024-11-21 17:26:00+01:00;567.6199951171875;567.6199951171875;567.6199951171875;567.6199951171875;567.6199951171875;5
2024-11-21 17:27:00+01:00;567.6286010742188;567.8253784179688;567.6286010742188;567.8253784179688;567.8253784179688;11
2024-11-21 17:28:00+01:00;567.7576293945312;568.0;567.7576293945312;568.0;568.0;13
2024-11-21 17:29:00+01:00;568.0;568.0;568.0;568.0;568.0;2
