Datetime;Open;High;Low;Close;Adj Close;Volume
2024-10-21 09:04:00+02:00;548.6107788085938;548.8195190429688;548.6107788085938;548.7479248046875;548.7479248046875;0
2024-10-21 09:05:00+02:00;548.963623046875;548.963623046875;548.4006958007812;548.9367065429688;548.9367065429688;46
2024-10-21 09:06:00+02:00;548.9367065429688;548.9935913085938;548.9367065429688;548.9935913085938;548.9935913085938;101
2024-10-21 09:08:00+02:00;548.8941040039062;548.8941040039062;548.8856201171875;548.8856201171875;548.8856201171875;2
2024-10-21 09:09:00+02:00;548.9429931640625;548.9429931640625;548.9429931640625;548.9429931640625;548.9429931640625;4
2024-10-21 09:11:00+02:00;548.93359375;548.93359375;548.6790161132812;548.6790161132812;548.6790161132812;14
2024-10-21 09:14:00+02:00;548.9779052734375;548.9779052734375;548.9779052734375;548.9779052734375;548.9779052734375;1
2024-10-21 09:17:00+02:00;548.976806640625;548.976806640625;548.976806640625;548.976806640625;548.976806640625;1
2024-10-21 09:18:00+02:00;548.9503173828125;548.9503784179688;548.9503173828125;548.9503784179688;548.9503784179688;7
2024-10-21 09:19:00+02:00;548.9144287109375;548.9144287109375;548.8831787109375;548.8831787109375;548.8831787109375;7
2024-10-21 09:20:00+02:00;548.857421875;548.857421875;548.857421875;548.857421875;548.857421875;3
2024-10-21 09:21:00+02:00;548.8140258789062;548.8140258789062;548.8140258789062;548.8140258789062;548.8140258789062;1
2024-10-21 09:22:00+02:00;548.9448852539062;548.9448852539062;548.9448852539062;548.9448852539062;548.9448852539062;2
2024-10-21 09:23:00+02:00;548.9381103515625;548.9381103515625;548.9381103515625;548.9381103515625;548.9381103515625;2
2024-10-21 09:24:00+02:00;548.9805908203125;548.9805908203125;548.977783203125;548.977783203125;548.977783203125;2
2024-10-21 09:25:00+02:00;548.9631958007812;548.9631958007812;548.9406127929688;548.9406127929688;548.9406127929688;2
2024-10-21 09:26:00+02:00;548.6525268554688;548.8795776367188;548.6525268554688;548.8795776367188;548.8795776367188;38
2024-10-21 09:27:00+02:00;548.6500244140625;548.8173217773438;548.6500244140625;548.8173217773438;548.8173217773438;4
2024-10-21 09:29:00+02:00;548.7139282226562;548.7139282226562;548.7139282226562;548.7139282226562;548.7139282226562;2
2024-10-21 09:30:00+02:00;548.91748046875;548.91748046875;548.91748046875;548.91748046875;548.91748046875;20
2024-10-21 09:31:00+02:00;548.9028930664062;548.9083862304688;548.9028930664062;548.9083862304688;548.9083862304688;4
2024-10-21 09:32:00+02:00;548.8690185546875;548.8690185546875;548.8690185546875;548.8690185546875;548.8690185546875;1
2024-10-21 09:34:00+02:00;548.8712158203125;548.8786010742188;548.8712158203125;548.8786010742188;548.8786010742188;20
2024-10-21 09:35:00+02:00;548.8701171875;548.8701171875;548.864990234375;548.864990234375;548.864990234375;185
2024-10-21 09:36:00+02:00;548.9869995117188;548.9869995117188;548.9000244140625;548.9000244140625;548.9000244140625;17
2024-10-21 09:39:00+02:00;549.0;549.0;549.0;549.0;549.0;6
2024-10-21 09:40:00+02:00;549.0;549.0;549.0;549.0;549.0;4
2024-10-21 09:42:00+02:00;549.0;549.2396240234375;549.0;549.2396240234375;549.2396240234375;32
2024-10-21 09:44:00+02:00;549.25;549.260009765625;549.25;549.2598876953125;549.2598876953125;10
2024-10-21 09:45:00+02:00;549.2598876953125;549.2598876953125;549.2598876953125;549.2598876953125;549.2598876953125;2
2024-10-21 09:46:00+02:00;549.2598876953125;549.260009765625;549.2598876953125;549.260009765625;549.260009765625;11
2024-10-21 09:47:00+02:00;549.260009765625;549.2816772460938;549.260009765625;549.2816772460938;549.2816772460938;5
2024-10-21 09:49:00+02:00;549.2816772460938;549.2816772460938;549.2816772460938;549.2816772460938;549.2816772460938;4
2024-10-21 09:50:00+02:00;549.4215698242188;549.4863891601562;549.4215698242188;549.4863891601562;549.4863891601562;37
2024-10-21 09:51:00+02:00;549.389404296875;549.389404296875;549.2799072265625;549.2799072265625;549.2799072265625;11
2024-10-21 09:52:00+02:00;549.2866821289062;549.44921875;549.2866821289062;549.4490966796875;549.4490966796875;19
2024-10-21 09:54:00+02:00;549.3464965820312;549.3464965820312;549.3464965820312;549.3464965820312;549.3464965820312;10
2024-10-21 09:55:00+02:00;549.3438720703125;549.3438720703125;549.3438720703125;549.3438720703125;549.3438720703125;2
2024-10-21 09:56:00+02:00;549.3826904296875;549.3826904296875;549.3822021484375;549.3822021484375;549.3822021484375;28
2024-10-21 09:57:00+02:00;549.319091796875;549.319091796875;549.319091796875;549.319091796875;549.319091796875;1
2024-10-21 09:58:00+02:00;549.0999755859375;549.0999755859375;549.0999755859375;549.0999755859375;549.0999755859375;2
2024-10-21 09:59:00+02:00;549.261474609375;549.261474609375;549.0;549.2279052734375;549.2279052734375;21
2024-10-21 10:00:00+02:00;549.2017211914062;549.2017211914062;549.2017211914062;549.2017211914062;549.2017211914062;1
2024-10-21 10:01:00+02:00;549.1522827148438;549.1522827148438;549.1522827148438;549.1522827148438;549.1522827148438;20
2024-10-21 10:03:00+02:00;549.276611328125;549.276611328125;549.2601928710938;549.2601928710938;549.2601928710938;7
2024-10-21 10:04:00+02:00;549.2548217773438;549.2548217773438;549.2352905273438;549.2352905273438;549.2352905273438;5
2024-10-21 10:05:00+02:00;549.239990234375;549.239990234375;549.0479125976562;549.2357788085938;549.2357788085938;23
2024-10-21 10:09:00+02:00;549.1220092773438;549.1220092773438;549.1220092773438;549.1220092773438;549.1220092773438;1
2024-10-21 10:10:00+02:00;549.1436767578125;549.1436767578125;549.1436767578125;549.1436767578125;549.1436767578125;3
2024-10-21 10:11:00+02:00;549.2470703125;549.2470703125;549.2470703125;549.2470703125;549.2470703125;1
2024-10-21 10:12:00+02:00;549.0;549.0;548.8323974609375;548.8323974609375;548.8323974609375;89
2024-10-21 10:13:00+02:00;548.931884765625;548.931884765625;548.931884765625;548.931884765625;548.931884765625;1
2024-10-21 10:16:00+02:00;548.8856201171875;548.8856811523438;548.8856201171875;548.8856811523438;548.8856811523438;28
2024-10-21 10:17:00+02:00;548.8651733398438;548.8825073242188;548.8651733398438;548.8786010742188;548.8786010742188;41
2024-10-21 10:19:00+02:00;548.86181640625;548.86181640625;548.86181640625;548.86181640625;548.86181640625;1
2024-10-21 10:20:00+02:00;548.6500244140625;548.6500244140625;548.6035766601562;548.6035766601562;548.6035766601562;2
2024-10-21 10:22:00+02:00;548.6065063476562;548.6065063476562;548.6060791015625;548.6060791015625;548.6060791015625;175
2024-10-21 10:23:00+02:00;548.9381103515625;548.9381103515625;548.9381103515625;548.9381103515625;548.9381103515625;1
2024-10-21 10:24:00+02:00;548.8560791015625;548.8560791015625;548.8560791015625;548.8560791015625;548.8560791015625;9
2024-10-21 10:25:00+02:00;548.8327026367188;548.8327026367188;548.80859375;548.80859375;548.80859375;4
2024-10-21 10:26:00+02:00;548.80322265625;548.8032836914062;548.7789916992188;548.7789916992188;548.7789916992188;20
2024-10-21 10:28:00+02:00;548.8447265625;548.8447265625;548.8447265625;548.8447265625;548.8447265625;1
2024-10-21 10:29:00+02:00;548.8341064453125;548.8341064453125;548.8341064453125;548.8341064453125;548.8341064453125;3
2024-10-21 10:30:00+02:00;548.8126831054688;548.8126831054688;548.8104858398438;548.8104858398438;548.8104858398438;2
2024-10-21 10:33:00+02:00;548.8499755859375;548.8737182617188;548.8499755859375;548.8737182617188;548.8737182617188;2
2024-10-21 10:35:00+02:00;548.864013671875;548.864013671875;548.864013671875;548.864013671875;548.864013671875;2
2024-10-21 10:36:00+02:00;548.864013671875;548.864013671875;548.864013671875;548.864013671875;548.864013671875;1
2024-10-21 10:38:00+02:00;548.9169921875;548.9169921875;548.9169921875;548.9169921875;548.9169921875;5
2024-10-21 10:39:00+02:00;548.9144287109375;548.9144287109375;548.7999877929688;548.7999877929688;548.7999877929688;6
2024-10-21 10:40:00+02:00;548.60009765625;548.7999877929688;548.60009765625;548.7999877929688;548.7999877929688;24
2024-10-21 10:42:00+02:00;548.7998046875;548.7998046875;548.60009765625;548.60009765625;548.60009765625;3
2024-10-21 10:43:00+02:00;548.7979736328125;548.7979736328125;548.7977905273438;548.7977905273438;548.7977905273438;2
2024-10-21 10:45:00+02:00;548.5999755859375;548.7982177734375;548.5101928710938;548.7982177734375;548.7982177734375;20
2024-10-21 10:48:00+02:00;548.7816162109375;548.7988891601562;548.7816162109375;548.7988891601562;548.7988891601562;56
2024-10-21 10:49:00+02:00;548.7767944335938;548.7767944335938;548.7767944335938;548.7767944335938;548.7767944335938;1
2024-10-21 10:51:00+02:00;548.7999877929688;548.7999877929688;548.7999267578125;548.7999267578125;548.7999267578125;74
2024-10-21 10:52:00+02:00;548.7965087890625;548.7965087890625;548.7965087890625;548.7965087890625;548.7965087890625;2
2024-10-21 10:53:00+02:00;548.7987060546875;548.7987060546875;548.7987060546875;548.7987060546875;548.7987060546875;1
2024-10-21 10:54:00+02:00;548.5101928710938;548.5999755859375;548.5101928710938;548.5999755859375;548.5999755859375;5
2024-10-21 10:57:00+02:00;548.7929077148438;548.7930297851562;548.7926025390625;548.7926025390625;548.7926025390625;21
2024-10-21 10:58:00+02:00;548.788818359375;548.788818359375;548.7811889648438;548.7811889648438;548.7811889648438;6
2024-10-21 10:59:00+02:00;548.7305297851562;548.7305297851562;548.7202758789062;548.7202758789062;548.7202758789062;16
2024-10-21 11:01:00+02:00;548.6854248046875;548.6854248046875;548.6854248046875;548.6854248046875;548.6854248046875;1
2024-10-21 11:02:00+02:00;548.510009765625;548.6618041992188;548.510009765625;548.6618041992188;548.6618041992188;9
2024-10-21 11:04:00+02:00;548.6828002929688;548.6828002929688;548.6828002929688;548.6828002929688;548.6828002929688;1
2024-10-21 11:08:00+02:00;548.7081298828125;548.7081298828125;548.5;548.5;548.5;17
2024-10-21 11:10:00+02:00;548.5999755859375;548.5999755859375;548.5999755859375;548.5999755859375;548.5999755859375;2
2024-10-21 11:11:00+02:00;548.5592041015625;548.5592041015625;548.5592041015625;548.5592041015625;548.5592041015625;1
2024-10-21 11:12:00+02:00;548.585693359375;548.585693359375;548.585693359375;548.585693359375;548.585693359375;2
2024-10-21 11:15:00+02:00;548.6365966796875;548.6365966796875;548.6365966796875;548.6365966796875;548.6365966796875;8
2024-10-21 11:16:00+02:00;548.6365966796875;548.6365966796875;548.6365966796875;548.6365966796875;548.6365966796875;7
2024-10-21 11:17:00+02:00;548.6134033203125;548.6134033203125;548.4000244140625;548.6134033203125;548.6134033203125;7
2024-10-21 11:18:00+02:00;548.3800048828125;548.3800048828125;548.3800048828125;548.3800048828125;548.3800048828125;8
2024-10-21 11:19:00+02:00;548.3740234375;548.5997924804688;548.3740234375;548.5997924804688;548.5997924804688;6
2024-10-21 11:20:00+02:00;548.3200073242188;548.5628051757812;548.3071899414062;548.5628051757812;548.5628051757812;35
2024-10-21 11:21:00+02:00;548.2999877929688;548.5441284179688;548.2999877929688;548.531982421875;548.531982421875;18
2024-10-21 11:22:00+02:00;548.52978515625;548.52978515625;548.2899780273438;548.2899780273438;548.2899780273438;51
2024-10-21 11:23:00+02:00;548.41552734375;548.41552734375;548.2000122070312;548.2000122070312;548.2000122070312;10
2024-10-21 11:24:00+02:00;548.2000122070312;548.3770751953125;548.2000122070312;548.3770751953125;548.3770751953125;19
2024-10-21 11:25:00+02:00;548.369384765625;548.369384765625;548.02001953125;548.02001953125;548.02001953125;40
2024-10-21 11:26:00+02:00;548.1744995117188;548.1744995117188;548.1744995117188;548.1744995117188;548.1744995117188;4
2024-10-21 11:27:00+02:00;548.1998291015625;548.1998291015625;548.1998291015625;548.1998291015625;548.1998291015625;1
2024-10-21 11:28:00+02:00;548.0999755859375;548.189208984375;547.97998046875;547.97998046875;547.97998046875;232
2024-10-21 11:29:00+02:00;548.1641845703125;548.1641845703125;548.1641845703125;548.1641845703125;548.1641845703125;2
2024-10-21 11:30:00+02:00;548.0159912109375;548.0159912109375;548.0;548.0;548.0;5
2024-10-21 11:31:00+02:00;548.1510009765625;548.1510009765625;547.7999877929688;547.7999877929688;547.7999877929688;18
2024-10-21 11:32:00+02:00;547.80322265625;547.80322265625;547.5999755859375;547.5999755859375;547.5999755859375;4
2024-10-21 11:34:00+02:00;547.5999755859375;547.5999755859375;547.5999755859375;547.5999755859375;547.5999755859375;3
2024-10-21 11:35:00+02:00;547.5999755859375;547.7208862304688;547.5999755859375;547.7208862304688;547.7208862304688;7
2024-10-21 11:36:00+02:00;547.7974243164062;547.7974243164062;547.7974243164062;547.7974243164062;547.7974243164062;1
2024-10-21 11:37:00+02:00;547.560791015625;547.560791015625;547.560791015625;547.560791015625;547.560791015625;2
2024-10-21 11:38:00+02:00;547.864990234375;547.9451904296875;547.864990234375;547.9451904296875;547.9451904296875;50
2024-10-21 11:39:00+02:00;547.9848022460938;548.0001831054688;547.9848022460938;547.9996948242188;547.9996948242188;17
2024-10-21 11:41:00+02:00;548.278076171875;548.278076171875;548.278076171875;548.278076171875;548.278076171875;8
2024-10-21 11:43:00+02:00;548.2017822265625;548.2017822265625;548.2017822265625;548.2017822265625;548.2017822265625;4
2024-10-21 11:44:00+02:00;548.1962280273438;548.2015991210938;548.1961059570312;548.2015991210938;548.2015991210938;4
2024-10-21 11:45:00+02:00;548.2164916992188;548.2164916992188;548.2164916992188;548.2164916992188;548.2164916992188;2
2024-10-21 11:46:00+02:00;548.3814697265625;548.3814697265625;548.3814697265625;548.3814697265625;548.3814697265625;8
2024-10-21 11:48:00+02:00;548.3916015625;548.3916015625;548.3804931640625;548.3804931640625;548.3804931640625;4
2024-10-21 11:50:00+02:00;548.4860229492188;548.4860229492188;548.4860229492188;548.4860229492188;548.4860229492188;1
2024-10-21 11:51:00+02:00;548.1026000976562;548.4660034179688;548.1026000976562;548.4660034179688;548.4660034179688;37
2024-10-21 11:55:00+02:00;548.4868774414062;548.5214233398438;548.4868774414062;548.5214233398438;548.5214233398438;6
2024-10-21 11:56:00+02:00;548.5490112304688;548.5490112304688;548.5490112304688;548.5490112304688;548.5490112304688;5
2024-10-21 11:57:00+02:00;548.5004272460938;548.5004272460938;548.5004272460938;548.5004272460938;548.5004272460938;1
2024-10-21 11:59:00+02:00;548.0573120117188;548.0573120117188;548.0573120117188;548.0573120117188;548.0573120117188;1
2024-10-21 12:00:00+02:00;548.3900756835938;548.3900756835938;548.3900756835938;548.3900756835938;548.3900756835938;1
2024-10-21 12:01:00+02:00;548.3599853515625;548.46728515625;548.3599853515625;548.46728515625;548.46728515625;13
2024-10-21 12:04:00+02:00;548.3516845703125;548.3516845703125;548.3516845703125;548.3516845703125;548.3516845703125;8
2024-10-21 12:05:00+02:00;548.3031005859375;548.3031005859375;548.3031005859375;548.3031005859375;548.3031005859375;40
2024-10-21 12:06:00+02:00;548.2977294921875;548.2977294921875;548.2977294921875;548.2977294921875;548.2977294921875;1
2024-10-21 12:08:00+02:00;548.3214111328125;548.3214111328125;548.3214111328125;548.3214111328125;548.3214111328125;1
2024-10-21 12:12:00+02:00;548.2999877929688;548.2999877929688;548.2999877929688;548.2999877929688;548.2999877929688;10
2024-10-21 12:15:00+02:00;548.40478515625;548.40478515625;548.40478515625;548.40478515625;548.40478515625;41
2024-10-21 12:16:00+02:00;548.2999877929688;548.2999877929688;548.2999877929688;548.2999877929688;548.2999877929688;15
2024-10-21 12:18:00+02:00;548.276123046875;548.276123046875;548.276123046875;548.276123046875;548.276123046875;1
2024-10-21 12:19:00+02:00;548.3126220703125;548.3126220703125;548.3126220703125;548.3126220703125;548.3126220703125;2
2024-10-21 12:20:00+02:00;548.247802734375;548.247802734375;548.19970703125;548.19970703125;548.19970703125;6
2024-10-21 12:21:00+02:00;548.2922973632812;548.2922973632812;548.2922973632812;548.2922973632812;548.2922973632812;1
2024-10-21 12:22:00+02:00;548.2965087890625;548.2965087890625;548.2965087890625;548.2965087890625;548.2965087890625;6
2024-10-21 12:23:00+02:00;548.361572265625;548.361572265625;548.29541015625;548.29541015625;548.29541015625;2
2024-10-21 12:24:00+02:00;548.29541015625;548.29541015625;548.29541015625;548.29541015625;548.29541015625;2
2024-10-21 12:25:00+02:00;548.3303833007812;548.3303833007812;548.30517578125;548.30517578125;548.30517578125;10
2024-10-21 12:27:00+02:00;548.3052978515625;548.3052978515625;548.3052978515625;548.3052978515625;548.3052978515625;6
2024-10-21 12:28:00+02:00;548.3214721679688;548.4135131835938;548.3214721679688;548.4135131835938;548.4135131835938;3
2024-10-21 12:29:00+02:00;548.3541870117188;548.3541870117188;548.3541870117188;548.3541870117188;548.3541870117188;1
2024-10-21 12:30:00+02:00;548.3541870117188;548.3541870117188;548.3541259765625;548.3541259765625;548.3541259765625;10
2024-10-21 12:33:00+02:00;548.0999755859375;548.0999755859375;548.0999755859375;548.0999755859375;548.0999755859375;1
2024-10-21 12:34:00+02:00;548.2866821289062;548.2866821289062;548.2866821289062;548.2866821289062;548.2866821289062;1
2024-10-21 12:35:00+02:00;548.2597045898438;548.2597045898438;548.2000122070312;548.2000122070312;548.2000122070312;24
2024-10-21 12:36:00+02:00;548.2205200195312;548.2205200195312;548.0700073242188;548.0700073242188;548.0700073242188;11
2024-10-21 12:37:00+02:00;548.1870727539062;548.1870727539062;548.0;548.0;548.0;21
2024-10-21 12:41:00+02:00;547.6408081054688;547.9998779296875;547.6408081054688;547.9998779296875;547.9998779296875;9
2024-10-21 12:42:00+02:00;547.9998779296875;547.9998779296875;547.9998779296875;547.9998779296875;547.9998779296875;12
2024-10-21 12:44:00+02:00;547.9760131835938;547.9760131835938;547.7999877929688;547.7999877929688;547.7999877929688;7
2024-10-21 12:45:00+02:00;547.5001220703125;547.5457153320312;547.5;547.5361938476562;547.5361938476562;55
2024-10-21 12:46:00+02:00;547.5457153320312;547.5457153320312;547.5457153320312;547.5457153320312;547.5457153320312;2
2024-10-21 12:48:00+02:00;547.6735229492188;547.6735229492188;547.6735229492188;547.6735229492188;547.6735229492188;2
2024-10-21 12:51:00+02:00;547.4578857421875;547.4578857421875;547.4578857421875;547.4578857421875;547.4578857421875;2
2024-10-21 12:54:00+02:00;547.219970703125;547.5358276367188;547.1572875976562;547.5358276367188;547.5358276367188;32
2024-10-21 12:55:00+02:00;547.1801147460938;547.546875;547.1801147460938;547.5458984375;547.5458984375;7
2024-10-21 12:57:00+02:00;547.5441284179688;547.5441284179688;547.4793090820312;547.4793090820312;547.4793090820312;5
2024-10-21 12:58:00+02:00;547.4793090820312;547.4793090820312;547.4791259765625;547.4791259765625;547.4791259765625;3
2024-10-21 13:00:00+02:00;547.4766235351562;547.4766235351562;547.25;547.25;547.25;4
2024-10-21 13:01:00+02:00;547.4324951171875;547.4324951171875;547.4324951171875;547.4324951171875;547.4324951171875;1
2024-10-21 13:04:00+02:00;547.4755249023438;547.4755249023438;547.4755249023438;547.4755249023438;547.4755249023438;11
2024-10-21 13:05:00+02:00;547.0927124023438;547.0927124023438;547.0927124023438;547.0927124023438;547.0927124023438;10
2024-10-21 13:07:00+02:00;547.498779296875;547.5256958007812;547.498779296875;547.5256958007812;547.5256958007812;5
2024-10-21 13:09:00+02:00;547.5250244140625;547.6386108398438;547.5250244140625;547.5523071289062;547.5523071289062;7
2024-10-21 13:12:00+02:00;547.501220703125;547.501220703125;547.501220703125;547.501220703125;547.501220703125;4
2024-10-21 13:13:00+02:00;547.4757080078125;547.4757080078125;547.4757080078125;547.4757080078125;547.4757080078125;1
2024-10-21 13:14:00+02:00;547.4075927734375;547.4075927734375;547.4075927734375;547.4075927734375;547.4075927734375;1
2024-10-21 13:15:00+02:00;547.4075927734375;547.4718017578125;547.4075927734375;547.4718017578125;547.4718017578125;2
2024-10-21 13:17:00+02:00;547.073486328125;547.073486328125;546.9000244140625;546.9000244140625;546.9000244140625;35
2024-10-21 13:19:00+02:00;547.1325073242188;547.208984375;547.1325073242188;547.208984375;547.208984375;6
2024-10-21 13:21:00+02:00;547.1878051757812;547.1878051757812;547.1878051757812;547.1878051757812;547.1878051757812;1
2024-10-21 13:22:00+02:00;547.1878051757812;547.1878051757812;547.1878051757812;547.1878051757812;547.1878051757812;4
2024-10-21 13:23:00+02:00;546.7999877929688;546.7999877929688;546.7999877929688;546.7999877929688;546.7999877929688;8
2024-10-21 13:25:00+02:00;547.106201171875;547.106201171875;546.7999877929688;546.7999877929688;546.7999877929688;5
2024-10-21 13:27:00+02:00;546.9932861328125;546.9932861328125;546.9932861328125;546.9932861328125;546.9932861328125;6
2024-10-21 13:28:00+02:00;546.6082763671875;546.9151000976562;546.6082763671875;546.9151000976562;546.9151000976562;27
2024-10-21 13:29:00+02:00;546.9151000976562;546.9468994140625;546.9151000976562;546.9468994140625;546.9468994140625;12
2024-10-21 13:30:00+02:00;546.8233032226562;546.8233032226562;546.8233032226562;546.8233032226562;546.8233032226562;1
2024-10-21 13:31:00+02:00;546.8751831054688;546.8751831054688;546.8751831054688;546.8751831054688;546.8751831054688;1
2024-10-21 13:32:00+02:00;547.1146240234375;547.1146240234375;547.1146240234375;547.1146240234375;547.1146240234375;1
2024-10-21 13:33:00+02:00;547.2308959960938;547.2308959960938;547.1702270507812;547.1901245117188;547.1901245117188;4
2024-10-21 13:34:00+02:00;547.0;547.1795043945312;547.0;547.1795043945312;547.1795043945312;3
2024-10-21 13:36:00+02:00;547.1679077148438;547.1679077148438;547.1588745117188;547.1613159179688;547.1613159179688;4
2024-10-21 13:37:00+02:00;547.0;547.0;546.8961181640625;546.8961181640625;546.8961181640625;3
2024-10-21 13:38:00+02:00;547.1270141601562;547.1270141601562;547.1270141601562;547.1270141601562;547.1270141601562;4
2024-10-21 13:39:00+02:00;547.1270141601562;547.1270141601562;547.1181030273438;547.1181030273438;547.1181030273438;2
2024-10-21 13:40:00+02:00;547.1104125976562;547.1104125976562;547.1104125976562;547.1104125976562;547.1104125976562;203
2024-10-21 13:41:00+02:00;547.1885986328125;547.1885986328125;547.1885986328125;547.1885986328125;547.1885986328125;10
2024-10-21 13:42:00+02:00;546.9000244140625;546.9000244140625;546.8707275390625;546.8707275390625;546.8707275390625;2
2024-10-21 13:45:00+02:00;547.1635131835938;547.20361328125;547.1635131835938;547.20361328125;547.20361328125;11
2024-10-21 13:46:00+02:00;547.1514282226562;547.1514282226562;546.6826171875;546.6826171875;546.6826171875;3
2024-10-21 13:47:00+02:00;547.063720703125;547.063720703125;547.063720703125;547.063720703125;547.063720703125;5
2024-10-21 13:48:00+02:00;547.063720703125;547.063720703125;547.063720703125;547.063720703125;547.063720703125;1
2024-10-21 13:49:00+02:00;547.0670776367188;547.1727905273438;547.0670166015625;547.1727905273438;547.1727905273438;4
2024-10-21 13:50:00+02:00;547.0;547.0;547.0;547.0;547.0;1
2024-10-21 13:51:00+02:00;546.7733154296875;546.7733154296875;546.7733154296875;546.7733154296875;546.7733154296875;20
2024-10-21 13:52:00+02:00;546.75;546.75;546.75;546.75;546.75;1
2024-10-21 13:54:00+02:00;546.9362182617188;546.9362182617188;546.9362182617188;546.9362182617188;546.9362182617188;2
2024-10-21 13:56:00+02:00;546.943115234375;546.943115234375;546.943115234375;546.943115234375;546.943115234375;5
2024-10-21 13:57:00+02:00;546.9368896484375;546.9368896484375;546.9368896484375;546.9368896484375;546.9368896484375;1
2024-10-21 13:58:00+02:00;546.9094848632812;546.9094848632812;546.9094848632812;546.9094848632812;546.9094848632812;15
2024-10-21 14:00:00+02:00;546.6500244140625;546.839599609375;546.6500244140625;546.839599609375;546.839599609375;8
2024-10-21 14:01:00+02:00;546.794921875;546.794921875;546.794921875;546.794921875;546.794921875;1
2024-10-21 14:02:00+02:00;546.9055786132812;546.9055786132812;546.9055786132812;546.9055786132812;546.9055786132812;10
2024-10-21 14:04:00+02:00;546.97509765625;546.97509765625;546.97509765625;546.97509765625;546.97509765625;1
2024-10-21 14:05:00+02:00;546.9407958984375;547.0446166992188;546.9407958984375;547.0446166992188;547.0446166992188;12
2024-10-21 14:10:00+02:00;547.03857421875;547.03857421875;547.03857421875;547.03857421875;547.03857421875;1
2024-10-21 14:11:00+02:00;547.03857421875;547.03857421875;547.03857421875;547.03857421875;547.03857421875;3
2024-10-21 14:15:00+02:00;547.03857421875;547.03857421875;547.03857421875;547.03857421875;547.03857421875;5
2024-10-21 14:16:00+02:00;547.3118286132812;547.3118286132812;547.3118286132812;547.3118286132812;547.3118286132812;10
2024-10-21 14:17:00+02:00;547.3218994140625;547.3218994140625;547.3214721679688;547.3214721679688;547.3214721679688;3
2024-10-21 14:18:00+02:00;547.3192749023438;547.3192749023438;547.2567749023438;547.2567749023438;547.2567749023438;4
2024-10-21 14:22:00+02:00;547.2681884765625;547.2681884765625;547.2681884765625;547.2681884765625;547.2681884765625;6
2024-10-21 14:24:00+02:00;547.2982177734375;547.2982177734375;547.2495727539062;547.2495727539062;547.2495727539062;2
2024-10-21 14:25:00+02:00;547.2999877929688;547.2999877929688;547.2999877929688;547.2999877929688;547.2999877929688;5
2024-10-21 14:27:00+02:00;547.28662109375;547.28662109375;547.28662109375;547.28662109375;547.28662109375;5
2024-10-21 14:29:00+02:00;547.2000122070312;547.2000122070312;547.2000122070312;547.2000122070312;547.2000122070312;1
2024-10-21 14:33:00+02:00;547.2783813476562;547.2783813476562;547.2783813476562;547.2783813476562;547.2783813476562;1
2024-10-21 14:34:00+02:00;547.3947143554688;547.3947143554688;547.3947143554688;547.3947143554688;547.3947143554688;4
2024-10-21 14:37:00+02:00;547.44970703125;547.44970703125;547.44970703125;547.44970703125;547.44970703125;4
2024-10-21 14:40:00+02:00;547.3096923828125;547.3096923828125;547.0999755859375;547.3096923828125;547.3096923828125;4
2024-10-21 14:41:00+02:00;547.3812866210938;547.3812866210938;547.3812866210938;547.3812866210938;547.3812866210938;6
2024-10-21 14:42:00+02:00;547.344482421875;547.344482421875;547.344482421875;547.344482421875;547.344482421875;1
2024-10-21 14:44:00+02:00;547.3699951171875;547.4588012695312;547.3699951171875;547.4588012695312;547.4588012695312;2
2024-10-21 14:46:00+02:00;547.2999877929688;547.2999877929688;547.2999877929688;547.2999877929688;547.2999877929688;1
2024-10-21 14:47:00+02:00;547.381103515625;547.381103515625;547.381103515625;547.381103515625;547.381103515625;3
2024-10-21 14:49:00+02:00;547.4791259765625;547.4791259765625;547.4791259765625;547.4791259765625;547.4791259765625;3
2024-10-21 14:51:00+02:00;547.4193725585938;547.4193725585938;547.4193725585938;547.4193725585938;547.4193725585938;10
2024-10-21 14:52:00+02:00;547.35498046875;547.3878173828125;547.35498046875;547.3878173828125;547.3878173828125;14
2024-10-21 14:53:00+02:00;547.3878173828125;547.3878173828125;547.3878173828125;547.3878173828125;547.3878173828125;4
2024-10-21 14:54:00+02:00;547.4598999023438;547.4598999023438;547.4598999023438;547.4598999023438;547.4598999023438;6
2024-10-21 14:55:00+02:00;547.561279296875;547.561279296875;547.561279296875;547.561279296875;547.561279296875;3
2024-10-21 14:57:00+02:00;547.4575805664062;547.4575805664062;547.4575805664062;547.4575805664062;547.4575805664062;2
2024-10-21 14:59:00+02:00;547.52197265625;547.52197265625;547.4694213867188;547.4694213867188;547.4694213867188;2
2024-10-21 15:03:00+02:00;547.5238037109375;547.5238037109375;547.5238037109375;547.5238037109375;547.5238037109375;2
2024-10-21 15:06:00+02:00;547.5753173828125;547.5753173828125;547.5753173828125;547.5753173828125;547.5753173828125;1
2024-10-21 15:08:00+02:00;547.6586303710938;547.6685791015625;547.6586303710938;547.6685791015625;547.6685791015625;4
2024-10-21 15:09:00+02:00;547.6685791015625;547.6685791015625;547.6685791015625;547.6685791015625;547.6685791015625;3
2024-10-21 15:10:00+02:00;547.6685791015625;547.6685791015625;547.6685791015625;547.6685791015625;547.6685791015625;6
2024-10-21 15:12:00+02:00;547.6685791015625;547.6685791015625;547.6685791015625;547.6685791015625;547.6685791015625;2
2024-10-21 15:13:00+02:00;547.7263793945312;547.752685546875;547.7263793945312;547.752685546875;547.752685546875;2
2024-10-21 15:14:00+02:00;547.8117065429688;547.8117065429688;547.8117065429688;547.8117065429688;547.8117065429688;4
2024-10-21 15:15:00+02:00;547.8117065429688;547.8563232421875;547.8117065429688;547.8563232421875;547.8563232421875;19
2024-10-21 15:16:00+02:00;547.8300170898438;547.8300170898438;547.8300170898438;547.8300170898438;547.8300170898438;30
2024-10-21 15:17:00+02:00;547.8665771484375;547.8665771484375;547.8665771484375;547.8665771484375;547.8665771484375;1
2024-10-21 15:19:00+02:00;547.9354858398438;547.9354858398438;547.9237060546875;547.9237060546875;547.9237060546875;42
2024-10-21 15:21:00+02:00;547.9564208984375;547.9564208984375;547.9564208984375;547.9564208984375;547.9564208984375;6
2024-10-21 15:22:00+02:00;547.9985961914062;547.9985961914062;547.998291015625;547.998291015625;547.998291015625;6
2024-10-21 15:23:00+02:00;547.986328125;547.9998779296875;547.986328125;547.9998779296875;547.9998779296875;2
2024-10-21 15:24:00+02:00;548.0;548.0;548.0;548.0;548.0;2
2024-10-21 15:25:00+02:00;548.0;548.0;548.0;548.0;548.0;2
2024-10-21 15:26:00+02:00;548.0;548.0498046875;547.7376098632812;547.7376098632812;547.7376098632812;41
2024-10-21 15:28:00+02:00;548.0200805664062;548.0200805664062;548.0200805664062;548.0200805664062;548.0200805664062;6
2024-10-21 15:30:00+02:00;548.1948852539062;548.2144775390625;548.1948852539062;548.2028198242188;548.2028198242188;40
2024-10-21 15:31:00+02:00;548.4464111328125;548.5255737304688;548.4464111328125;548.5255737304688;548.5255737304688;4
2024-10-21 15:32:00+02:00;548.3687744140625;548.3687744140625;548.3687744140625;548.3687744140625;548.3687744140625;1
2024-10-21 15:33:00+02:00;548.4456787109375;548.4456787109375;548.4453735351562;548.4453735351562;548.4453735351562;2
2024-10-21 15:34:00+02:00;548.4456176757812;548.4456176757812;548.4456176757812;548.4456176757812;548.4456176757812;6
2024-10-21 15:35:00+02:00;548.155029296875;548.155029296875;548.155029296875;548.155029296875;548.155029296875;20
2024-10-21 15:36:00+02:00;548.3218994140625;548.3218994140625;548.3218994140625;548.3218994140625;548.3218994140625;1
2024-10-21 15:37:00+02:00;548.49609375;548.49609375;548.49609375;548.49609375;548.49609375;1
2024-10-21 15:38:00+02:00;548.3027954101562;548.3027954101562;548.3027954101562;548.3027954101562;548.3027954101562;9
2024-10-21 15:40:00+02:00;547.85107421875;547.85107421875;547.7991943359375;547.7991943359375;547.7991943359375;32
2024-10-21 15:42:00+02:00;548.223876953125;548.223876953125;548.223876953125;548.223876953125;548.223876953125;7
2024-10-21 15:43:00+02:00;548.1497192382812;548.1497192382812;548.1497192382812;548.1497192382812;548.1497192382812;1
2024-10-21 15:46:00+02:00;548.3383178710938;548.3383178710938;548.3383178710938;548.3383178710938;548.3383178710938;1
2024-10-21 15:47:00+02:00;548.3980102539062;548.3980102539062;548.3980102539062;548.3980102539062;548.3980102539062;2
2024-10-21 15:48:00+02:00;548.552490234375;548.552490234375;548.552490234375;548.552490234375;548.552490234375;1
2024-10-21 15:49:00+02:00;548.552490234375;548.552490234375;548.552490234375;548.552490234375;548.552490234375;7
2024-10-21 15:50:00+02:00;548.552490234375;548.552490234375;548.552490234375;548.552490234375;548.552490234375;18
2024-10-21 15:51:00+02:00;548.797119140625;548.797119140625;548.797119140625;548.797119140625;548.797119140625;4
2024-10-21 15:52:00+02:00;548.796875;548.796875;548.4556274414062;548.4556274414062;548.4556274414062;4
2024-10-21 15:56:00+02:00;548.7297973632812;548.7297973632812;548.7297973632812;548.7297973632812;548.7297973632812;2
2024-10-21 15:58:00+02:00;548.78271484375;548.78271484375;548.78271484375;548.78271484375;548.78271484375;1
2024-10-21 15:59:00+02:00;548.4500122070312;548.62451171875;548.4500122070312;548.62451171875;548.62451171875;58
2024-10-21 16:03:00+02:00;548.7642211914062;548.7642211914062;548.7642211914062;548.7642211914062;548.7642211914062;1
2024-10-21 16:04:00+02:00;548.6201171875;548.6201171875;548.6201171875;548.6201171875;548.6201171875;1
2024-10-21 16:05:00+02:00;548.6987915039062;548.6987915039062;548.6987915039062;548.6987915039062;548.6987915039062;9
2024-10-21 16:11:00+02:00;548.7899780273438;548.7899780273438;548.7899780273438;548.7899780273438;548.7899780273438;17
2024-10-21 16:13:00+02:00;548.4146728515625;548.4146728515625;548.4146728515625;548.4146728515625;548.4146728515625;4
2024-10-21 16:14:00+02:00;548.7297973632812;548.7297973632812;548.7297973632812;548.7297973632812;548.7297973632812;2
2024-10-21 16:15:00+02:00;548.789794921875;548.789794921875;548.789794921875;548.789794921875;548.789794921875;1
2024-10-21 16:16:00+02:00;548.7899780273438;548.9719848632812;548.7899780273438;548.9719848632812;548.9719848632812;115
2024-10-21 16:18:00+02:00;549.0128784179688;549.0128784179688;549.0128784179688;549.0128784179688;549.0128784179688;2
2024-10-21 16:19:00+02:00;549.0128784179688;549.0128784179688;548.6295776367188;548.6295776367188;548.6295776367188;4
2024-10-21 16:20:00+02:00;548.9384765625;548.9384765625;548.7999877929688;548.7999877929688;548.7999877929688;2
2024-10-21 16:21:00+02:00;548.9302978515625;548.9302978515625;548.9302978515625;548.9302978515625;548.9302978515625;2
2024-10-21 16:22:00+02:00;548.927001953125;548.927001953125;548.927001953125;548.927001953125;548.927001953125;4
2024-10-21 16:24:00+02:00;548.9312133789062;548.9312133789062;548.9312133789062;548.9312133789062;548.9312133789062;1
2024-10-21 16:25:00+02:00;548.6400146484375;548.6400146484375;548.6300048828125;548.6300048828125;548.6300048828125;14
2024-10-21 16:26:00+02:00;548.5482177734375;548.5482177734375;548.5482177734375;548.5482177734375;548.5482177734375;1
2024-10-21 16:29:00+02:00;548.4066772460938;548.4069213867188;548.4066772460938;548.4069213867188;548.4069213867188;2
2024-10-21 16:30:00+02:00;548.4067993164062;548.4067993164062;548.4053955078125;548.4053955078125;548.4053955078125;12
2024-10-21 16:31:00+02:00;548.032470703125;548.2318115234375;548.032470703125;548.2318115234375;548.2318115234375;16
2024-10-21 16:33:00+02:00;548.239990234375;548.239990234375;548.239990234375;548.239990234375;548.239990234375;1
2024-10-21 16:38:00+02:00;548.2360229492188;548.2360229492188;548.2360229492188;548.2360229492188;548.2360229492188;1
2024-10-21 16:39:00+02:00;548.0;548.0;548.0;548.0;548.0;4
2024-10-21 16:40:00+02:00;547.9500122070312;547.9500122070312;547.6522216796875;547.6892700195312;547.6892700195312;194
2024-10-21 16:43:00+02:00;547.94677734375;547.9468994140625;547.94677734375;547.9468994140625;547.9468994140625;14
2024-10-21 16:46:00+02:00;547.1221923828125;547.244384765625;547.0;547.244384765625;547.244384765625;29
2024-10-21 16:47:00+02:00;547.4744873046875;547.5444946289062;547.4744873046875;547.5444946289062;547.5444946289062;3
2024-10-21 16:50:00+02:00;547.5689086914062;547.5689086914062;547.5689086914062;547.5689086914062;547.5689086914062;1
2024-10-21 16:51:00+02:00;547.0549926757812;547.3472900390625;547.0549926757812;547.3472900390625;547.3472900390625;2
2024-10-21 16:52:00+02:00;547.1712036132812;547.1712036132812;547.1712036132812;547.1712036132812;547.1712036132812;5
2024-10-21 16:53:00+02:00;547.6314086914062;547.6334228515625;547.6300048828125;547.6334228515625;547.6334228515625;19
2024-10-21 16:56:00+02:00;547.5657958984375;547.5657958984375;547.2252807617188;547.2252807617188;547.2252807617188;3
2024-10-21 16:57:00+02:00;547.4791259765625;547.4791259765625;547.4791259765625;547.4791259765625;547.4791259765625;1
2024-10-21 16:58:00+02:00;547.4791259765625;547.4791259765625;547.4791259765625;547.4791259765625;547.4791259765625;4
2024-10-21 16:59:00+02:00;547.5374145507812;547.5374145507812;547.5374145507812;547.5374145507812;547.5374145507812;3
2024-10-21 17:02:00+02:00;546.8842163085938;546.8842163085938;546.8842163085938;546.8842163085938;546.8842163085938;29
2024-10-21 17:05:00+02:00;547.0903930664062;547.0903930664062;546.7999877929688;546.7999877929688;546.7999877929688;6
2024-10-21 17:07:00+02:00;546.7088012695312;546.7088012695312;546.5;546.5;546.5;3
2024-10-21 17:08:00+02:00;546.2000122070312;546.2000122070312;546.2000122070312;546.2000122070312;546.2000122070312;3
2024-10-21 17:10:00+02:00;546.4476928710938;546.4476928710938;546.4476928710938;546.4476928710938;546.4476928710938;1
2024-10-21 17:11:00+02:00;546.4476928710938;546.4476928710938;546.4476928710938;546.4476928710938;546.4476928710938;1
2024-10-21 17:12:00+02:00;546.4981079101562;546.72119140625;546.4981079101562;546.5;546.5;26
2024-10-21 17:13:00+02:00;546.7451782226562;546.7451782226562;546.7451782226562;546.7451782226562;546.7451782226562;1
2024-10-21 17:16:00+02:00;546.6951904296875;546.6953125;546.6951904296875;546.6953125;546.6953125;13
2024-10-21 17:17:00+02:00;546.5277709960938;546.5277709960938;546.5277709960938;546.5277709960938;546.5277709960938;2
2024-10-21 17:18:00+02:00;546.5225830078125;546.5225830078125;546.5225830078125;546.5225830078125;546.5225830078125;1
2024-10-21 17:19:00+02:00;546.52001953125;546.52001953125;546.52001953125;546.52001953125;546.52001953125;2
2024-10-21 17:20:00+02:00;546.6337890625;546.6337890625;546.6337890625;546.6337890625;546.6337890625;1
2024-10-21 17:21:00+02:00;546.5518188476562;546.6146240234375;546.551513671875;546.551513671875;546.551513671875;6
2024-10-21 17:22:00+02:00;546.4801025390625;546.4979248046875;546.4801025390625;546.4979248046875;546.4979248046875;27
2024-10-21 17:23:00+02:00;546.2000732421875;546.4953002929688;546.2000732421875;546.4953002929688;546.4953002929688;12
2024-10-21 17:24:00+02:00;546.25;546.4776000976562;546.25;546.4776000976562;546.4776000976562;2
2024-10-21 17:25:00+02:00;546.4744262695312;546.4744262695312;546.4744262695312;546.4744262695312;546.4744262695312;2
2024-10-21 17:26:00+02:00;546.4782104492188;546.4782104492188;546.4782104492188;546.4782104492188;546.4782104492188;6
2024-10-21 17:27:00+02:00;546.356201171875;546.4783935546875;546.356201171875;546.4783935546875;546.4783935546875;35
2024-10-21 17:28:00+02:00;546.2000122070312;546.2000122070312;546.1646728515625;546.1646728515625;546.1646728515625;21
