Datetime;Open;High;Low;Close;Adj Close;Volume
2024-11-26 09:04:00+01:00;572.0305786132812;572.0305786132812;572.0;572.0;572.0;0
2024-11-26 09:05:00+01:00;572.3773803710938;572.4451293945312;572.080078125;572.4439697265625;572.4439697265625;182
2024-11-26 09:06:00+01:00;572.2619018554688;572.2619018554688;571.8662719726562;571.8662719726562;571.8662719726562;5
2024-11-26 09:07:00+01:00;572.2606811523438;572.2606811523438;572.1511840820312;572.1511840820312;572.1511840820312;8
2024-11-26 09:08:00+01:00;572.136474609375;572.136474609375;572.136474609375;572.136474609375;572.136474609375;2
2024-11-26 09:09:00+01:00;572.07177734375;572.07177734375;571.7999877929688;571.7999877929688;571.7999877929688;6
2024-11-26 09:10:00+01:00;571.8499755859375;571.8953857421875;571.8499755859375;571.8953857421875;571.8953857421875;2
2024-11-26 09:11:00+01:00;571.8355712890625;571.8355712890625;571.509521484375;571.509521484375;571.509521484375;23
2024-11-26 09:12:00+01:00;571.8994140625;571.8994140625;571.8994140625;571.8994140625;571.8994140625;1
2024-11-26 09:13:00+01:00;572.26171875;572.2619018554688;572.2559204101562;572.26171875;572.26171875;17
2024-11-26 09:14:00+01:00;571.810302734375;571.810302734375;571.810302734375;571.810302734375;571.810302734375;10
2024-11-26 09:15:00+01:00;572.1326293945312;572.1326293945312;572.1326293945312;572.1326293945312;572.1326293945312;3
2024-11-26 09:16:00+01:00;572.0504150390625;572.0504760742188;571.771728515625;571.771728515625;571.771728515625;20
2024-11-26 09:18:00+01:00;572.010009765625;572.2294921875;572.010009765625;572.2203979492188;572.2203979492188;5
2024-11-26 09:21:00+01:00;571.5;571.5;571.5;571.5;571.5;4
2024-11-26 09:22:00+01:00;571.5;571.69921875;571.4647827148438;571.69921875;571.69921875;19
2024-11-26 09:23:00+01:00;571.6962890625;571.6962890625;571.3499755859375;571.5792846679688;571.5792846679688;57
2024-11-26 09:24:00+01:00;571.4852294921875;571.5430908203125;571.4852294921875;571.5430908203125;571.5430908203125;29
2024-11-26 09:25:00+01:00;571.1538696289062;571.1538696289062;571.1538696289062;571.1538696289062;571.1538696289062;1
2024-11-26 09:26:00+01:00;571.6387939453125;571.6387939453125;571.6387939453125;571.6387939453125;571.6387939453125;1
2024-11-26 09:27:00+01:00;571.492919921875;571.492919921875;571.492919921875;571.492919921875;571.492919921875;4
2024-11-26 09:28:00+01:00;571.6160888671875;571.6439819335938;571.6160888671875;571.6439819335938;571.6439819335938;38
2024-11-26 09:30:00+01:00;571.6112060546875;571.64599609375;571.4099731445312;571.6157836914062;571.6157836914062;12
2024-11-26 09:31:00+01:00;571.4099731445312;571.6099853515625;571.3826904296875;571.6099853515625;571.6099853515625;24
2024-11-26 09:32:00+01:00;571.4777221679688;571.4777221679688;571.1500244140625;571.1500244140625;571.1500244140625;29
2024-11-26 09:33:00+01:00;571.4343872070312;571.4343872070312;571.4343872070312;571.4343872070312;571.4343872070312;3
2024-11-26 09:35:00+01:00;571.6213989257812;571.6823120117188;571.4912109375;571.5718994140625;571.5718994140625;31
2024-11-26 09:36:00+01:00;571.444580078125;571.4907836914062;571.2999877929688;571.2999877929688;571.2999877929688;24
2024-11-26 09:37:00+01:00;571.44140625;571.44140625;571.4359130859375;571.4359130859375;571.4359130859375;8
2024-11-26 09:38:00+01:00;571.497314453125;571.497314453125;571.497314453125;571.497314453125;571.497314453125;1
2024-11-26 09:39:00+01:00;571.4970092773438;571.4970092773438;571.4970092773438;571.4970092773438;571.4970092773438;1
2024-11-26 09:41:00+01:00;571.4713134765625;571.4721069335938;571.4713134765625;571.4721069335938;571.4721069335938;9
2024-11-26 09:42:00+01:00;571.5103149414062;571.5103149414062;571.1201171875;571.1201171875;571.1201171875;2
2024-11-26 09:46:00+01:00;571.59521484375;571.59521484375;571.4459228515625;571.4459228515625;571.4459228515625;21
2024-11-26 09:50:00+01:00;571.45068359375;571.6339111328125;571.1452026367188;571.1452026367188;571.1452026367188;71
2024-11-26 09:52:00+01:00;571.5;571.5;571.5;571.5;571.5;20
2024-11-26 09:53:00+01:00;571.4998779296875;571.4998779296875;571.4887084960938;571.4887084960938;571.4887084960938;20
2024-11-26 09:54:00+01:00;571.4887084960938;571.4998168945312;571.1661987304688;571.1661987304688;571.1661987304688;26
2024-11-26 09:55:00+01:00;571.1199951171875;571.1199951171875;571.0;571.0;571.0;17
2024-11-26 09:56:00+01:00;571.1607055664062;571.2357788085938;571.0787963867188;571.0787963867188;571.0787963867188;59
2024-11-26 09:57:00+01:00;571.247314453125;571.247314453125;570.91748046875;570.91748046875;570.91748046875;25
2024-11-26 09:58:00+01:00;571.0133056640625;571.2926025390625;571.0133056640625;571.2926025390625;571.2926025390625;28
2024-11-26 10:00:00+01:00;571.2608032226562;571.2608032226562;571.2608032226562;571.2608032226562;571.2608032226562;1
2024-11-26 10:01:00+01:00;570.9500122070312;571.2567749023438;570.9500122070312;571.2567749023438;571.2567749023438;7
2024-11-26 10:02:00+01:00;571.0311889648438;571.0311889648438;571.0311889648438;571.0311889648438;571.0311889648438;1
2024-11-26 10:03:00+01:00;571.08740234375;571.08740234375;570.5905151367188;570.89501953125;570.89501953125;22
2024-11-26 10:04:00+01:00;570.8701782226562;571.0123291015625;570.8701782226562;571.0123291015625;571.0123291015625;5
2024-11-26 10:05:00+01:00;571.153076171875;571.16748046875;571.153076171875;571.16748046875;571.16748046875;2
2024-11-26 10:06:00+01:00;571.1929931640625;571.1929931640625;571.1929931640625;571.1929931640625;571.1929931640625;2
2024-11-26 10:07:00+01:00;571.0;571.0;571.0;571.0;571.0;1
2024-11-26 10:08:00+01:00;571.1156005859375;571.1156005859375;571.0421752929688;571.0421752929688;571.0421752929688;6
2024-11-26 10:09:00+01:00;571.05322265625;571.093994140625;571.04150390625;571.093994140625;571.093994140625;42
2024-11-26 10:10:00+01:00;571.188720703125;571.2042236328125;570.8900756835938;571.0607299804688;571.0607299804688;49
2024-11-26 10:11:00+01:00;571.10888671875;571.10888671875;571.10888671875;571.10888671875;571.10888671875;1
2024-11-26 10:12:00+01:00;570.7999877929688;570.9229125976562;570.7999877929688;570.9229125976562;570.9229125976562;2
2024-11-26 10:13:00+01:00;570.7816772460938;570.7816772460938;570.405029296875;570.6668090820312;570.6668090820312;57
2024-11-26 10:14:00+01:00;570.6668090820312;570.6668090820312;570.6668090820312;570.6668090820312;570.6668090820312;3
2024-11-26 10:15:00+01:00;570.6668090820312;570.6668090820312;570.375;570.6668090820312;570.6668090820312;10
2024-11-26 10:16:00+01:00;570.6668701171875;570.6668701171875;570.6668701171875;570.6668701171875;570.6668701171875;1
2024-11-26 10:17:00+01:00;570.7785034179688;570.7785034179688;570.7785034179688;570.7785034179688;570.7785034179688;2
2024-11-26 10:18:00+01:00;570.8233032226562;570.8488159179688;570.8233032226562;570.8488159179688;570.8488159179688;3
2024-11-26 10:19:00+01:00;570.8300170898438;570.8300170898438;570.780029296875;570.780029296875;570.780029296875;3
2024-11-26 10:20:00+01:00;570.9326171875;571.0582275390625;570.9326171875;571.0582275390625;571.0582275390625;30
2024-11-26 10:22:00+01:00;570.9949951171875;570.9951171875;570.9713134765625;570.9713134765625;570.9713134765625;21
2024-11-26 10:23:00+01:00;571.0300903320312;571.0316162109375;570.9819946289062;571.0316162109375;571.0316162109375;9
2024-11-26 10:24:00+01:00;571.0198974609375;571.0198974609375;571.0198974609375;571.0198974609375;571.0198974609375;1
2024-11-26 10:25:00+01:00;571.0230712890625;571.0230712890625;571.0230712890625;571.0230712890625;571.0230712890625;2
2024-11-26 10:26:00+01:00;571.2326049804688;571.2326049804688;571.1867065429688;571.1867065429688;571.1867065429688;7
2024-11-26 10:27:00+01:00;571.2705078125;571.2705078125;571.2705078125;571.2705078125;571.2705078125;10
2024-11-26 10:28:00+01:00;571.2000122070312;571.286376953125;571.010498046875;571.010498046875;571.010498046875;17
2024-11-26 10:29:00+01:00;571.4083862304688;571.4083862304688;571.0225219726562;571.4083862304688;571.4083862304688;8
2024-11-26 10:30:00+01:00;571.4680786132812;571.4680786132812;571.4677734375;571.4677734375;571.4677734375;14
2024-11-26 10:31:00+01:00;571.4976806640625;571.4998779296875;571.4976806640625;571.4998779296875;571.4998779296875;11
2024-11-26 10:32:00+01:00;571.4976196289062;571.4976806640625;571.4976196289062;571.4976806640625;571.4976806640625;11
2024-11-26 10:33:00+01:00;571.4976806640625;571.4976806640625;571.4976806640625;571.4976806640625;571.4976806640625;3
2024-11-26 10:34:00+01:00;571.4976806640625;571.4998779296875;571.4976806640625;571.4998779296875;571.4998779296875;57
2024-11-26 10:35:00+01:00;571.4799194335938;571.4998779296875;571.4799194335938;571.4998779296875;571.4998779296875;6
2024-11-26 10:37:00+01:00;571.4500122070312;571.4924926757812;571.1630859375;571.1630859375;571.1630859375;25
2024-11-26 10:38:00+01:00;571.4196166992188;571.4199829101562;571.4196166992188;571.4199829101562;571.4199829101562;3
2024-11-26 10:39:00+01:00;571.4998779296875;571.5;571.4998779296875;571.5;571.5;2
2024-11-26 10:40:00+01:00;571.5;571.5;571.2999877929688;571.5;571.5;4
2024-11-26 10:41:00+01:00;571.5;571.5;571.5;571.5;571.5;15
2024-11-26 10:42:00+01:00;571.5;571.5;571.5;571.5;571.5;10
2024-11-26 10:44:00+01:00;571.5;571.5;571.4876098632812;571.4876098632812;571.4876098632812;12
2024-11-26 10:45:00+01:00;571.3609008789062;571.3609008789062;571.3609008789062;571.3609008789062;571.3609008789062;18
2024-11-26 10:47:00+01:00;571.0028076171875;571.07958984375;570.955810546875;571.07958984375;571.07958984375;60
2024-11-26 10:48:00+01:00;570.8046264648438;570.8046264648438;570.8046264648438;570.8046264648438;570.8046264648438;10
2024-11-26 10:49:00+01:00;570.8004760742188;571.1192016601562;570.8004760742188;571.1192016601562;571.1192016601562;11
2024-11-26 10:50:00+01:00;570.9000244140625;571.17138671875;570.9000244140625;571.1710815429688;571.1710815429688;57
2024-11-26 10:52:00+01:00;571.201904296875;571.201904296875;571.201904296875;571.201904296875;571.201904296875;4
2024-11-26 10:53:00+01:00;571.205810546875;571.205810546875;571.205810546875;571.205810546875;571.205810546875;4
2024-11-26 10:56:00+01:00;571.3143920898438;571.3143920898438;571.3143920898438;571.3143920898438;571.3143920898438;2
2024-11-26 10:59:00+01:00;571.0;571.1649169921875;571.0;571.1649169921875;571.1649169921875;4
2024-11-26 11:00:00+01:00;571.1937255859375;571.3121948242188;571.1937255859375;571.3121948242188;571.3121948242188;14
2024-11-26 11:02:00+01:00;571.07568359375;571.4486083984375;571.07568359375;571.4486083984375;571.4486083984375;15
2024-11-26 11:05:00+01:00;571.4840698242188;571.4840698242188;571.4840698242188;571.4840698242188;571.4840698242188;1
2024-11-26 11:06:00+01:00;571.1193237304688;571.3983154296875;571.1193237304688;571.2861938476562;571.2861938476562;23
2024-11-26 11:07:00+01:00;571.2409057617188;571.2409057617188;571.2409057617188;571.2409057617188;571.2409057617188;1
2024-11-26 11:08:00+01:00;571.2316284179688;571.2316284179688;571.2316284179688;571.2316284179688;571.2316284179688;1
2024-11-26 11:09:00+01:00;571.2808227539062;571.2808227539062;571.253173828125;571.253173828125;571.253173828125;16
2024-11-26 11:10:00+01:00;571.2000122070312;571.2000122070312;571.2000122070312;571.2000122070312;571.2000122070312;2
2024-11-26 11:11:00+01:00;571.3493041992188;571.3493041992188;571.3493041992188;571.3493041992188;571.3493041992188;4
2024-11-26 11:12:00+01:00;571.336181640625;571.336181640625;571.331787109375;571.331787109375;571.331787109375;14
2024-11-26 11:13:00+01:00;571.3453979492188;571.3453979492188;571.3453979492188;571.3453979492188;571.3453979492188;7
2024-11-26 11:15:00+01:00;571.3355712890625;571.3355712890625;571.3355712890625;571.3355712890625;571.3355712890625;3
2024-11-26 11:16:00+01:00;571.3834838867188;571.3941040039062;571.3834838867188;571.3941040039062;571.3941040039062;8
2024-11-26 11:18:00+01:00;571.351318359375;571.351318359375;571.351318359375;571.351318359375;571.351318359375;6
2024-11-26 11:19:00+01:00;571.2886962890625;571.2886962890625;571.264404296875;571.264404296875;571.264404296875;10
2024-11-26 11:20:00+01:00;571.2109985351562;571.2109985351562;571.0;571.1959838867188;571.1959838867188;6
2024-11-26 11:23:00+01:00;571.1339111328125;571.1600952148438;571.1331787109375;571.1600952148438;571.1600952148438;13
2024-11-26 11:24:00+01:00;571.1594848632812;571.1594848632812;571.1594848632812;571.1594848632812;571.1594848632812;1
2024-11-26 11:25:00+01:00;570.8499755859375;570.8499755859375;570.7999877929688;570.7999877929688;570.7999877929688;8
2024-11-26 11:26:00+01:00;570.9942016601562;570.9942016601562;570.9942016601562;570.9942016601562;570.9942016601562;1
2024-11-26 11:27:00+01:00;570.8839111328125;570.8839111328125;570.8275146484375;570.8275146484375;570.8275146484375;7
2024-11-26 11:28:00+01:00;570.8814086914062;570.89990234375;570.8814086914062;570.89990234375;570.89990234375;12
2024-11-26 11:31:00+01:00;570.6400146484375;570.6400146484375;570.6400146484375;570.6400146484375;570.6400146484375;1
2024-11-26 11:32:00+01:00;570.909912109375;570.909912109375;570.7805786132812;570.8353881835938;570.8353881835938;80
2024-11-26 11:33:00+01:00;570.8250732421875;570.8250732421875;570.5;570.5;570.5;55
2024-11-26 11:34:00+01:00;570.5;570.5;570.5;570.5;570.5;8
2024-11-26 11:35:00+01:00;570.3699951171875;570.3699951171875;570.2991943359375;570.2991943359375;570.2991943359375;13
2024-11-26 11:36:00+01:00;570.747314453125;570.7514038085938;570.747314453125;570.7514038085938;570.7514038085938;2
2024-11-26 11:37:00+01:00;570.3671264648438;570.7155151367188;570.3671264648438;570.7155151367188;570.7155151367188;2
2024-11-26 11:38:00+01:00;570.7000122070312;570.7000122070312;570.7000122070312;570.7000122070312;570.7000122070312;2
2024-11-26 11:39:00+01:00;570.8630981445312;570.8630981445312;570.8496704101562;570.8496704101562;570.8496704101562;9
2024-11-26 11:40:00+01:00;570.61181640625;570.61181640625;570.32373046875;570.6098022460938;570.6098022460938;73
2024-11-26 11:41:00+01:00;570.65380859375;570.65380859375;570.5;570.5;570.5;4
2024-11-26 11:42:00+01:00;570.6275024414062;570.6275024414062;570.3333740234375;570.6162719726562;570.6162719726562;6
2024-11-26 11:43:00+01:00;570.6057739257812;570.6057739257812;570.6057739257812;570.6057739257812;570.6057739257812;13
2024-11-26 11:45:00+01:00;570.6798706054688;570.718505859375;570.6798706054688;570.7000122070312;570.7000122070312;23
2024-11-26 11:46:00+01:00;570.8698120117188;570.8698120117188;570.5880737304688;570.5880737304688;570.5880737304688;7
2024-11-26 11:47:00+01:00;570.5183715820312;570.5183715820312;570.5183715820312;570.5183715820312;570.5183715820312;24
2024-11-26 11:48:00+01:00;570.6605224609375;570.6790771484375;570.6605224609375;570.6790771484375;570.6790771484375;9
2024-11-26 11:49:00+01:00;570.3359985351562;570.7244873046875;570.3359985351562;570.7244873046875;570.7244873046875;30
2024-11-26 11:50:00+01:00;570.8333129882812;570.8333129882812;570.8333129882812;570.8333129882812;570.8333129882812;4
2024-11-26 11:51:00+01:00;570.8626098632812;570.8800048828125;570.8037109375;570.8037109375;570.8037109375;32
2024-11-26 11:52:00+01:00;570.8798217773438;570.8798217773438;570.7999877929688;570.7999877929688;570.7999877929688;13
2024-11-26 11:53:00+01:00;570.9722900390625;571.0015258789062;570.9722900390625;571.0015258789062;571.0015258789062;7
2024-11-26 11:54:00+01:00;571.0321044921875;571.0321044921875;571.0321044921875;571.0321044921875;571.0321044921875;4
2024-11-26 11:55:00+01:00;571.0264282226562;571.0582885742188;571.0264282226562;571.0582885742188;571.0582885742188;7
2024-11-26 11:56:00+01:00;571.085205078125;571.085205078125;571.085205078125;571.085205078125;571.085205078125;4
2024-11-26 11:57:00+01:00;571.0899047851562;571.0899047851562;571.0899047851562;571.0899047851562;571.0899047851562;4
2024-11-26 11:58:00+01:00;571.1561889648438;571.1561889648438;571.1561889648438;571.1561889648438;571.1561889648438;4
2024-11-26 11:59:00+01:00;571.1954956054688;571.1954956054688;571.0645141601562;571.0645141601562;571.0645141601562;7
2024-11-26 12:00:00+01:00;571.1682739257812;571.1834716796875;571.1682739257812;571.1834716796875;571.1834716796875;5
2024-11-26 12:01:00+01:00;571.1522827148438;571.1522827148438;571.1522827148438;571.1522827148438;571.1522827148438;1
2024-11-26 12:02:00+01:00;571.0296020507812;571.0908203125;571.0296020507812;571.0908203125;571.0908203125;13
2024-11-26 12:03:00+01:00;571.0910034179688;571.1619262695312;571.0910034179688;571.1619262695312;571.1619262695312;5
2024-11-26 12:04:00+01:00;571.1950073242188;571.2739868164062;571.1950073242188;571.2739868164062;571.2739868164062;10
2024-11-26 12:06:00+01:00;571.1990966796875;571.3095703125;571.1990966796875;571.3095703125;571.3095703125;12
2024-11-26 12:08:00+01:00;571.5;571.5;571.5;571.5;571.5;5
2024-11-26 12:09:00+01:00;571.5;571.5368041992188;571.3699951171875;571.5368041992188;571.5368041992188;73
2024-11-26 12:10:00+01:00;571.4000244140625;571.4000244140625;571.4000244140625;571.4000244140625;571.4000244140625;3
2024-11-26 12:11:00+01:00;571.2880859375;571.47607421875;571.2880859375;571.4503784179688;571.4503784179688;15
2024-11-26 12:13:00+01:00;571.4136962890625;571.4136962890625;571.4136962890625;571.4136962890625;571.4136962890625;7
2024-11-26 12:14:00+01:00;571.4293823242188;571.4293823242188;571.4293823242188;571.4293823242188;571.4293823242188;4
2024-11-26 12:15:00+01:00;571.5512084960938;571.5512084960938;571.5512084960938;571.5512084960938;571.5512084960938;4
2024-11-26 12:16:00+01:00;571.6234130859375;571.6234130859375;571.6234130859375;571.6234130859375;571.6234130859375;5
2024-11-26 12:18:00+01:00;571.669189453125;571.669189453125;571.669189453125;571.669189453125;571.669189453125;6
2024-11-26 12:19:00+01:00;571.6063842773438;571.6063842773438;571.6063842773438;571.6063842773438;571.6063842773438;4
2024-11-26 12:20:00+01:00;571.682373046875;571.7586059570312;571.5634155273438;571.5634155273438;571.5634155273438;27
2024-11-26 12:21:00+01:00;571.786376953125;571.876220703125;571.786376953125;571.8699951171875;571.8699951171875;15
2024-11-26 12:23:00+01:00;571.8953857421875;571.8953857421875;571.4765014648438;571.4765014648438;571.4765014648438;46
2024-11-26 12:24:00+01:00;571.6729125976562;571.6729125976562;571.6729125976562;571.6729125976562;571.6729125976562;6
2024-11-26 12:25:00+01:00;571.7866821289062;571.7866821289062;571.7866821289062;571.7866821289062;571.7866821289062;2
2024-11-26 12:26:00+01:00;571.4207153320312;571.4207153320312;571.4207153320312;571.4207153320312;571.4207153320312;6
2024-11-26 12:28:00+01:00;571.5178833007812;571.5178833007812;571.5178833007812;571.5178833007812;571.5178833007812;4
2024-11-26 12:29:00+01:00;571.5468139648438;571.5468139648438;571.489501953125;571.489501953125;571.489501953125;8
2024-11-26 12:30:00+01:00;571.461181640625;571.461181640625;571.461181640625;571.461181640625;571.461181640625;4
2024-11-26 12:34:00+01:00;571.3197021484375;571.3197021484375;571.3197021484375;571.3197021484375;571.3197021484375;1
2024-11-26 12:35:00+01:00;571.4237060546875;571.4237060546875;571.4237060546875;571.4237060546875;571.4237060546875;2
2024-11-26 12:36:00+01:00;571.4837036132812;571.4837036132812;571.4492797851562;571.4492797851562;571.4492797851562;2
2024-11-26 12:39:00+01:00;571.2999877929688;571.2999877929688;571.2999877929688;571.2999877929688;571.2999877929688;4
2024-11-26 12:40:00+01:00;571.456787109375;571.456787109375;571.456787109375;571.456787109375;571.456787109375;5
2024-11-26 12:44:00+01:00;571.2847900390625;571.2847900390625;571.24658203125;571.24658203125;571.24658203125;100
2024-11-26 12:45:00+01:00;571.5610961914062;571.7196044921875;571.5610961914062;571.7196044921875;571.7196044921875;3
2024-11-26 12:46:00+01:00;571.6864013671875;571.6864013671875;571.6864013671875;571.6864013671875;571.6864013671875;1
2024-11-26 12:48:00+01:00;571.6655883789062;571.6655883789062;571.6655883789062;571.6655883789062;571.6655883789062;1
2024-11-26 12:49:00+01:00;571.7335815429688;571.7335815429688;571.7335815429688;571.7335815429688;571.7335815429688;1
2024-11-26 12:52:00+01:00;571.8150024414062;571.8150024414062;571.8150024414062;571.8150024414062;571.8150024414062;1
2024-11-26 12:54:00+01:00;572.0;572.0;572.0;572.0;572.0;1
2024-11-26 12:56:00+01:00;572.1279296875;572.1279296875;572.1279296875;572.1279296875;572.1279296875;1
2024-11-26 12:58:00+01:00;572.2376708984375;572.2852172851562;572.2301025390625;572.2301025390625;572.2301025390625;19
2024-11-26 12:59:00+01:00;572.2318725585938;572.2318725585938;572.2318725585938;572.2318725585938;572.2318725585938;9
2024-11-26 13:01:00+01:00;572.206787109375;572.206787109375;572.206787109375;572.206787109375;572.206787109375;1
2024-11-26 13:03:00+01:00;572.2615966796875;572.2615966796875;571.8613891601562;571.8613891601562;571.8613891601562;51
2024-11-26 13:05:00+01:00;572.0944213867188;572.0944213867188;571.8687744140625;571.8687744140625;571.8687744140625;9
2024-11-26 13:06:00+01:00;572.2340698242188;572.2340698242188;571.8624267578125;572.0;572.0;10
2024-11-26 13:08:00+01:00;572.3862915039062;572.3862915039062;572.3862915039062;572.3862915039062;572.3862915039062;2
2024-11-26 13:10:00+01:00;572.5194702148438;572.5195922851562;572.5194702148438;572.5195922851562;572.5195922851562;6
2024-11-26 13:14:00+01:00;572.0;572.0;572.0;572.0;572.0;9
2024-11-26 13:15:00+01:00;572.2271728515625;572.2271728515625;572.2205200195312;572.2205200195312;572.2205200195312;13
2024-11-26 13:16:00+01:00;571.8800048828125;571.9194946289062;571.7000122070312;571.9194946289062;571.9194946289062;18
2024-11-26 13:17:00+01:00;571.8956909179688;571.8956909179688;571.3499755859375;571.3499755859375;571.3499755859375;56
2024-11-26 13:18:00+01:00;571.490478515625;571.4906005859375;571.490478515625;571.4906005859375;571.4906005859375;52
2024-11-26 13:19:00+01:00;571.411376953125;571.416015625;571.411376953125;571.416015625;571.416015625;3
2024-11-26 13:21:00+01:00;571.452880859375;571.5202026367188;571.452880859375;571.5202026367188;571.5202026367188;37
2024-11-26 13:22:00+01:00;571.4910278320312;571.4910278320312;571.4890747070312;571.4890747070312;571.4890747070312;3
2024-11-26 13:23:00+01:00;571.1694946289062;571.1694946289062;571.1694946289062;571.1694946289062;571.1694946289062;7
2024-11-26 13:25:00+01:00;571.4677124023438;571.4677124023438;571.4055786132812;571.4548950195312;571.4548950195312;3
2024-11-26 13:26:00+01:00;571.3956909179688;571.3956909179688;571.3956909179688;571.3956909179688;571.3956909179688;2
2024-11-26 13:28:00+01:00;571.534912109375;571.5593872070312;571.534912109375;571.5593872070312;571.5593872070312;3
2024-11-26 13:31:00+01:00;571.50830078125;571.50830078125;571.50830078125;571.50830078125;571.50830078125;1
2024-11-26 13:32:00+01:00;571.382080078125;571.3822021484375;571.0999755859375;571.297119140625;571.297119140625;18
2024-11-26 13:33:00+01:00;571.0396118164062;571.2520141601562;571.0396118164062;571.2520141601562;571.2520141601562;3
2024-11-26 13:36:00+01:00;571.3225708007812;571.3226928710938;571.3225708007812;571.3226928710938;571.3226928710938;4
2024-11-26 13:37:00+01:00;571.3792114257812;571.3792114257812;571.3792114257812;571.3792114257812;571.3792114257812;4
2024-11-26 13:38:00+01:00;571.0;571.0;571.0;571.0;571.0;7
2024-11-26 13:39:00+01:00;571.2399291992188;571.2399291992188;571.2399291992188;571.2399291992188;571.2399291992188;2
2024-11-26 13:40:00+01:00;571.2711791992188;571.2711791992188;571.23291015625;571.23291015625;571.23291015625;10
2024-11-26 13:41:00+01:00;571.2432861328125;571.2432861328125;571.2003784179688;571.2003784179688;571.2003784179688;3
2024-11-26 13:43:00+01:00;571.4724731445312;571.4724731445312;571.4724731445312;571.4724731445312;571.4724731445312;7
2024-11-26 13:44:00+01:00;571.098876953125;571.486328125;571.098876953125;571.486328125;571.486328125;4
2024-11-26 13:45:00+01:00;571.5125732421875;571.5125732421875;571.4951171875;571.4951171875;571.4951171875;12
2024-11-26 13:47:00+01:00;571.4661865234375;571.4663696289062;571.4661865234375;571.4663696289062;571.4663696289062;8
2024-11-26 13:48:00+01:00;571.5372924804688;571.6010131835938;571.5372924804688;571.6010131835938;571.6010131835938;7
2024-11-26 13:50:00+01:00;571.778076171875;571.778076171875;571.778076171875;571.778076171875;571.778076171875;2
2024-11-26 13:51:00+01:00;571.826416015625;571.826416015625;571.815185546875;571.815185546875;571.815185546875;2
2024-11-26 13:52:00+01:00;571.8305053710938;571.8341064453125;571.8305053710938;571.8341064453125;571.8341064453125;6
2024-11-26 13:54:00+01:00;571.8419189453125;571.8419189453125;571.8419189453125;571.8419189453125;571.8419189453125;1
2024-11-26 13:55:00+01:00;571.9298095703125;571.9298095703125;571.9298095703125;571.9298095703125;571.9298095703125;18
2024-11-26 13:58:00+01:00;572.0;572.0;572.0;572.0;572.0;1
2024-11-26 14:01:00+01:00;572.2739868164062;572.2739868164062;572.2739868164062;572.2739868164062;572.2739868164062;2
2024-11-26 14:02:00+01:00;572.3201904296875;572.3201904296875;572.3201904296875;572.3201904296875;572.3201904296875;1
2024-11-26 14:03:00+01:00;572.280517578125;572.280517578125;572.2473754882812;572.2473754882812;572.2473754882812;4
2024-11-26 14:04:00+01:00;572.2540893554688;572.2540893554688;572.0;572.0;572.0;19
2024-11-26 14:05:00+01:00;571.8499755859375;571.8499755859375;571.8499755859375;571.8499755859375;571.8499755859375;1
2024-11-26 14:09:00+01:00;572.2678833007812;572.2678833007812;572.2678833007812;572.2678833007812;572.2678833007812;2
2024-11-26 14:11:00+01:00;572.3399047851562;572.3399047851562;572.3399047851562;572.3399047851562;572.3399047851562;1
2024-11-26 14:12:00+01:00;572.0;572.0;572.0;572.0;572.0;2
2024-11-26 14:13:00+01:00;572.1422729492188;572.1422729492188;572.1378784179688;572.1378784179688;572.1378784179688;5
2024-11-26 14:16:00+01:00;572.1024169921875;572.1694946289062;572.1024169921875;572.1694946289062;572.1694946289062;22
2024-11-26 14:17:00+01:00;572.1287841796875;572.1295776367188;572.1287841796875;572.1295776367188;572.1295776367188;2
2024-11-26 14:19:00+01:00;572.1300048828125;572.1300048828125;572.1300048828125;572.1300048828125;572.1300048828125;8
2024-11-26 14:21:00+01:00;572.5200805664062;572.5200805664062;572.5200805664062;572.5200805664062;572.5200805664062;2
2024-11-26 14:22:00+01:00;572.52001953125;572.7551879882812;572.52001953125;572.7515869140625;572.7515869140625;75
2024-11-26 14:23:00+01:00;572.4766235351562;572.709716796875;572.4766235351562;572.6239013671875;572.6239013671875;346
2024-11-26 14:24:00+01:00;572.6640014648438;572.7230224609375;572.6212768554688;572.6624755859375;572.6624755859375;537
2024-11-26 14:27:00+01:00;572.5073852539062;572.5073852539062;572.5073852539062;572.5073852539062;572.5073852539062;21
2024-11-26 14:28:00+01:00;572.7000732421875;572.7000732421875;572.7000732421875;572.7000732421875;572.7000732421875;9
2024-11-26 14:31:00+01:00;572.5;572.5;572.5;572.5;572.5;7
2024-11-26 14:32:00+01:00;572.539306640625;572.539306640625;572.539306640625;572.539306640625;572.539306640625;2
2024-11-26 14:33:00+01:00;572.5914916992188;572.5914916992188;572.2202758789062;572.2202758789062;572.2202758789062;21
2024-11-26 14:34:00+01:00;572.6240844726562;572.6240844726562;572.6240844726562;572.6240844726562;572.6240844726562;1
2024-11-26 14:37:00+01:00;572.5667724609375;572.5667724609375;572.5667724609375;572.5667724609375;572.5667724609375;1
2024-11-26 14:39:00+01:00;572.686279296875;572.7526245117188;572.686279296875;572.7526245117188;572.7526245117188;5
2024-11-26 14:41:00+01:00;572.836669921875;572.836669921875;572.836669921875;572.836669921875;572.836669921875;4
2024-11-26 14:42:00+01:00;572.87548828125;572.87548828125;572.87548828125;572.87548828125;572.87548828125;1
2024-11-26 14:43:00+01:00;572.7055053710938;572.839599609375;572.7055053710938;572.839599609375;572.839599609375;42
2024-11-26 14:44:00+01:00;572.7785034179688;572.7785034179688;572.7785034179688;572.7785034179688;572.7785034179688;1
2024-11-26 14:46:00+01:00;572.5952758789062;572.5952758789062;572.5952758789062;572.5952758789062;572.5952758789062;1
2024-11-26 14:47:00+01:00;572.4860229492188;572.4860229492188;572.4860229492188;572.4860229492188;572.4860229492188;1
2024-11-26 14:48:00+01:00;572.3096923828125;572.3096923828125;572.3096923828125;572.3096923828125;572.3096923828125;4
2024-11-26 14:50:00+01:00;572.335693359375;572.335693359375;572.335693359375;572.335693359375;572.335693359375;10
2024-11-26 14:53:00+01:00;572.6719970703125;572.8652954101562;572.6719970703125;572.8652954101562;572.8652954101562;2
2024-11-26 14:54:00+01:00;572.6965942382812;572.6965942382812;572.6965942382812;572.6965942382812;572.6965942382812;3
2024-11-26 14:55:00+01:00;572.7332153320312;572.7332153320312;572.7332153320312;572.7332153320312;572.7332153320312;2
2024-11-26 14:57:00+01:00;572.7999877929688;572.7999877929688;572.5263061523438;572.7432250976562;572.7432250976562;86
2024-11-26 14:59:00+01:00;572.84521484375;572.84521484375;572.8253784179688;572.8253784179688;572.8253784179688;2
2024-11-26 15:00:00+01:00;572.6821899414062;572.6821899414062;572.6821899414062;572.6821899414062;572.6821899414062;7
2024-11-26 15:02:00+01:00;573.0;573.0;573.0;573.0;573.0;4
2024-11-26 15:03:00+01:00;573.0;573.0;573.0;573.0;573.0;1
2024-11-26 15:05:00+01:00;573.0;573.0;573.0;573.0;573.0;5
2024-11-26 15:11:00+01:00;573.552978515625;573.5999755859375;573.552978515625;573.5999755859375;573.5999755859375;14
2024-11-26 15:13:00+01:00;573.5999755859375;573.5999755859375;573.5999755859375;573.5999755859375;573.5999755859375;2
2024-11-26 15:14:00+01:00;573.4000244140625;573.4000244140625;573.4000244140625;573.4000244140625;573.4000244140625;2
2024-11-26 15:15:00+01:00;573.4000244140625;573.4000244140625;573.4000244140625;573.4000244140625;573.4000244140625;1
2024-11-26 15:16:00+01:00;573.4000244140625;573.4000244140625;573.4000244140625;573.4000244140625;573.4000244140625;4
2024-11-26 15:19:00+01:00;573.0;573.0;572.9124755859375;572.9124755859375;572.9124755859375;2
2024-11-26 15:20:00+01:00;573.1629028320312;573.1629028320312;573.1629028320312;573.1629028320312;573.1629028320312;1
2024-11-26 15:21:00+01:00;573.2506103515625;573.2506103515625;573.2506103515625;573.2506103515625;573.2506103515625;16
2024-11-26 15:24:00+01:00;572.8947143554688;572.8947143554688;572.8947143554688;572.8947143554688;572.8947143554688;2
2024-11-26 15:28:00+01:00;572.7584838867188;572.7584838867188;572.7584838867188;572.7584838867188;572.7584838867188;1
2024-11-26 15:29:00+01:00;572.4000244140625;572.8646240234375;572.3231811523438;572.8646240234375;572.8646240234375;37
2024-11-26 15:30:00+01:00;572.8209838867188;572.8209838867188;572.8209838867188;572.8209838867188;572.8209838867188;5
2024-11-26 15:31:00+01:00;572.940185546875;573.3046264648438;572.940185546875;573.3046264648438;573.3046264648438;18
2024-11-26 15:38:00+01:00;572.8200073242188;572.8200073242188;572.8200073242188;572.8200073242188;572.8200073242188;2
2024-11-26 15:39:00+01:00;572.7457275390625;572.7457275390625;572.7457275390625;572.7457275390625;572.7457275390625;4
2024-11-26 15:40:00+01:00;572.673828125;572.6854858398438;572.673828125;572.6854858398438;572.6854858398438;32
2024-11-26 15:41:00+01:00;572.7922973632812;572.7922973632812;572.6065063476562;572.6065063476562;572.6065063476562;5
2024-11-26 15:43:00+01:00;572.752685546875;572.752685546875;572.752685546875;572.752685546875;572.752685546875;1
2024-11-26 15:44:00+01:00;572.406494140625;572.6541748046875;572.4000244140625;572.4000244140625;572.4000244140625;11
2024-11-26 15:45:00+01:00;572.3646850585938;572.3646850585938;572.3646850585938;572.3646850585938;572.3646850585938;13
2024-11-26 15:46:00+01:00;572.711181640625;572.711181640625;572.711181640625;572.711181640625;572.711181640625;10
2024-11-26 15:49:00+01:00;572.9724731445312;572.9724731445312;572.9724731445312;572.9724731445312;572.9724731445312;1
2024-11-26 15:50:00+01:00;573.0003051757812;573.1124877929688;573.0003051757812;573.0999755859375;573.0999755859375;6
2024-11-26 15:52:00+01:00;573.2589721679688;573.2589721679688;573.2589721679688;573.2589721679688;573.2589721679688;3
2024-11-26 15:53:00+01:00;572.9088134765625;572.9786987304688;572.7000122070312;572.7000122070312;572.7000122070312;15
2024-11-26 15:54:00+01:00;572.4517211914062;572.4517211914062;572.4517211914062;572.4517211914062;572.4517211914062;2
2024-11-26 15:55:00+01:00;572.6923217773438;572.6923828125;572.4000244140625;572.4000244140625;572.4000244140625;7
2024-11-26 15:56:00+01:00;572.6475830078125;572.6475830078125;572.0758056640625;572.0758056640625;572.0758056640625;31
2024-11-26 15:57:00+01:00;572.31640625;572.650390625;572.31640625;572.650390625;572.650390625;122
2024-11-26 15:59:00+01:00;572.7313842773438;572.7313842773438;572.323974609375;572.323974609375;572.323974609375;36
2024-11-26 16:00:00+01:00;572.1400146484375;572.20068359375;572.0;572.20068359375;572.20068359375;14
2024-11-26 16:02:00+01:00;572.3859252929688;572.3859252929688;572.3859252929688;572.3859252929688;572.3859252929688;4
2024-11-26 16:03:00+01:00;572.159423828125;572.159423828125;572.1591186523438;572.1591186523438;572.1591186523438;51
2024-11-26 16:06:00+01:00;572.0;572.0;572.0;572.0;572.0;1
2024-11-26 16:10:00+01:00;571.9409790039062;571.9409790039062;571.9409790039062;571.9409790039062;571.9409790039062;4
2024-11-26 16:12:00+01:00;572.0228271484375;572.0800170898438;571.64208984375;572.0800170898438;572.0800170898438;6
2024-11-26 16:15:00+01:00;572.0861206054688;572.0861206054688;572.0861206054688;572.0861206054688;572.0861206054688;1
2024-11-26 16:18:00+01:00;571.6915283203125;571.6915283203125;571.6915283203125;571.6915283203125;571.6915283203125;2
2024-11-26 16:19:00+01:00;571.5999755859375;571.7664794921875;571.5999755859375;571.7664794921875;571.7664794921875;101
2024-11-26 16:21:00+01:00;571.4564208984375;571.4564208984375;571.4564208984375;571.4564208984375;571.4564208984375;1
2024-11-26 16:25:00+01:00;571.9995727539062;572.2313232421875;571.9995727539062;572.2313232421875;572.2313232421875;6
2024-11-26 16:28:00+01:00;572.25;572.25;572.25;572.25;572.25;8
2024-11-26 16:30:00+01:00;572.8673706054688;572.8673706054688;572.3751831054688;572.3751831054688;572.3751831054688;77
2024-11-26 16:31:00+01:00;572.7882080078125;572.7882080078125;572.2805786132812;572.2805786132812;572.2805786132812;5
2024-11-26 16:32:00+01:00;572.559814453125;572.559814453125;572.559814453125;572.559814453125;572.559814453125;1
2024-11-26 16:33:00+01:00;572.5709228515625;572.5709228515625;572.5709228515625;572.5709228515625;572.5709228515625;1
2024-11-26 16:34:00+01:00;572.25;572.25;572.25;572.25;572.25;3
2024-11-26 16:37:00+01:00;572.4520263671875;572.4520263671875;572.4520263671875;572.4520263671875;572.4520263671875;2
2024-11-26 16:38:00+01:00;572.4871215820312;572.5499877929688;572.4871215820312;572.5499877929688;572.5499877929688;8
2024-11-26 16:43:00+01:00;573.0718994140625;573.0718994140625;573.0718994140625;573.0718994140625;573.0718994140625;5
2024-11-26 16:46:00+01:00;572.8703002929688;572.8703002929688;572.7108154296875;572.7108154296875;572.7108154296875;24
2024-11-26 16:47:00+01:00;572.7288818359375;572.8895263671875;572.7288818359375;572.8895263671875;572.8895263671875;35
2024-11-26 16:48:00+01:00;572.8128051757812;572.8128051757812;572.3656005859375;572.4288940429688;572.4288940429688;190
2024-11-26 16:49:00+01:00;572.5380859375;572.5382080078125;572.5380859375;572.5382080078125;572.5382080078125;8
2024-11-26 16:50:00+01:00;572.7141723632812;572.7141723632812;572.7141723632812;572.7141723632812;572.7141723632812;1
2024-11-26 16:51:00+01:00;572.5928955078125;572.5930786132812;572.5928955078125;572.5930786132812;572.5930786132812;9
2024-11-26 16:53:00+01:00;572.8291015625;572.8291015625;572.8291015625;572.8291015625;572.8291015625;8
2024-11-26 16:54:00+01:00;573.0465087890625;573.1774291992188;573.0386962890625;573.1774291992188;573.1774291992188;30
2024-11-26 16:55:00+01:00;572.957275390625;572.957275390625;572.957275390625;572.957275390625;572.957275390625;1
2024-11-26 16:57:00+01:00;573.356201171875;573.356201171875;573.356201171875;573.356201171875;573.356201171875;4
2024-11-26 16:58:00+01:00;573.4000244140625;573.4000244140625;573.4000244140625;573.4000244140625;573.4000244140625;107
2024-11-26 17:00:00+01:00;573.37548828125;573.6530151367188;573.3748779296875;573.6530151367188;573.6530151367188;153
2024-11-26 17:01:00+01:00;573.7000122070312;573.7000122070312;573.3770751953125;573.3770751953125;573.3770751953125;8
2024-11-26 17:03:00+01:00;573.7000122070312;573.7000122070312;573.4462280273438;573.4462280273438;573.4462280273438;34
2024-11-26 17:04:00+01:00;573.7000122070312;573.7000122070312;573.7000122070312;573.7000122070312;573.7000122070312;2
2024-11-26 17:05:00+01:00;573.7000122070312;573.7000122070312;573.7000122070312;573.7000122070312;573.7000122070312;8
2024-11-26 17:07:00+01:00;573.9307861328125;573.9307861328125;573.9307861328125;573.9307861328125;573.9307861328125;5
2024-11-26 17:08:00+01:00;573.7111206054688;573.7111206054688;573.7111206054688;573.7111206054688;573.7111206054688;20
2024-11-26 17:09:00+01:00;573.6712036132812;573.6712036132812;573.6712036132812;573.6712036132812;573.6712036132812;4
2024-11-26 17:10:00+01:00;573.7109985351562;573.7109985351562;573.7109985351562;573.7109985351562;573.7109985351562;6
2024-11-26 17:11:00+01:00;573.8812255859375;574.00537109375;573.62890625;573.9804077148438;573.9804077148438;64
2024-11-26 17:15:00+01:00;573.5745239257812;573.5745239257812;573.5745239257812;573.5745239257812;573.5745239257812;9
2024-11-26 17:16:00+01:00;573.9542236328125;573.9542846679688;573.9542236328125;573.9542846679688;573.9542846679688;18
2024-11-26 17:19:00+01:00;573.9478759765625;573.9741821289062;573.9478759765625;573.9741821289062;573.9741821289062;3
2024-11-26 17:21:00+01:00;574.0;574.0;574.0;574.0;574.0;2
2024-11-26 17:24:00+01:00;574.0001220703125;574.0001220703125;574.0;574.0;574.0;46
2024-11-26 17:25:00+01:00;574.0899047851562;574.1945190429688;574.0897216796875;574.1945190429688;574.1945190429688;7
2024-11-26 17:27:00+01:00;573.8062133789062;573.8062133789062;573.8060913085938;573.8060913085938;573.8060913085938;52
2024-11-26 17:28:00+01:00;574.293701171875;574.293701171875;574.293701171875;574.293701171875;574.293701171875;1
2024-11-26 17:29:00+01:00;574.2888793945312;574.2888793945312;574.1970825195312;574.252685546875;574.252685546875;57
