Datetime;Open;High;Low;Close;Adj Close;Volume
2024-12-06 09:04:00+01:00;577.9013061523438;578.0089111328125;577.6566772460938;577.867919921875;577.867919921875;0
2024-12-06 09:05:00+01:00;577.5999755859375;577.8110961914062;577.5999755859375;577.8110961914062;577.8110961914062;10
2024-12-06 09:07:00+01:00;577.5;577.5;577.5;577.5;577.5;1
2024-12-06 09:08:00+01:00;577.7109985351562;577.7109985351562;577.372802734375;577.372802734375;577.372802734375;18
2024-12-06 09:09:00+01:00;577.306884765625;577.3861083984375;577.0015869140625;577.0015869140625;577.0015869140625;33
2024-12-06 09:10:00+01:00;577.30322265625;577.30322265625;577.0015258789062;577.30322265625;577.30322265625;70
2024-12-06 09:11:00+01:00;577.3032836914062;577.3942260742188;577.3032836914062;577.3942260742188;577.3942260742188;30
2024-12-06 09:12:00+01:00;577.1748046875;577.1748046875;577.1748046875;577.1748046875;577.1748046875;7
2024-12-06 09:13:00+01:00;577.2001953125;577.2446899414062;577.2000732421875;577.2446899414062;577.2446899414062;98
2024-12-06 09:14:00+01:00;577.540283203125;577.540283203125;577.540283203125;577.540283203125;577.540283203125;1
2024-12-06 09:15:00+01:00;577.67529296875;577.67529296875;577.6636962890625;577.6636962890625;577.6636962890625;3
2024-12-06 09:16:00+01:00;577.6597900390625;577.6597900390625;577.6591186523438;577.6591186523438;577.6591186523438;84
2024-12-06 09:17:00+01:00;577.65478515625;577.65478515625;577.65478515625;577.65478515625;577.65478515625;1
2024-12-06 09:18:00+01:00;577.7647705078125;577.7647705078125;577.74609375;577.74609375;577.74609375;3
2024-12-06 09:19:00+01:00;577.5399780273438;577.7183837890625;577.5399780273438;577.7000122070312;577.7000122070312;14
2024-12-06 09:20:00+01:00;577.5499877929688;577.70068359375;577.5499877929688;577.6968994140625;577.6968994140625;6
2024-12-06 09:21:00+01:00;577.6929931640625;577.7131958007812;577.6929931640625;577.7131958007812;577.7131958007812;13
2024-12-06 09:23:00+01:00;577.5999755859375;577.6821899414062;577.5999755859375;577.6821899414062;577.6821899414062;7
2024-12-06 09:24:00+01:00;577.6793212890625;577.6793212890625;577.66748046875;577.66748046875;577.66748046875;114
2024-12-06 09:25:00+01:00;577.6655883789062;577.6655883789062;577.6613159179688;577.6613159179688;577.6613159179688;6
2024-12-06 09:26:00+01:00;577.7738037109375;577.7738037109375;577.7738037109375;577.7738037109375;577.7738037109375;5
2024-12-06 09:27:00+01:00;577.7640991210938;577.7839965820312;577.7640991210938;577.7839965820312;577.7839965820312;4
2024-12-06 09:28:00+01:00;577.5001831054688;577.7839965820312;577.5001831054688;577.7839965820312;577.7839965820312;19
2024-12-06 09:29:00+01:00;577.7841186523438;577.9027099609375;577.7841186523438;577.9027099609375;577.9027099609375;13
2024-12-06 09:30:00+01:00;577.9027099609375;577.9027099609375;577.8599853515625;577.8599853515625;577.8599853515625;3
2024-12-06 09:31:00+01:00;577.916015625;577.916015625;577.916015625;577.916015625;577.916015625;2
2024-12-06 09:32:00+01:00;577.9144897460938;577.9144897460938;577.9144897460938;577.9144897460938;577.9144897460938;1
2024-12-06 09:33:00+01:00;577.912109375;577.912109375;577.8834838867188;577.8834838867188;577.8834838867188;10
2024-12-06 09:34:00+01:00;577.9420776367188;577.9420776367188;577.9420776367188;577.9420776367188;577.9420776367188;2
2024-12-06 09:35:00+01:00;578.0930786132812;578.1010131835938;578.0;578.069580078125;578.069580078125;18
2024-12-06 09:36:00+01:00;578.0;578.0;578.0;578.0;578.0;2
2024-12-06 09:37:00+01:00;578.0;578.0;578.0;578.0;578.0;6
2024-12-06 09:38:00+01:00;577.8419189453125;578.1911010742188;577.841796875;578.1911010742188;578.1911010742188;65
2024-12-06 09:39:00+01:00;578.0900268554688;578.127685546875;577.8494873046875;578.127685546875;578.127685546875;16
2024-12-06 09:40:00+01:00;578.0836181640625;578.0836181640625;578.0836181640625;578.0836181640625;578.0836181640625;1
2024-12-06 09:41:00+01:00;578.1672973632812;578.2479858398438;578.1672973632812;578.2479858398438;578.2479858398438;7
2024-12-06 09:42:00+01:00;577.914794921875;578.214111328125;577.914794921875;578.214111328125;578.214111328125;5
2024-12-06 09:44:00+01:00;578.287109375;578.287109375;578.2587890625;578.2587890625;578.2587890625;2
2024-12-06 09:45:00+01:00;578.3521118164062;578.3521118164062;578.3521118164062;578.3521118164062;578.3521118164062;1
2024-12-06 09:46:00+01:00;578.3240966796875;578.3240966796875;578.3240966796875;578.3240966796875;578.3240966796875;2
2024-12-06 09:47:00+01:00;578.5244750976562;578.5244750976562;578.1826171875;578.4783935546875;578.4783935546875;6
2024-12-06 09:48:00+01:00;578.4390869140625;578.4390869140625;578.4390869140625;578.4390869140625;578.4390869140625;1
2024-12-06 09:49:00+01:00;578.4315185546875;578.4315185546875;578.4099731445312;578.4099731445312;578.4099731445312;4
2024-12-06 09:50:00+01:00;578.376220703125;578.376220703125;578.376220703125;578.376220703125;578.376220703125;11
2024-12-06 09:52:00+01:00;578.3560180664062;578.38818359375;578.2401123046875;578.38818359375;578.38818359375;13
2024-12-06 09:53:00+01:00;578.367919921875;578.367919921875;578.367919921875;578.367919921875;578.367919921875;18
2024-12-06 09:54:00+01:00;578.36767578125;578.36767578125;578.36767578125;578.36767578125;578.36767578125;2
2024-12-06 09:55:00+01:00;578.2000122070312;578.2000122070312;578.2000122070312;578.2000122070312;578.2000122070312;30
2024-12-06 09:56:00+01:00;578.2581176757812;578.2581176757812;578.2373046875;578.2373046875;578.2373046875;2
2024-12-06 09:57:00+01:00;578.2313232421875;578.2313232421875;578.222412109375;578.222412109375;578.222412109375;2
2024-12-06 09:58:00+01:00;578.2000122070312;578.285888671875;578.2000122070312;578.2847900390625;578.2847900390625;5
2024-12-06 09:59:00+01:00;578.2774047851562;578.2774047851562;578.2581176757812;578.2581176757812;578.2581176757812;7
2024-12-06 10:00:00+01:00;578.2183837890625;578.2183837890625;578.2182006835938;578.2182006835938;578.2182006835938;3
2024-12-06 10:01:00+01:00;578.1973876953125;578.1973876953125;578.1649169921875;578.1649169921875;578.1649169921875;8
2024-12-06 10:02:00+01:00;578.1652221679688;578.1652221679688;578.1652221679688;578.1652221679688;578.1652221679688;1
2024-12-06 10:03:00+01:00;577.9000854492188;577.9000854492188;577.9000244140625;577.9000244140625;577.9000244140625;57
2024-12-06 10:04:00+01:00;578.2015991210938;578.2015991210938;578.2015991210938;578.2015991210938;578.2015991210938;1
2024-12-06 10:05:00+01:00;578.3397827148438;578.3397827148438;578.2800903320312;578.2800903320312;578.2800903320312;3
2024-12-06 10:06:00+01:00;578.242919921875;578.242919921875;578.2216796875;578.2216796875;578.2216796875;5
2024-12-06 10:07:00+01:00;577.91259765625;578.2100830078125;577.91259765625;578.209716796875;578.209716796875;11
2024-12-06 10:08:00+01:00;577.9036254882812;578.3944091796875;577.9036254882812;578.3944091796875;578.3944091796875;4
2024-12-06 10:09:00+01:00;578.3419799804688;578.3419799804688;578.3419799804688;578.3419799804688;578.3419799804688;4
2024-12-06 10:10:00+01:00;578.3262939453125;578.3624877929688;578.3262939453125;578.3624877929688;578.3624877929688;3
2024-12-06 10:11:00+01:00;578.010009765625;578.2576293945312;578.010009765625;578.2515258789062;578.2515258789062;12
2024-12-06 10:12:00+01:00;578.2457275390625;578.2457275390625;578.2001953125;578.2001953125;578.2001953125;8
2024-12-06 10:13:00+01:00;578.19140625;578.19140625;578.0;578.0;578.0;10
2024-12-06 10:14:00+01:00;578.1165161132812;578.1165161132812;578.1141967773438;578.1141967773438;578.1141967773438;5
2024-12-06 10:15:00+01:00;578.1074829101562;578.1671142578125;578.1074829101562;578.1671142578125;578.1671142578125;3
2024-12-06 10:16:00+01:00;578.2401123046875;578.2401123046875;578.2401123046875;578.2401123046875;578.2401123046875;1
2024-12-06 10:17:00+01:00;578.1514892578125;578.1514892578125;578.1514892578125;578.1514892578125;578.1514892578125;1
2024-12-06 10:18:00+01:00;578.1016845703125;578.1016845703125;578.0905151367188;578.0905151367188;578.0905151367188;3
2024-12-06 10:20:00+01:00;578.1480102539062;578.1480712890625;578.1436767578125;578.1480712890625;578.1480712890625;9
2024-12-06 10:21:00+01:00;578.1400146484375;578.2559814453125;578.1400146484375;578.2429809570312;578.2429809570312;33
2024-12-06 10:22:00+01:00;578.240478515625;578.3367919921875;578.240478515625;578.3350830078125;578.3350830078125;99
2024-12-06 10:23:00+01:00;578.0;578.315673828125;578.0;578.3090209960938;578.3090209960938;6
2024-12-06 10:24:00+01:00;578.3060302734375;578.3060302734375;577.94287109375;578.2135009765625;578.2135009765625;23
2024-12-06 10:25:00+01:00;578.2045288085938;578.2064819335938;578.2000122070312;578.2047729492188;578.2047729492188;28
2024-12-06 10:26:00+01:00;578.1986083984375;578.1986083984375;578.1986083984375;578.1986083984375;578.1986083984375;5
2024-12-06 10:27:00+01:00;578.3117065429688;578.3117065429688;578.3117065429688;578.3117065429688;578.3117065429688;10
2024-12-06 10:28:00+01:00;578.343505859375;578.343505859375;578.343505859375;578.343505859375;578.343505859375;2
2024-12-06 10:29:00+01:00;578.4207763671875;578.4207763671875;578.4207763671875;578.4207763671875;578.4207763671875;1
2024-12-06 10:30:00+01:00;578.4182739257812;578.4182739257812;578.4182739257812;578.4182739257812;578.4182739257812;1
2024-12-06 10:31:00+01:00;578.4739990234375;578.4739990234375;578.2000122070312;578.2000122070312;578.2000122070312;101
2024-12-06 10:32:00+01:00;578.1696166992188;578.5689086914062;578.1693725585938;578.5689086914062;578.5689086914062;88
2024-12-06 10:34:00+01:00;578.546875;578.546875;578.5457763671875;578.5457763671875;578.5457763671875;3
2024-12-06 10:36:00+01:00;578.5172119140625;578.5172119140625;578.4940185546875;578.4940185546875;578.4940185546875;8
2024-12-06 10:38:00+01:00;578.4940185546875;578.4940185546875;578.4921264648438;578.4921264648438;578.4921264648438;3
2024-12-06 10:39:00+01:00;578.4802856445312;578.5220947265625;578.4802856445312;578.4971923828125;578.4971923828125;12
2024-12-06 10:40:00+01:00;578.2000732421875;578.4027709960938;578.2000122070312;578.4027709960938;578.4027709960938;36
2024-12-06 10:41:00+01:00;578.296875;578.296875;578.296875;578.296875;578.296875;2
2024-12-06 10:42:00+01:00;578.1998901367188;578.1998901367188;578.1998901367188;578.1998901367188;578.1998901367188;2
2024-12-06 10:43:00+01:00;578.1998901367188;578.1998901367188;578.1998901367188;578.1998901367188;578.1998901367188;5
2024-12-06 10:44:00+01:00;578.0001220703125;578.1998901367188;578.0001220703125;578.1998901367188;578.1998901367188;21
2024-12-06 10:46:00+01:00;578.1998901367188;578.1998901367188;578.0;578.0;578.0;24
2024-12-06 10:47:00+01:00;578.1712036132812;578.1712036132812;578.1707153320312;578.1707153320312;578.1707153320312;12
2024-12-06 10:48:00+01:00;578.1680908203125;578.1998901367188;578.1677856445312;578.1998901367188;578.1998901367188;14
2024-12-06 10:49:00+01:00;578.2000122070312;578.2067260742188;578.2000122070312;578.2067260742188;578.2067260742188;10
2024-12-06 10:50:00+01:00;578.2885131835938;578.2885131835938;578.2100219726562;578.2100219726562;578.2100219726562;16
2024-12-06 10:51:00+01:00;578.2384033203125;578.2384033203125;578.2384033203125;578.2384033203125;578.2384033203125;1
2024-12-06 10:52:00+01:00;578.2412719726562;578.2412719726562;578.2412719726562;578.2412719726562;578.2412719726562;2
2024-12-06 10:53:00+01:00;578.2365112304688;578.2365112304688;578.232421875;578.232421875;578.232421875;4
2024-12-06 10:54:00+01:00;578.2368774414062;578.2368774414062;578.2368774414062;578.2368774414062;578.2368774414062;4
2024-12-06 10:55:00+01:00;578.236572265625;578.236572265625;578.0601196289062;578.236572265625;578.236572265625;3
2024-12-06 10:56:00+01:00;578.2319946289062;578.2352905273438;578.2000122070312;578.2000122070312;578.2000122070312;8
2024-12-06 10:57:00+01:00;578.2332763671875;578.2332763671875;578.2332763671875;578.2332763671875;578.2332763671875;2
2024-12-06 10:58:00+01:00;578.2224731445312;578.2941284179688;578.2224731445312;578.2691040039062;578.2691040039062;8
2024-12-06 10:59:00+01:00;578.25537109375;578.3635864257812;578.2404174804688;578.3635864257812;578.3635864257812;5
2024-12-06 11:00:00+01:00;578.3582763671875;578.3582763671875;578.3477783203125;578.3477783203125;578.3477783203125;17
2024-12-06 11:01:00+01:00;578.3295288085938;578.32958984375;578.2846069335938;578.2846069335938;578.2846069335938;103
2024-12-06 11:02:00+01:00;578.2772827148438;578.2772827148438;578.2772827148438;578.2772827148438;578.2772827148438;1
2024-12-06 11:03:00+01:00;578.2537231445312;578.2537231445312;578.2537231445312;578.2537231445312;578.2537231445312;6
2024-12-06 11:04:00+01:00;578.2418212890625;578.2418212890625;578.2000122070312;578.2413940429688;578.2413940429688;17
2024-12-06 11:05:00+01:00;578.2413940429688;578.2413940429688;578.2413940429688;578.2413940429688;578.2413940429688;13
2024-12-06 11:06:00+01:00;578.3568725585938;578.3568725585938;578.3568725585938;578.3568725585938;578.3568725585938;1
2024-12-06 11:07:00+01:00;578.5095825195312;578.5095825195312;578.5095825195312;578.5095825195312;578.5095825195312;1
2024-12-06 11:08:00+01:00;578.4089965820312;578.4091186523438;578.4089965820312;578.4091186523438;578.4091186523438;104
2024-12-06 11:09:00+01:00;578.408203125;578.408203125;578.102294921875;578.102294921875;578.102294921875;8
2024-12-06 11:10:00+01:00;578.4085083007812;578.4085083007812;578.4085083007812;578.4085083007812;578.4085083007812;5
2024-12-06 11:11:00+01:00;578.5108032226562;578.5108032226562;578.5108032226562;578.5108032226562;578.5108032226562;1
2024-12-06 11:12:00+01:00;578.5101928710938;578.5692138671875;578.5101928710938;578.5606079101562;578.5606079101562;14
2024-12-06 11:13:00+01:00;578.5484008789062;578.5484008789062;578.544189453125;578.544189453125;578.544189453125;3
2024-12-06 11:14:00+01:00;578.53662109375;578.53662109375;578.30029296875;578.5108032226562;578.5108032226562;28
2024-12-06 11:15:00+01:00;578.43017578125;578.43017578125;578.4221801757812;578.4221801757812;578.4221801757812;4
2024-12-06 11:16:00+01:00;578.415283203125;578.415283203125;578.415283203125;578.415283203125;578.415283203125;3
2024-12-06 11:19:00+01:00;578.3809204101562;578.3809204101562;578.3809204101562;578.3809204101562;578.3809204101562;2
2024-12-06 11:20:00+01:00;578.2413940429688;578.2413940429688;578.2393188476562;578.2393188476562;578.2393188476562;69
2024-12-06 11:21:00+01:00;578.4462890625;578.4462890625;578.443603515625;578.443603515625;578.443603515625;17
2024-12-06 11:23:00+01:00;578.50732421875;578.50732421875;578.2000122070312;578.2000122070312;578.2000122070312;3
2024-12-06 11:24:00+01:00;578.4168090820312;578.4168090820312;578.4168090820312;578.4168090820312;578.4168090820312;3
2024-12-06 11:25:00+01:00;578.41357421875;578.4630126953125;578.4000244140625;578.4000244140625;578.4000244140625;5
2024-12-06 11:26:00+01:00;578.530029296875;578.530029296875;578.5057983398438;578.5057983398438;578.5057983398438;2
2024-12-06 11:27:00+01:00;578.2000122070312;578.2000122070312;578.1336059570312;578.1336059570312;578.1336059570312;8
2024-12-06 11:28:00+01:00;578.4996948242188;578.4996948242188;578.4996948242188;578.4996948242188;578.4996948242188;34
2024-12-06 11:29:00+01:00;578.219482421875;578.219482421875;578.219482421875;578.219482421875;578.219482421875;2
2024-12-06 11:32:00+01:00;578.390625;578.390625;578.390625;578.390625;578.390625;5
2024-12-06 11:33:00+01:00;578.3585815429688;578.3587036132812;578.353271484375;578.353271484375;578.353271484375;22
2024-12-06 11:34:00+01:00;578.3402099609375;578.3402099609375;578.102294921875;578.102294921875;578.102294921875;31
2024-12-06 11:35:00+01:00;578.2996826171875;578.2996826171875;578.2996826171875;578.2996826171875;578.2996826171875;2
2024-12-06 11:37:00+01:00;578.2694091796875;578.2694091796875;578.2694091796875;578.2694091796875;578.2694091796875;1
2024-12-06 11:39:00+01:00;578.2901000976562;578.2901000976562;578.2891845703125;578.2891845703125;578.2891845703125;2
2024-12-06 11:40:00+01:00;578.2789916992188;578.2789916992188;578.2000122070312;578.276611328125;578.276611328125;14
2024-12-06 11:42:00+01:00;578.3184204101562;578.3184204101562;578.0001831054688;578.0001831054688;578.0001831054688;8
2024-12-06 11:43:00+01:00;578.2864990234375;578.2864990234375;578.2628173828125;578.2628173828125;578.2628173828125;4
2024-12-06 11:45:00+01:00;578.24609375;578.24609375;578.24609375;578.24609375;578.24609375;2
2024-12-06 11:46:00+01:00;578.2410888671875;578.2410888671875;578.2410888671875;578.2410888671875;578.2410888671875;4
2024-12-06 11:47:00+01:00;578.22119140625;578.22119140625;578.22119140625;578.22119140625;578.22119140625;1
2024-12-06 11:48:00+01:00;578.3222045898438;578.3222045898438;578.2802124023438;578.2802124023438;578.2802124023438;11
2024-12-06 11:49:00+01:00;578.2705078125;578.2705078125;578.0;578.0;578.0;53
2024-12-06 11:51:00+01:00;578.144775390625;578.144775390625;577.9199829101562;577.9199829101562;577.9199829101562;2
2024-12-06 11:52:00+01:00;577.9000244140625;578.0783081054688;577.7999877929688;578.0756225585938;578.0756225585938;10
2024-12-06 11:53:00+01:00;577.72998046875;577.72998046875;577.584716796875;577.584716796875;577.584716796875;24
2024-12-06 11:55:00+01:00;578.0111083984375;578.0111083984375;578.0111083984375;578.0111083984375;578.0111083984375;5
2024-12-06 11:56:00+01:00;578.0100708007812;578.0100708007812;578.0098266601562;578.0098266601562;578.0098266601562;13
2024-12-06 11:57:00+01:00;578.051513671875;578.051513671875;578.051513671875;578.051513671875;578.051513671875;2
2024-12-06 11:58:00+01:00;577.9777221679688;577.9777221679688;577.9777221679688;577.9777221679688;577.9777221679688;1
2024-12-06 11:59:00+01:00;577.8353881835938;577.8353881835938;577.8353881835938;577.8353881835938;577.8353881835938;1
2024-12-06 12:00:00+01:00;577.8272094726562;577.8272094726562;577.8261108398438;577.8261108398438;577.8261108398438;2
2024-12-06 12:01:00+01:00;577.809814453125;577.809814453125;577.8076782226562;577.8076782226562;577.8076782226562;4
2024-12-06 12:02:00+01:00;577.8013916015625;577.8394165039062;577.8013916015625;577.8394165039062;577.8394165039062;6
2024-12-06 12:03:00+01:00;577.7935180664062;577.7935180664062;577.7933959960938;577.7933959960938;577.7933959960938;2
2024-12-06 12:04:00+01:00;577.8433837890625;577.8433837890625;577.826416015625;577.826416015625;577.826416015625;2
2024-12-06 12:05:00+01:00;577.8214111328125;577.8214111328125;577.8214111328125;577.8214111328125;577.8214111328125;2
2024-12-06 12:06:00+01:00;577.7802124023438;577.7802124023438;577.7681884765625;577.7681884765625;577.7681884765625;2
2024-12-06 12:07:00+01:00;577.7572021484375;577.7572021484375;577.7559814453125;577.7559814453125;577.7559814453125;4
2024-12-06 12:09:00+01:00;577.78759765625;577.78759765625;577.78759765625;577.78759765625;577.78759765625;3
2024-12-06 12:10:00+01:00;577.9315795898438;577.9315795898438;577.9315795898438;577.9315795898438;577.9315795898438;1
2024-12-06 12:11:00+01:00;577.9310302734375;577.9561157226562;577.9310302734375;577.9561157226562;577.9561157226562;11
2024-12-06 12:12:00+01:00;577.955810546875;578.0302734375;577.955810546875;578.0302734375;578.0302734375;6
2024-12-06 12:13:00+01:00;578.0;578.0;577.9998779296875;577.9998779296875;577.9998779296875;13
2024-12-06 12:14:00+01:00;577.9998779296875;577.9998779296875;577.9998779296875;577.9998779296875;577.9998779296875;10
2024-12-06 12:15:00+01:00;577.9998779296875;577.9998779296875;577.9998779296875;577.9998779296875;577.9998779296875;10
2024-12-06 12:16:00+01:00;577.899169921875;577.899169921875;577.8975219726562;577.8975219726562;577.8975219726562;13
2024-12-06 12:17:00+01:00;577.8997802734375;577.8997802734375;577.8997802734375;577.8997802734375;577.8997802734375;1
2024-12-06 12:18:00+01:00;577.8997802734375;577.8997802734375;577.8997802734375;577.8997802734375;577.8997802734375;23
2024-12-06 12:19:00+01:00;577.89990234375;577.89990234375;577.89990234375;577.89990234375;577.89990234375;4
2024-12-06 12:21:00+01:00;577.8994750976562;577.8994750976562;577.8994750976562;577.8994750976562;577.8994750976562;3
2024-12-06 12:22:00+01:00;577.8952026367188;577.8952026367188;577.8920288085938;577.8920288085938;577.8920288085938;2
2024-12-06 12:23:00+01:00;577.890380859375;577.890380859375;577.7999877929688;577.888671875;577.888671875;18
2024-12-06 12:24:00+01:00;577.87158203125;577.87158203125;577.87158203125;577.87158203125;577.87158203125;1
2024-12-06 12:25:00+01:00;577.8524169921875;577.8524169921875;577.8515014648438;577.8515014648438;577.8515014648438;4
2024-12-06 12:26:00+01:00;577.8488159179688;577.8989868164062;577.8488159179688;577.8989868164062;577.8989868164062;2
2024-12-06 12:27:00+01:00;577.8986206054688;577.8986206054688;577.60009765625;577.60009765625;577.60009765625;13
2024-12-06 12:28:00+01:00;577.8897094726562;577.8897094726562;577.7999877929688;577.7999877929688;577.7999877929688;14
2024-12-06 12:29:00+01:00;577.8867797851562;577.8867797851562;577.5999755859375;577.5999755859375;577.5999755859375;4
2024-12-06 12:30:00+01:00;577.5670166015625;577.8209228515625;577.5670166015625;577.8209228515625;577.8209228515625;4
2024-12-06 12:31:00+01:00;577.7926025390625;577.7926025390625;577.7926025390625;577.7926025390625;577.7926025390625;1
2024-12-06 12:32:00+01:00;577.78369140625;577.78369140625;577.781494140625;577.781494140625;577.781494140625;2
2024-12-06 12:33:00+01:00;577.7807006835938;577.7807006835938;577.7807006835938;577.7807006835938;577.7807006835938;1
2024-12-06 12:34:00+01:00;577.5001831054688;577.7713012695312;577.5001220703125;577.7713012695312;577.7713012695312;22
2024-12-06 12:35:00+01:00;577.7711181640625;577.8463745117188;577.7711181640625;577.8463745117188;577.8463745117188;5
2024-12-06 12:36:00+01:00;577.8931884765625;577.8931884765625;577.8920288085938;577.8920288085938;577.8920288085938;5
2024-12-06 12:37:00+01:00;577.5313110351562;577.8543701171875;577.5313110351562;577.8519897460938;577.8519897460938;8
2024-12-06 12:38:00+01:00;577.8468017578125;577.8468017578125;577.8468017578125;577.8468017578125;577.8468017578125;3
2024-12-06 12:39:00+01:00;577.8651123046875;577.8651123046875;577.8651123046875;577.8651123046875;577.8651123046875;8
2024-12-06 12:42:00+01:00;577.8978271484375;577.8978271484375;577.8798828125;577.8798828125;577.8798828125;7
2024-12-06 12:43:00+01:00;577.8701171875;577.8701171875;577.8701171875;577.8701171875;577.8701171875;1
2024-12-06 12:44:00+01:00;577.8624267578125;577.8936767578125;577.8624267578125;577.8936767578125;577.8936767578125;7
2024-12-06 12:45:00+01:00;577.847412109375;577.847412109375;577.847412109375;577.847412109375;577.847412109375;5
2024-12-06 12:46:00+01:00;577.8306884765625;577.8306884765625;577.6286010742188;577.6286010742188;577.6286010742188;45
2024-12-06 12:47:00+01:00;577.8096923828125;577.8096923828125;577.489990234375;577.489990234375;577.489990234375;69
2024-12-06 12:48:00+01:00;577.6735229492188;577.6735229492188;577.6735229492188;577.6735229492188;577.6735229492188;8
2024-12-06 12:49:00+01:00;577.6298828125;577.6298828125;577.4000244140625;577.6165771484375;577.6165771484375;8
2024-12-06 12:50:00+01:00;577.609375;577.609375;577.5916748046875;577.5916748046875;577.5916748046875;15
2024-12-06 12:52:00+01:00;577.7537231445312;577.7651977539062;577.7537231445312;577.7651977539062;577.7651977539062;4
2024-12-06 12:53:00+01:00;577.7617797851562;577.765380859375;577.7617797851562;577.765380859375;577.765380859375;6
2024-12-06 12:54:00+01:00;577.7595825195312;577.7595825195312;577.7581787109375;577.7581787109375;577.7581787109375;9
2024-12-06 12:55:00+01:00;577.7515869140625;577.7515869140625;577.385009765625;577.7387084960938;577.7387084960938;17
2024-12-06 12:56:00+01:00;577.7155151367188;577.7155151367188;577.7155151367188;577.7155151367188;577.7155151367188;1
2024-12-06 12:57:00+01:00;577.6995849609375;577.6995849609375;577.68701171875;577.6925048828125;577.6925048828125;26
2024-12-06 12:59:00+01:00;577.6771240234375;577.6771240234375;577.6771240234375;577.6771240234375;577.6771240234375;1
2024-12-06 13:00:00+01:00;577.7755737304688;577.7755737304688;577.7755737304688;577.7755737304688;577.7755737304688;34
2024-12-06 13:01:00+01:00;577.5;577.7711181640625;577.4534301757812;577.7711181640625;577.7711181640625;4
2024-12-06 13:02:00+01:00;577.857177734375;577.8900756835938;577.857177734375;577.8900756835938;577.8900756835938;13
2024-12-06 13:03:00+01:00;577.8900756835938;577.8989868164062;577.857177734375;577.89892578125;577.89892578125;14
2024-12-06 13:04:00+01:00;577.8997802734375;577.8997802734375;577.8997802734375;577.8997802734375;577.8997802734375;1
2024-12-06 13:05:00+01:00;577.8997802734375;577.8997802734375;577.8997802734375;577.8997802734375;577.8997802734375;1
2024-12-06 13:06:00+01:00;577.8997802734375;577.9000244140625;577.8997802734375;577.9000244140625;577.9000244140625;3
2024-12-06 13:07:00+01:00;577.8997802734375;577.8997802734375;577.8997802734375;577.8997802734375;577.8997802734375;6
2024-12-06 13:08:00+01:00;577.9000244140625;577.9000244140625;577.9000244140625;577.9000244140625;577.9000244140625;66
2024-12-06 13:09:00+01:00;578.0;578.0;578.0;578.0;578.0;4
2024-12-06 13:10:00+01:00;578.10107421875;578.10107421875;578.10107421875;578.10107421875;578.10107421875;2
2024-12-06 13:13:00+01:00;578.0629272460938;578.0629272460938;578.0629272460938;578.0629272460938;578.0629272460938;4
2024-12-06 13:14:00+01:00;577.8024291992188;578.0576171875;577.8024291992188;578.056396484375;578.056396484375;9
2024-12-06 13:15:00+01:00;578.0;578.0487060546875;578.0;578.0487060546875;578.0487060546875;5
2024-12-06 13:16:00+01:00;578.0452270507812;578.0452270507812;578.0452270507812;578.0452270507812;578.0452270507812;1
2024-12-06 13:17:00+01:00;578.044189453125;578.044189453125;578.0421142578125;578.0421142578125;578.0421142578125;4
2024-12-06 13:18:00+01:00;578.0421142578125;578.0421142578125;578.0421142578125;578.0421142578125;578.0421142578125;1
2024-12-06 13:19:00+01:00;578.036376953125;578.036376953125;578.0341186523438;578.0341186523438;578.0341186523438;12
2024-12-06 13:21:00+01:00;578.0;578.0;578.0;578.0;578.0;3
2024-12-06 13:22:00+01:00;578.0183715820312;578.0183715820312;578.0180053710938;578.0180053710938;578.0180053710938;2
2024-12-06 13:23:00+01:00;578.131591796875;578.131591796875;578.131591796875;578.131591796875;578.131591796875;1
2024-12-06 13:25:00+01:00;578.2192993164062;578.2192993164062;578.2192993164062;578.2192993164062;578.2192993164062;1
2024-12-06 13:27:00+01:00;578.208984375;578.208984375;578.208984375;578.208984375;578.208984375;1
2024-12-06 13:28:00+01:00;578.2075805664062;578.2113037109375;578.2075805664062;578.2113037109375;578.2113037109375;4
2024-12-06 13:29:00+01:00;578.2819213867188;578.2819213867188;578.2819213867188;578.2819213867188;578.2819213867188;1
2024-12-06 13:31:00+01:00;578.1992797851562;578.1992797851562;578.19873046875;578.19873046875;578.19873046875;2
2024-12-06 13:32:00+01:00;578.1898803710938;578.1898803710938;578.1895141601562;578.1895141601562;578.1895141601562;2
2024-12-06 13:36:00+01:00;578.1654052734375;578.1654052734375;578.1654052734375;578.1654052734375;578.1654052734375;4
2024-12-06 13:38:00+01:00;578.1096801757812;578.1096801757812;578.1096801757812;578.1096801757812;578.1096801757812;19
2024-12-06 13:40:00+01:00;578.1456298828125;578.1787109375;578.1456298828125;578.1787109375;578.1787109375;4
2024-12-06 13:41:00+01:00;578.1785278320312;578.1785278320312;578.1779174804688;578.1779174804688;578.1779174804688;2
2024-12-06 13:43:00+01:00;578.1693115234375;578.1693115234375;577.8624877929688;577.8624877929688;577.8624877929688;18
2024-12-06 13:44:00+01:00;578.1505126953125;578.1505126953125;578.1505126953125;578.1505126953125;578.1505126953125;1
2024-12-06 13:45:00+01:00;578.1503295898438;578.1503295898438;578.1503295898438;578.1503295898438;578.1503295898438;1
2024-12-06 13:46:00+01:00;578.2025146484375;578.2025146484375;578.2025146484375;578.2025146484375;578.2025146484375;1
2024-12-06 13:47:00+01:00;578.1143188476562;578.1143188476562;578.1143188476562;578.1143188476562;578.1143188476562;1
2024-12-06 13:50:00+01:00;578.1072998046875;578.1151123046875;578.1069946289062;578.1151123046875;578.1151123046875;8
2024-12-06 13:52:00+01:00;578.1090087890625;578.1090087890625;578.1090087890625;578.1090087890625;578.1090087890625;2
2024-12-06 13:53:00+01:00;578.1024780273438;578.1168212890625;578.0977172851562;578.1168212890625;578.1168212890625;15
2024-12-06 13:56:00+01:00;578.1973266601562;578.1973266601562;578.0093994140625;578.0093994140625;578.0093994140625;9
2024-12-06 13:57:00+01:00;578.0941162109375;578.0941162109375;578.0941162109375;578.0941162109375;578.0941162109375;2
2024-12-06 13:58:00+01:00;578.093994140625;578.093994140625;578.093994140625;578.093994140625;578.093994140625;11
2024-12-06 13:59:00+01:00;578.1704711914062;578.1704711914062;578.1704711914062;578.1704711914062;578.1704711914062;1
2024-12-06 14:00:00+01:00;578.16162109375;578.1906127929688;578.1610717773438;578.1906127929688;578.1906127929688;26
2024-12-06 14:01:00+01:00;578.2186889648438;578.2186889648438;577.9500122070312;577.9500122070312;577.9500122070312;6
2024-12-06 14:02:00+01:00;578.2022705078125;578.2022705078125;578.1964111328125;578.1964111328125;578.1964111328125;4
2024-12-06 14:03:00+01:00;578.1085205078125;578.1085205078125;578.1082153320312;578.1082153320312;578.1082153320312;4
2024-12-06 14:04:00+01:00;578.1038818359375;578.1038818359375;578.1002807617188;578.1002807617188;578.1002807617188;11
2024-12-06 14:05:00+01:00;578.1121215820312;578.1740112304688;578.1121215820312;578.1740112304688;578.1740112304688;9
2024-12-06 14:07:00+01:00;578.1491088867188;578.149169921875;578.1491088867188;578.149169921875;578.149169921875;15
2024-12-06 14:08:00+01:00;578.173583984375;578.173583984375;578.171875;578.171875;578.171875;4
2024-12-06 14:09:00+01:00;578.168701171875;578.168701171875;578.168701171875;578.168701171875;578.168701171875;2
2024-12-06 14:11:00+01:00;578.2374267578125;578.2374267578125;578.1535034179688;578.1535034179688;578.1535034179688;4
2024-12-06 14:12:00+01:00;578.1469116210938;578.1469116210938;578.1469116210938;578.1469116210938;578.1469116210938;1
2024-12-06 14:13:00+01:00;578.1461791992188;578.1461791992188;578.1461791992188;578.1461791992188;578.1461791992188;2
2024-12-06 14:14:00+01:00;578.1416015625;578.1416015625;578.1409912109375;578.1409912109375;578.1409912109375;10
2024-12-06 14:17:00+01:00;578.14990234375;578.14990234375;578.14990234375;578.14990234375;578.14990234375;6
2024-12-06 14:19:00+01:00;578.14990234375;578.14990234375;578.14990234375;578.14990234375;578.14990234375;5
2024-12-06 14:20:00+01:00;578.14990234375;578.2255859375;578.14990234375;578.2255859375;578.2255859375;15
2024-12-06 14:21:00+01:00;577.8385009765625;577.8385009765625;577.7999877929688;577.7999877929688;577.7999877929688;14
2024-12-06 14:22:00+01:00;577.739990234375;577.9763793945312;577.7000122070312;577.9671020507812;577.9671020507812;17
2024-12-06 14:23:00+01:00;577.9998779296875;577.9998779296875;577.9998779296875;577.9998779296875;577.9998779296875;1
2024-12-06 14:24:00+01:00;578.0424194335938;578.0424194335938;578.0;578.0;578.0;6
2024-12-06 14:25:00+01:00;578.0;578.1453247070312;578.0;578.0;578.0;13
2024-12-06 14:26:00+01:00;578.1380004882812;578.1380004882812;578.1296997070312;578.1296997070312;578.1296997070312;2
2024-12-06 14:27:00+01:00;577.8499755859375;577.88818359375;577.7191772460938;577.88818359375;577.88818359375;43
2024-12-06 14:28:00+01:00;577.8197021484375;577.8197021484375;577.719970703125;577.8192749023438;577.8192749023438;3
2024-12-06 14:29:00+01:00;577.5;578.0545043945312;577.5;577.8624267578125;577.8624267578125;20
2024-12-06 14:30:00+01:00;577.0999755859375;577.669677734375;576.9000244140625;577.265625;577.265625;653
2024-12-06 14:31:00+01:00;578.226806640625;578.6312866210938;578.0;578.0;578.0;178
2024-12-06 14:32:00+01:00;577.8375854492188;577.914306640625;577.3291015625;577.3291015625;577.3291015625;71
2024-12-06 14:33:00+01:00;577.3062744140625;577.34228515625;576.863525390625;576.96337890625;576.96337890625;40
2024-12-06 14:34:00+01:00;577.1121215820312;577.4490966796875;577.1121215820312;577.4490966796875;577.4490966796875;21
2024-12-06 14:35:00+01:00;577.2796020507812;577.3604736328125;577.2796020507812;577.3604736328125;577.3604736328125;19
2024-12-06 14:36:00+01:00;577.4788818359375;577.4788818359375;577.4404907226562;577.4404907226562;577.4404907226562;2
2024-12-06 14:37:00+01:00;577.3629760742188;577.5269165039062;577.3629760742188;577.5269165039062;577.5269165039062;14
2024-12-06 14:38:00+01:00;577.6301879882812;577.6301879882812;577.6301879882812;577.6301879882812;577.6301879882812;1
2024-12-06 14:39:00+01:00;577.7000732421875;577.7000732421875;577.2750854492188;577.2750854492188;577.2750854492188;74
2024-12-06 14:40:00+01:00;577.5850830078125;577.665283203125;577.5850830078125;577.665283203125;577.665283203125;19
2024-12-06 14:41:00+01:00;577.665283203125;577.665283203125;577.665283203125;577.665283203125;577.665283203125;1
2024-12-06 14:43:00+01:00;577.3795776367188;577.3796997070312;577.3795776367188;577.3796997070312;577.3796997070312;7
2024-12-06 14:44:00+01:00;577.5;577.5;577.5;577.5;577.5;1
2024-12-06 14:45:00+01:00;577.5261840820312;577.5604248046875;577.5261840820312;577.5604248046875;577.5604248046875;2
2024-12-06 14:47:00+01:00;577.9310302734375;577.9310302734375;577.9310302734375;577.9310302734375;577.9310302734375;2
2024-12-06 14:48:00+01:00;578.0421142578125;578.0421142578125;578.0421142578125;578.0421142578125;578.0421142578125;1
2024-12-06 14:49:00+01:00;578.0944213867188;578.0944213867188;578.0944213867188;578.0944213867188;578.0944213867188;3
2024-12-06 14:50:00+01:00;578.0;578.0;578.0;578.0;578.0;1
2024-12-06 14:51:00+01:00;577.4913940429688;577.8919067382812;577.4913940429688;577.861328125;577.861328125;7
2024-12-06 14:52:00+01:00;577.8486938476562;577.8486938476562;577.8466186523438;577.8466186523438;577.8466186523438;3
2024-12-06 14:53:00+01:00;577.82373046875;577.82373046875;577.82373046875;577.82373046875;577.82373046875;2
2024-12-06 14:54:00+01:00;577.80517578125;577.80517578125;577.789794921875;577.789794921875;577.789794921875;5
2024-12-06 14:55:00+01:00;577.8486938476562;577.8486938476562;577.8486938476562;577.8486938476562;577.8486938476562;3
2024-12-06 14:56:00+01:00;577.9581909179688;578.010498046875;577.9581909179688;578.010498046875;578.010498046875;3
2024-12-06 14:57:00+01:00;578.4511108398438;578.4511108398438;578.4511108398438;578.4511108398438;578.4511108398438;1
2024-12-06 14:58:00+01:00;578.034423828125;578.2868041992188;577.9736938476562;578.1531982421875;578.1531982421875;15
2024-12-06 15:00:00+01:00;578.1348266601562;578.1348266601562;578.1348266601562;578.1348266601562;578.1348266601562;4
2024-12-06 15:02:00+01:00;578.244384765625;578.6848754882812;578.244384765625;578.6848754882812;578.6848754882812;86
2024-12-06 15:03:00+01:00;578.809814453125;578.809814453125;578.809814453125;578.809814453125;578.809814453125;10
2024-12-06 15:04:00+01:00;578.8491821289062;578.8491821289062;578.8491821289062;578.8491821289062;578.8491821289062;1
2024-12-06 15:05:00+01:00;578.8099975585938;578.8099975585938;578.5477294921875;578.5477294921875;578.5477294921875;27
2024-12-06 15:07:00+01:00;578.6790771484375;578.8912963867188;578.6790771484375;578.8912963867188;578.8912963867188;63
2024-12-06 15:08:00+01:00;579.1076049804688;579.1076049804688;579.1076049804688;579.1076049804688;579.1076049804688;3
2024-12-06 15:09:00+01:00;579.1818237304688;579.1818237304688;579.1818237304688;579.1818237304688;579.1818237304688;1
2024-12-06 15:11:00+01:00;579.4515991210938;579.814697265625;579.2030029296875;579.814697265625;579.814697265625;40
2024-12-06 15:12:00+01:00;579.6185913085938;579.6185913085938;579.6185913085938;579.6185913085938;579.6185913085938;7
2024-12-06 15:13:00+01:00;579.2929077148438;579.5;579.1621704101562;579.1621704101562;579.1621704101562;77
2024-12-06 15:14:00+01:00;579.193603515625;579.193603515625;579.0;579.0;579.0;8
2024-12-06 15:15:00+01:00;579.3004760742188;579.3004760742188;579.3004760742188;579.3004760742188;579.3004760742188;1
2024-12-06 15:16:00+01:00;579.3410034179688;579.3411254882812;579.3410034179688;579.3411254882812;579.3411254882812;30
2024-12-06 15:18:00+01:00;579.1159057617188;579.1159057617188;579.1159057617188;579.1159057617188;579.1159057617188;1
2024-12-06 15:19:00+01:00;579.1287841796875;579.235595703125;579.1287841796875;579.235595703125;579.235595703125;5
2024-12-06 15:21:00+01:00;579.689697265625;579.689697265625;579.6779174804688;579.6779174804688;579.6779174804688;15
2024-12-06 15:22:00+01:00;579.5081176757812;579.5081176757812;579.5081176757812;579.5081176757812;579.5081176757812;1
2024-12-06 15:23:00+01:00;579.239990234375;579.239990234375;579.1317749023438;579.1317749023438;579.1317749023438;24
2024-12-06 15:25:00+01:00;579.2127075195312;579.2127075195312;579.2127075195312;579.2127075195312;579.2127075195312;1
2024-12-06 15:26:00+01:00;579.4063110351562;579.4063110351562;579.4063110351562;579.4063110351562;579.4063110351562;1
2024-12-06 15:28:00+01:00;578.9000244140625;579.0321044921875;578.9000244140625;579.0321044921875;579.0321044921875;6
2024-12-06 15:29:00+01:00;579.0321044921875;579.0321044921875;579.0321044921875;579.0321044921875;579.0321044921875;15
2024-12-06 15:32:00+01:00;579.0822143554688;579.0822143554688;579.0822143554688;579.0822143554688;579.0822143554688;5
2024-12-06 15:37:00+01:00;579.6829833984375;579.6829833984375;579.6829833984375;579.6829833984375;579.6829833984375;5
2024-12-06 15:39:00+01:00;579.8305053710938;579.8305053710938;579.75;579.75;579.75;10
2024-12-06 15:42:00+01:00;579.5546264648438;579.7365112304688;579.5546264648438;579.7354125976562;579.7354125976562;64
2024-12-06 15:43:00+01:00;579.7266845703125;579.7352905273438;579.7266845703125;579.7352905273438;579.7352905273438;2
2024-12-06 15:44:00+01:00;579.5;579.5;579.5;579.5;579.5;4
2024-12-06 15:45:00+01:00;579.617919921875;579.617919921875;579.617919921875;579.617919921875;579.617919921875;2
2024-12-06 15:46:00+01:00;579.63720703125;579.63720703125;579.63720703125;579.63720703125;579.63720703125;22
2024-12-06 15:47:00+01:00;579.6995849609375;579.9661254882812;579.6995849609375;579.9661254882812;579.9661254882812;5
2024-12-06 15:48:00+01:00;579.522705078125;579.9627075195312;579.522705078125;579.9627075195312;579.9627075195312;17
2024-12-06 15:49:00+01:00;579.9990234375;579.9990234375;579.9990234375;579.9990234375;579.9990234375;3
2024-12-06 15:51:00+01:00;579.6820068359375;579.7838134765625;579.6820068359375;579.7838134765625;579.7838134765625;24
2024-12-06 15:53:00+01:00;579.8494262695312;579.8494262695312;579.8494262695312;579.8494262695312;579.8494262695312;1
2024-12-06 15:54:00+01:00;579.8480834960938;579.8480834960938;579.6572265625;579.7249145507812;579.7249145507812;170
2024-12-06 15:56:00+01:00;579.7199096679688;579.7199096679688;579.7199096679688;579.7199096679688;579.7199096679688;26
2024-12-06 15:57:00+01:00;579.9191284179688;579.9191284179688;579.9191284179688;579.9191284179688;579.9191284179688;3
2024-12-06 15:58:00+01:00;579.7999267578125;579.7999267578125;579.7999267578125;579.7999267578125;579.7999267578125;2
2024-12-06 15:59:00+01:00;579.7999267578125;579.8150024414062;579.7999267578125;579.8150024414062;579.8150024414062;324
2024-12-06 16:00:00+01:00;580.10888671875;580.239501953125;580.10888671875;580.239501953125;580.239501953125;2
2024-12-06 16:01:00+01:00;580.5313110351562;580.5313110351562;580.5313110351562;580.5313110351562;580.5313110351562;2
2024-12-06 16:02:00+01:00;580.2000732421875;580.2000732421875;580.0;580.0;580.0;70
2024-12-06 16:03:00+01:00;580.2429809570312;580.2431030273438;580.2429809570312;580.2431030273438;580.2431030273438;42
2024-12-06 16:04:00+01:00;580.2429809570312;580.3128051757812;580.2391967773438;580.2393798828125;580.2393798828125;16
2024-12-06 16:05:00+01:00;580.239990234375;580.310791015625;580.239990234375;580.310791015625;580.310791015625;7
2024-12-06 16:06:00+01:00;580.3555297851562;580.3555297851562;579.9932861328125;579.9932861328125;579.9932861328125;8
2024-12-06 16:07:00+01:00;580.4097900390625;580.4097900390625;580.4097900390625;580.4097900390625;580.4097900390625;1
2024-12-06 16:08:00+01:00;580.4193115234375;580.4193115234375;580.4193115234375;580.4193115234375;580.4193115234375;44
2024-12-06 16:10:00+01:00;580.64990234375;580.64990234375;580.3568115234375;580.3568115234375;580.3568115234375;7
2024-12-06 16:11:00+01:00;580.64990234375;580.64990234375;580.64990234375;580.64990234375;580.64990234375;163
2024-12-06 16:12:00+01:00;580.7227783203125;580.889892578125;580.7227783203125;580.889892578125;580.889892578125;27
2024-12-06 16:13:00+01:00;580.9274291992188;580.9990844726562;580.9265747070312;580.9265747070312;580.9265747070312;10
2024-12-06 16:15:00+01:00;580.82470703125;580.82470703125;580.498779296875;580.498779296875;580.498779296875;10
2024-12-06 16:16:00+01:00;581.0;581.0;581.0;581.0;581.0;25
2024-12-06 16:17:00+01:00;581.0534057617188;581.0534057617188;581.0534057617188;581.0534057617188;581.0534057617188;5
2024-12-06 16:19:00+01:00;581.1998291015625;581.2871704101562;581.1998291015625;581.2871704101562;581.2871704101562;6
2024-12-06 16:20:00+01:00;580.8076782226562;580.8076782226562;580.8076782226562;580.8076782226562;580.8076782226562;1
2024-12-06 16:21:00+01:00;581.1392822265625;581.1392822265625;581.1392822265625;581.1392822265625;581.1392822265625;2
2024-12-06 16:23:00+01:00;580.6724243164062;580.9979858398438;580.6724243164062;580.9979858398438;580.9979858398438;5
2024-12-06 16:24:00+01:00;580.8737182617188;580.8737182617188;580.7335815429688;580.7335815429688;580.7335815429688;4
2024-12-06 16:25:00+01:00;580.640625;580.640625;580.640625;580.640625;580.640625;2
2024-12-06 16:26:00+01:00;580.731689453125;580.731689453125;580.731689453125;580.731689453125;580.731689453125;5
2024-12-06 16:27:00+01:00;580.8292846679688;580.8292846679688;580.8292846679688;580.8292846679688;580.8292846679688;1
2024-12-06 16:28:00+01:00;580.7619018554688;580.8209228515625;580.7619018554688;580.8209228515625;580.8209228515625;54
2024-12-06 16:29:00+01:00;580.732177734375;580.732177734375;580.7260131835938;580.7260131835938;580.7260131835938;4
2024-12-06 16:31:00+01:00;580.642578125;580.6497192382812;580.642578125;580.6497192382812;580.6497192382812;6
2024-12-06 16:34:00+01:00;580.7772216796875;580.7772216796875;580.7772216796875;580.7772216796875;580.7772216796875;3
2024-12-06 16:35:00+01:00;580.7938842773438;580.7938842773438;580.7938842773438;580.7938842773438;580.7938842773438;1
2024-12-06 16:36:00+01:00;581.0570068359375;581.0570068359375;580.7001953125;580.7001953125;580.7001953125;8
2024-12-06 16:37:00+01:00;581.0631103515625;581.0631103515625;581.0615234375;581.0615234375;581.0615234375;3
2024-12-06 16:39:00+01:00;581.1373901367188;581.2424926757812;581.1373901367188;581.2424926757812;581.2424926757812;3
2024-12-06 16:40:00+01:00;581.3554077148438;581.3554077148438;581.3554077148438;581.3554077148438;581.3554077148438;6
2024-12-06 16:41:00+01:00;581.4454956054688;581.44580078125;580.9744873046875;580.9744873046875;580.9744873046875;19
2024-12-06 16:42:00+01:00;581.3629760742188;581.3629760742188;581.3560180664062;581.3560180664062;581.3560180664062;6
2024-12-06 16:43:00+01:00;581.3438110351562;581.3438110351562;580.942626953125;580.942626953125;580.942626953125;11
2024-12-06 16:44:00+01:00;581.24658203125;581.24658203125;581.24658203125;581.24658203125;581.24658203125;1
2024-12-06 16:45:00+01:00;580.8588256835938;580.8588256835938;580.8587036132812;580.8587036132812;580.8587036132812;28
2024-12-06 16:46:00+01:00;581.0349731445312;581.0349731445312;581.0349731445312;581.0349731445312;581.0349731445312;1
2024-12-06 16:47:00+01:00;580.9710083007812;580.9827270507812;580.5418090820312;580.5418090820312;580.5418090820312;114
2024-12-06 16:49:00+01:00;580.7423706054688;580.7424926757812;580.7423706054688;580.7424926757812;580.7424926757812;40
2024-12-06 16:50:00+01:00;580.6868286132812;580.6870727539062;580.6868286132812;580.6868286132812;580.6868286132812;11
2024-12-06 16:51:00+01:00;580.3989868164062;580.3989868164062;580.3989868164062;580.3989868164062;580.3989868164062;1
2024-12-06 16:52:00+01:00;580.4688720703125;580.5734252929688;580.1047973632812;580.4835205078125;580.4835205078125;197
2024-12-06 16:54:00+01:00;580.591796875;580.591796875;580.5233154296875;580.5233154296875;580.5233154296875;130
2024-12-06 16:55:00+01:00;580.5213012695312;580.5213012695312;580.5213012695312;580.5213012695312;580.5213012695312;1
2024-12-06 16:56:00+01:00;580.4310913085938;580.4310913085938;580.4310913085938;580.4310913085938;580.4310913085938;6
2024-12-06 16:58:00+01:00;580.4697265625;580.5650024414062;580.4697265625;580.5650024414062;580.5650024414062;3
2024-12-06 16:59:00+01:00;580.614501953125;580.614501953125;580.614501953125;580.614501953125;580.614501953125;1
2024-12-06 17:00:00+01:00;580.6099243164062;580.6099243164062;580.6099243164062;580.6099243164062;580.6099243164062;2
2024-12-06 17:01:00+01:00;580.6296997070312;580.6298217773438;580.6295776367188;580.6295776367188;580.6295776367188;57
2024-12-06 17:02:00+01:00;580.7860717773438;580.8314819335938;580.7860717773438;580.8314819335938;580.8314819335938;78
2024-12-06 17:04:00+01:00;580.6295166015625;580.8615112304688;580.6295166015625;580.8615112304688;580.8615112304688;16
2024-12-06 17:08:00+01:00;580.8778076171875;580.8778076171875;580.6099243164062;580.6099243164062;580.6099243164062;5
2024-12-06 17:10:00+01:00;580.1010131835938;580.1010131835938;580.1010131835938;580.1010131835938;580.1010131835938;12
2024-12-06 17:11:00+01:00;580.4700927734375;580.4700927734375;580.403076171875;580.403076171875;580.403076171875;6
2024-12-06 17:12:00+01:00;580.0999755859375;580.0999755859375;580.0999755859375;580.0999755859375;580.0999755859375;3
2024-12-06 17:13:00+01:00;580.0;580.0;579.719970703125;579.719970703125;579.719970703125;44
2024-12-06 17:14:00+01:00;579.815673828125;579.815673828125;579.815673828125;579.815673828125;579.815673828125;5
2024-12-06 17:15:00+01:00;579.6478271484375;580.0468139648438;579.6478271484375;580.0468139648438;580.0468139648438;23
2024-12-06 17:17:00+01:00;580.2529296875;580.2529296875;580.2529296875;580.2529296875;580.2529296875;1
2024-12-06 17:18:00+01:00;580.0130004882812;580.0130004882812;580.0130004882812;580.0130004882812;580.0130004882812;1
2024-12-06 17:19:00+01:00;580.080810546875;580.080810546875;580.080810546875;580.080810546875;580.080810546875;1
2024-12-06 17:20:00+01:00;579.8200073242188;579.8200073242188;579.7999877929688;579.7999877929688;579.7999877929688;8
2024-12-06 17:21:00+01:00;579.8922119140625;579.8922119140625;579.6199951171875;579.6199951171875;579.6199951171875;4
2024-12-06 17:22:00+01:00;579.5684204101562;579.5684204101562;579.5684204101562;579.5684204101562;579.5684204101562;10
2024-12-06 17:24:00+01:00;579.6528930664062;579.6530151367188;579.6528930664062;579.6530151367188;579.6530151367188;42
2024-12-06 17:25:00+01:00;579.6892700195312;579.6892700195312;579.6892700195312;579.6892700195312;579.6892700195312;4
2024-12-06 17:28:00+01:00;579.7363891601562;579.7363891601562;579.6900024414062;579.7291870117188;579.7291870117188;9
2024-12-06 17:29:00+01:00;579.7567138671875;579.8278198242188;579.7000122070312;579.8142700195312;579.8142700195312;14
