Datetime;Open;High;Low;Close;Adj Close;Volume
2024-11-08 09:04:00+01:00;558.5977783203125;558.6234741210938;558.5;558.5;558.5;0
2024-11-08 09:05:00+01:00;558.392578125;558.392578125;558.392578125;558.392578125;558.392578125;20
2024-11-08 09:07:00+01:00;558.5369262695312;558.5369262695312;558.39892578125;558.39892578125;558.39892578125;11
2024-11-08 09:08:00+01:00;558.4152221679688;558.5328979492188;558.4152221679688;558.5328979492188;558.5328979492188;53
2024-11-08 09:09:00+01:00;558.1439819335938;558.5316772460938;558.1439819335938;558.5250244140625;558.5250244140625;6
2024-11-08 09:10:00+01:00;558.2030029296875;558.360595703125;558.2030029296875;558.360595703125;558.360595703125;14
2024-11-08 09:11:00+01:00;558.4254760742188;558.5706176757812;558.4254760742188;558.50439453125;558.50439453125;11
2024-11-08 09:12:00+01:00;558.5150146484375;558.5150146484375;558.5117797851562;558.5117797851562;558.5117797851562;21
2024-11-08 09:13:00+01:00;558.4404296875;558.4515991210938;558.2952270507812;558.2952270507812;558.2952270507812;7
2024-11-08 09:15:00+01:00;558.2998046875;558.2998046875;558.2998046875;558.2998046875;558.2998046875;2
2024-11-08 09:16:00+01:00;558.6317749023438;558.6317749023438;558.6317749023438;558.6317749023438;558.6317749023438;7
2024-11-08 09:17:00+01:00;558.63037109375;558.63037109375;558.63037109375;558.63037109375;558.63037109375;1
2024-11-08 09:18:00+01:00;558.45947265625;558.45947265625;558.4376220703125;558.4376220703125;558.4376220703125;2
2024-11-08 09:19:00+01:00;558.3505859375;558.3505859375;558.3505859375;558.3505859375;558.3505859375;4
2024-11-08 09:20:00+01:00;558.3480224609375;558.4085083007812;558.3480224609375;558.4085083007812;558.4085083007812;2
2024-11-08 09:22:00+01:00;558.5676879882812;558.5676879882812;558.5599975585938;558.5599975585938;558.5599975585938;3
2024-11-08 09:23:00+01:00;558.5659790039062;558.5659790039062;558.5659790039062;558.5659790039062;558.5659790039062;3
2024-11-08 09:24:00+01:00;558.5999755859375;558.5999755859375;558.4099731445312;558.4099731445312;558.4099731445312;59
2024-11-08 09:26:00+01:00;558.4022216796875;558.4022216796875;558.0800170898438;558.0800170898438;558.0800170898438;4
2024-11-08 09:27:00+01:00;558.0;558.2753295898438;558.0;558.2753295898438;558.2753295898438;16
2024-11-08 09:28:00+01:00;558.1527099609375;558.1527099609375;558.1527099609375;558.1527099609375;558.1527099609375;3
2024-11-08 09:29:00+01:00;557.7819213867188;558.02001953125;557.7819213867188;558.02001953125;558.02001953125;61
2024-11-08 09:30:00+01:00;558.0;558.0;558.0;558.0;558.0;3
2024-11-08 09:32:00+01:00;558.1546020507812;558.1546020507812;558.1546020507812;558.1546020507812;558.1546020507812;1
2024-11-08 09:33:00+01:00;558.0693969726562;558.084716796875;558.0693969726562;558.084716796875;558.084716796875;13
2024-11-08 09:34:00+01:00;558.2359008789062;558.2666015625;558.0999755859375;558.2666015625;558.2666015625;5
2024-11-08 09:35:00+01:00;558.2531127929688;558.2531127929688;558.1549072265625;558.1549072265625;558.1549072265625;5
2024-11-08 09:36:00+01:00;558.1685791015625;558.1705932617188;558.16650390625;558.16650390625;558.16650390625;13
2024-11-08 09:38:00+01:00;558.2208862304688;558.2208862304688;558.2103271484375;558.2103271484375;558.2103271484375;14
2024-11-08 09:39:00+01:00;558.3126220703125;558.3922729492188;558.3126220703125;558.3922729492188;558.3922729492188;3
2024-11-08 09:40:00+01:00;558.3828735351562;558.3828735351562;558.1378173828125;558.353271484375;558.353271484375;21
2024-11-08 09:41:00+01:00;558.3118286132812;558.3118286132812;558.3118286132812;558.3118286132812;558.3118286132812;2
2024-11-08 09:43:00+01:00;558.3109741210938;558.3109741210938;558.3109741210938;558.3109741210938;558.3109741210938;1
2024-11-08 09:44:00+01:00;558.2545166015625;558.2647094726562;558.2545166015625;558.2647094726562;558.2647094726562;104
2024-11-08 09:45:00+01:00;558.0;558.0;557.9215698242188;557.9215698242188;557.9215698242188;21
2024-11-08 09:46:00+01:00;558.0357055664062;558.0357055664062;558.0357055664062;558.0357055664062;558.0357055664062;2
2024-11-08 09:47:00+01:00;557.9807739257812;557.9807739257812;557.9807739257812;557.9807739257812;557.9807739257812;1
2024-11-08 09:48:00+01:00;557.9616088867188;557.9616088867188;557.9063720703125;557.9063720703125;557.9063720703125;2
2024-11-08 09:49:00+01:00;557.9254150390625;557.9434204101562;557.9254150390625;557.9434204101562;557.9434204101562;46
2024-11-08 09:50:00+01:00;557.8433227539062;557.8433227539062;557.8433227539062;557.8433227539062;557.8433227539062;10
2024-11-08 09:51:00+01:00;557.83740234375;557.83740234375;557.5247192382812;557.7999877929688;557.7999877929688;12
2024-11-08 09:52:00+01:00;557.8369750976562;557.8369750976562;557.7352905273438;557.7352905273438;557.7352905273438;13
2024-11-08 09:53:00+01:00;557.9901123046875;558.0336303710938;557.9901123046875;558.0336303710938;558.0336303710938;18
2024-11-08 09:54:00+01:00;557.9000244140625;558.0;557.9000244140625;557.9636840820312;557.9636840820312;11
2024-11-08 09:55:00+01:00;557.9686889648438;557.9686889648438;557.9686889648438;557.9686889648438;557.9686889648438;2
2024-11-08 09:56:00+01:00;557.5183715820312;557.8991088867188;557.5183715820312;557.5183715820312;557.5183715820312;46
2024-11-08 09:58:00+01:00;557.8994750976562;557.8994750976562;557.8994750976562;557.8994750976562;557.8994750976562;89
2024-11-08 10:00:00+01:00;557.8994750976562;557.8994750976562;557.8994750976562;557.8994750976562;557.8994750976562;3
2024-11-08 10:01:00+01:00;557.8842163085938;557.8842163085938;557.8826293945312;557.8826293945312;557.8826293945312;4
2024-11-08 10:02:00+01:00;557.8829956054688;557.8829956054688;557.8823852539062;557.8823852539062;557.8823852539062;109
2024-11-08 10:03:00+01:00;557.8529052734375;557.8529052734375;557.8529052734375;557.8529052734375;557.8529052734375;2
2024-11-08 10:04:00+01:00;557.8145751953125;557.8145751953125;557.452880859375;557.764404296875;557.764404296875;39
2024-11-08 10:05:00+01:00;557.5452270507812;557.5452270507812;557.5316772460938;557.5316772460938;557.5316772460938;2
2024-11-08 10:06:00+01:00;557.55810546875;557.6041870117188;557.55810546875;557.6041870117188;557.6041870117188;20
2024-11-08 10:07:00+01:00;557.6251831054688;557.6251831054688;557.6218872070312;557.6251220703125;557.6251220703125;35
2024-11-08 10:09:00+01:00;557.58349609375;557.58349609375;557.58349609375;557.58349609375;557.58349609375;1
2024-11-08 10:10:00+01:00;557.5623779296875;557.5623779296875;557.5623779296875;557.5623779296875;557.5623779296875;2
2024-11-08 10:11:00+01:00;557.2506103515625;557.60302734375;557.2506103515625;557.60302734375;557.60302734375;5
2024-11-08 10:12:00+01:00;557.595703125;557.595703125;557.595703125;557.595703125;557.595703125;5
2024-11-08 10:14:00+01:00;557.6713256835938;557.7205200195312;557.6713256835938;557.7205200195312;557.7205200195312;8
2024-11-08 10:15:00+01:00;557.7999877929688;557.7999877929688;557.7999877929688;557.7999877929688;557.7999877929688;1
2024-11-08 10:16:00+01:00;557.7977905273438;557.7977905273438;557.7581176757812;557.7581176757812;557.7581176757812;8
2024-11-08 10:17:00+01:00;557.7921142578125;557.7921142578125;557.7241821289062;557.7241821289062;557.7241821289062;22
2024-11-08 10:18:00+01:00;557.70068359375;557.70068359375;557.70068359375;557.70068359375;557.70068359375;1
2024-11-08 10:19:00+01:00;557.657470703125;557.657470703125;557.6513061523438;557.6513061523438;557.6513061523438;2
2024-11-08 10:20:00+01:00;557.6270751953125;557.6270751953125;557.6270751953125;557.6270751953125;557.6270751953125;5
2024-11-08 10:21:00+01:00;557.5825805664062;557.5825805664062;557.5825805664062;557.5825805664062;557.5825805664062;2
2024-11-08 10:22:00+01:00;557.5698852539062;557.782470703125;557.5698852539062;557.782470703125;557.782470703125;65
2024-11-08 10:24:00+01:00;557.5402221679688;557.7564086914062;557.5402221679688;557.7564086914062;557.7564086914062;4
2024-11-08 10:25:00+01:00;557.7564086914062;557.8134155273438;557.7564086914062;557.8134155273438;557.8134155273438;28
2024-11-08 10:26:00+01:00;557.8402709960938;557.9317016601562;557.8402709960938;557.8402709960938;557.8402709960938;7
2024-11-08 10:27:00+01:00;557.7000122070312;557.7000122070312;557.6160888671875;557.6160888671875;557.6160888671875;150
2024-11-08 10:28:00+01:00;557.9022216796875;557.9022216796875;557.6510009765625;557.6510009765625;557.6510009765625;6
2024-11-08 10:29:00+01:00;557.9577026367188;557.9577026367188;557.94140625;557.94140625;557.94140625;16
2024-11-08 10:30:00+01:00;557.5831298828125;557.9219970703125;557.5831298828125;557.8831176757812;557.8831176757812;5
2024-11-08 10:31:00+01:00;557.85107421875;557.85107421875;557.8504028320312;557.8504028320312;557.8504028320312;5
2024-11-08 10:32:00+01:00;557.8436279296875;557.8436279296875;557.5399780273438;557.5399780273438;557.5399780273438;6
2024-11-08 10:33:00+01:00;557.8114013671875;557.8114013671875;557.7971801757812;557.7988891601562;557.7988891601562;10
2024-11-08 10:34:00+01:00;557.5399780273438;557.7880249023438;557.5001220703125;557.5001220703125;557.5001220703125;48
2024-11-08 10:35:00+01:00;557.7000122070312;557.7000122070312;557.7000122070312;557.7000122070312;557.7000122070312;2
2024-11-08 10:36:00+01:00;557.7894287109375;557.7894287109375;557.5999755859375;557.5999755859375;557.5999755859375;17
2024-11-08 10:37:00+01:00;557.8145141601562;557.8145141601562;557.8145141601562;557.8145141601562;557.8145141601562;2
2024-11-08 10:38:00+01:00;557.7957153320312;557.7957153320312;557.5;557.5;557.5;269
2024-11-08 10:39:00+01:00;557.7628173828125;557.7628173828125;557.510009765625;557.510009765625;557.510009765625;60
2024-11-08 10:40:00+01:00;557.68408203125;557.68408203125;557.68408203125;557.68408203125;557.68408203125;19
2024-11-08 10:41:00+01:00;557.69677734375;557.69677734375;557.6796264648438;557.6796264648438;557.6796264648438;39
2024-11-08 10:42:00+01:00;557.6729736328125;557.6729736328125;557.6663818359375;557.6663818359375;557.6663818359375;4
2024-11-08 10:45:00+01:00;557.4000244140625;557.6423950195312;557.4000244140625;557.6409912109375;557.6409912109375;12
2024-11-08 10:46:00+01:00;557.6732788085938;557.6732788085938;557.3176879882812;557.3176879882812;557.3176879882812;4
2024-11-08 10:47:00+01:00;557.2999877929688;557.2999877929688;557.2999877929688;557.2999877929688;557.2999877929688;2
2024-11-08 10:48:00+01:00;557.215087890625;557.215087890625;557.138671875;557.138671875;557.138671875;22
2024-11-08 10:49:00+01:00;557.3397827148438;557.3397827148438;557.3397827148438;557.3397827148438;557.3397827148438;1
2024-11-08 10:50:00+01:00;557.4417114257812;557.4417114257812;557.4417114257812;557.4417114257812;557.4417114257812;5
2024-11-08 10:51:00+01:00;557.4400024414062;557.54150390625;557.4400024414062;557.54150390625;557.54150390625;191
2024-11-08 10:52:00+01:00;557.6036987304688;557.6036987304688;557.5999755859375;557.5999755859375;557.5999755859375;11
2024-11-08 10:53:00+01:00;557.3244018554688;557.3244018554688;557.3244018554688;557.3244018554688;557.3244018554688;10
2024-11-08 10:54:00+01:00;557.748779296875;557.748779296875;557.748779296875;557.748779296875;557.748779296875;2
2024-11-08 10:55:00+01:00;557.648193359375;557.648193359375;557.648193359375;557.648193359375;557.648193359375;20
2024-11-08 10:57:00+01:00;557.5728759765625;557.5728759765625;557.5728759765625;557.5728759765625;557.5728759765625;1
2024-11-08 11:00:00+01:00;557.3541870117188;557.3646850585938;557.3541870117188;557.3624877929688;557.3624877929688;3
2024-11-08 11:01:00+01:00;557.3471069335938;557.3471069335938;557.3471069335938;557.3471069335938;557.3471069335938;1
2024-11-08 11:02:00+01:00;557.0034790039062;557.0034790039062;557.0034790039062;557.0034790039062;557.0034790039062;1
2024-11-08 11:03:00+01:00;557.4290161132812;557.4290161132812;557.4254150390625;557.4254150390625;557.4254150390625;2
2024-11-08 11:04:00+01:00;557.4204711914062;557.4204711914062;557.4168090820312;557.4168090820312;557.4168090820312;2
2024-11-08 11:05:00+01:00;557.3786010742188;557.3786010742188;557.3786010742188;557.3786010742188;557.3786010742188;25
2024-11-08 11:06:00+01:00;557.2907104492188;557.2907104492188;557.0;557.1541137695312;557.1541137695312;221
2024-11-08 11:07:00+01:00;557.1450805664062;557.1563720703125;557.0877075195312;557.0877075195312;557.0877075195312;186
2024-11-08 11:08:00+01:00;557.0789794921875;557.0789794921875;557.0789794921875;557.0789794921875;557.0789794921875;3
2024-11-08 11:09:00+01:00;557.0816040039062;557.0828857421875;557.0816040039062;557.0828857421875;557.0828857421875;13
2024-11-08 11:10:00+01:00;557.1500854492188;557.1500854492188;557.1500854492188;557.1500854492188;557.1500854492188;2
2024-11-08 11:11:00+01:00;557.1395874023438;557.1614990234375;557.1395874023438;557.1614990234375;557.1614990234375;2
2024-11-08 11:12:00+01:00;556.900390625;556.900390625;556.900390625;556.900390625;556.900390625;5
2024-11-08 11:14:00+01:00;556.9000244140625;556.9000244140625;556.9000244140625;556.9000244140625;556.9000244140625;1
2024-11-08 11:17:00+01:00;557.0880737304688;557.1439819335938;557.0880737304688;557.1439819335938;557.1439819335938;2
2024-11-08 11:19:00+01:00;557.0745849609375;557.1494750976562;557.0745849609375;557.1494750976562;557.1494750976562;4
2024-11-08 11:20:00+01:00;557.1494750976562;557.1494750976562;557.0798950195312;557.0798950195312;557.0798950195312;4
2024-11-08 11:21:00+01:00;557.0521240234375;557.22119140625;557.0521240234375;557.22119140625;557.22119140625;43
2024-11-08 11:22:00+01:00;557.2265014648438;557.2271118164062;557.2265014648438;557.2271118164062;557.2271118164062;2
2024-11-08 11:24:00+01:00;557.201171875;557.201171875;557.201171875;557.201171875;557.201171875;3
2024-11-08 11:25:00+01:00;557.1369018554688;557.1369018554688;557.1369018554688;557.1369018554688;557.1369018554688;1
2024-11-08 11:26:00+01:00;556.9000244140625;556.9000244140625;556.9000244140625;556.9000244140625;556.9000244140625;8
2024-11-08 11:27:00+01:00;556.9000244140625;557.0494995117188;556.9000244140625;557.0494995117188;557.0494995117188;48
2024-11-08 11:28:00+01:00;557.043212890625;557.043212890625;557.043212890625;557.043212890625;557.043212890625;2
2024-11-08 11:29:00+01:00;557.0266723632812;557.0360107421875;557.0266723632812;557.0333251953125;557.0333251953125;39
2024-11-08 11:30:00+01:00;556.7999877929688;556.980712890625;556.5999755859375;556.5999755859375;556.5999755859375;67
2024-11-08 11:31:00+01:00;556.5399780273438;556.828125;556.530029296875;556.828125;556.828125;22
2024-11-08 11:32:00+01:00;556.7835083007812;556.7835083007812;556.7835083007812;556.7835083007812;556.7835083007812;1
2024-11-08 11:33:00+01:00;556.5263061523438;556.5263061523438;556.5263061523438;556.5263061523438;556.5263061523438;2
2024-11-08 11:35:00+01:00;556.5264282226562;556.823486328125;556.5264282226562;556.823486328125;556.823486328125;12
2024-11-08 11:36:00+01:00;556.8958740234375;556.8958740234375;556.8958740234375;556.8958740234375;556.8958740234375;6
2024-11-08 11:38:00+01:00;556.5263061523438;556.7451171875;556.5;556.7451171875;556.7451171875;40
2024-11-08 11:39:00+01:00;556.7396240234375;556.7396240234375;556.64111328125;556.64111328125;556.64111328125;41
2024-11-08 11:42:00+01:00;556.4686279296875;556.548583984375;556.4686279296875;556.548583984375;556.548583984375;24
2024-11-08 11:43:00+01:00;556.6309204101562;556.6309204101562;556.6309204101562;556.6309204101562;556.6309204101562;1
2024-11-08 11:44:00+01:00;556.610107421875;556.610107421875;556.60400390625;556.60400390625;556.60400390625;7
2024-11-08 11:45:00+01:00;556.3510131835938;556.3510131835938;556.3510131835938;556.3510131835938;556.3510131835938;1
2024-11-08 11:46:00+01:00;556.2852783203125;556.2852783203125;556.0001220703125;556.0001220703125;556.0001220703125;41
2024-11-08 11:47:00+01:00;556.2423095703125;556.2423095703125;556.2423095703125;556.2423095703125;556.2423095703125;2
2024-11-08 11:48:00+01:00;556.0;556.0123901367188;556.0;556.0089111328125;556.0089111328125;31
2024-11-08 11:49:00+01:00;556.0072021484375;556.0836181640625;556.0062255859375;556.014892578125;556.014892578125;12
2024-11-08 11:50:00+01:00;555.7030029296875;555.7030029296875;555.7030029296875;555.7030029296875;555.7030029296875;1
2024-11-08 11:51:00+01:00;556.2603759765625;556.2603759765625;556.197021484375;556.197021484375;556.197021484375;5
2024-11-08 11:52:00+01:00;556.0916748046875;556.0916748046875;556.0911254882812;556.0911254882812;556.0911254882812;2
2024-11-08 11:53:00+01:00;556.02001953125;556.02001953125;556.02001953125;556.02001953125;556.02001953125;1
2024-11-08 11:54:00+01:00;555.7640991210938;555.7640991210938;555.7640991210938;555.7640991210938;555.7640991210938;5
2024-11-08 11:55:00+01:00;556.0468139648438;556.0468139648438;556.0468139648438;556.0468139648438;556.0468139648438;2
2024-11-08 11:56:00+01:00;555.8079223632812;555.8079223632812;555.8079223632812;555.8079223632812;555.8079223632812;3
2024-11-08 11:59:00+01:00;556.1859741210938;556.1859741210938;556.1859741210938;556.1859741210938;556.1859741210938;1
2024-11-08 12:00:00+01:00;555.8795776367188;555.8795776367188;555.8795776367188;555.8795776367188;555.8795776367188;2
2024-11-08 12:01:00+01:00;555.7999877929688;555.7999877929688;555.6505737304688;555.6505737304688;555.6505737304688;35
2024-11-08 12:02:00+01:00;555.636474609375;555.636474609375;555.636474609375;555.636474609375;555.636474609375;20
2024-11-08 12:03:00+01:00;555.5020751953125;555.80859375;555.5020751953125;555.80859375;555.80859375;7
2024-11-08 12:04:00+01:00;555.8286743164062;555.8286743164062;555.7847900390625;555.8181762695312;555.8181762695312;10
2024-11-08 12:06:00+01:00;555.8569946289062;555.8569946289062;555.53759765625;555.53759765625;555.53759765625;5
2024-11-08 12:10:00+01:00;555.7949829101562;555.897216796875;555.7949829101562;555.897216796875;555.897216796875;2
2024-11-08 12:11:00+01:00;555.6513061523438;555.6513061523438;555.6513061523438;555.6513061523438;555.6513061523438;3
2024-11-08 12:13:00+01:00;555.8391723632812;555.8391723632812;555.8386840820312;555.8386840820312;555.8386840820312;10
2024-11-08 12:15:00+01:00;555.841796875;555.9033813476562;555.841796875;555.9033813476562;555.9033813476562;12
2024-11-08 12:17:00+01:00;555.9011840820312;555.9011840820312;555.9011840820312;555.9011840820312;555.9011840820312;20
2024-11-08 12:19:00+01:00;555.901123046875;555.901123046875;555.5410766601562;555.5410766601562;555.5410766601562;11
2024-11-08 12:22:00+01:00;555.4129028320312;555.4129028320312;555.4129028320312;555.4129028320312;555.4129028320312;25
2024-11-08 12:23:00+01:00;555.5499877929688;555.5499877929688;555.5499877929688;555.5499877929688;555.5499877929688;20
2024-11-08 12:24:00+01:00;555.5499877929688;555.5499877929688;555.5499877929688;555.5499877929688;555.5499877929688;2
2024-11-08 12:25:00+01:00;555.4199829101562;555.4199829101562;555.4199829101562;555.4199829101562;555.4199829101562;1
2024-11-08 12:26:00+01:00;555.569580078125;555.569580078125;555.569580078125;555.569580078125;555.569580078125;1
2024-11-08 12:27:00+01:00;555.5709838867188;555.5709838867188;555.5709838867188;555.5709838867188;555.5709838867188;2
2024-11-08 12:29:00+01:00;555.5881958007812;555.5881958007812;555.5881958007812;555.5881958007812;555.5881958007812;2
2024-11-08 12:30:00+01:00;555.6126098632812;555.6527099609375;555.5700073242188;555.5700073242188;555.5700073242188;383
2024-11-08 12:31:00+01:00;555.5700073242188;555.7694091796875;555.5700073242188;555.7694091796875;555.7694091796875;34
2024-11-08 12:33:00+01:00;555.88671875;555.88671875;555.7689819335938;555.7689819335938;555.7689819335938;4
2024-11-08 12:34:00+01:00;555.8826293945312;555.8826293945312;555.8779296875;555.8779296875;555.8779296875;3
2024-11-08 12:35:00+01:00;555.7760009765625;555.7760009765625;555.7760009765625;555.7760009765625;555.7760009765625;1
2024-11-08 12:38:00+01:00;555.7716064453125;555.7716064453125;555.7716064453125;555.7716064453125;555.7716064453125;2
2024-11-08 12:39:00+01:00;555.7642822265625;555.80322265625;555.7642822265625;555.80322265625;555.80322265625;6
2024-11-08 12:41:00+01:00;555.8900146484375;555.8900146484375;555.80908203125;555.80908203125;555.80908203125;53
2024-11-08 12:42:00+01:00;556.0089111328125;556.0841064453125;556.0089111328125;556.0841064453125;556.0841064453125;4
2024-11-08 12:43:00+01:00;555.7282104492188;555.7282104492188;555.7282104492188;555.7282104492188;555.7282104492188;50
2024-11-08 12:44:00+01:00;556.0765991210938;556.0765991210938;556.073486328125;556.073486328125;556.073486328125;11
2024-11-08 12:47:00+01:00;556.0574951171875;556.0574951171875;556.0574951171875;556.0574951171875;556.0574951171875;3
2024-11-08 12:49:00+01:00;556.0;556.0;556.0;556.0;556.0;11
2024-11-08 12:57:00+01:00;556.1102294921875;556.4035034179688;556.1102294921875;556.4000244140625;556.4000244140625;17
2024-11-08 12:58:00+01:00;556.3984985351562;556.3984985351562;556.0599975585938;556.2332153320312;556.2332153320312;16
2024-11-08 12:59:00+01:00;556.2924194335938;556.2924194335938;556.2924194335938;556.2924194335938;556.2924194335938;1
2024-11-08 13:01:00+01:00;556.29248046875;556.29248046875;556.29248046875;556.29248046875;556.29248046875;2
2024-11-08 13:02:00+01:00;556.3707885742188;556.3707885742188;556.3707885742188;556.3707885742188;556.3707885742188;1
2024-11-08 13:03:00+01:00;556.0844116210938;556.0844116210938;556.0844116210938;556.0844116210938;556.0844116210938;1
2024-11-08 13:04:00+01:00;556.2999877929688;556.2999877929688;556.2999877929688;556.2999877929688;556.2999877929688;25
2024-11-08 13:07:00+01:00;556.4962768554688;556.4962768554688;556.4937744140625;556.4937744140625;556.4937744140625;2
2024-11-08 13:08:00+01:00;556.4815063476562;556.4815063476562;556.47802734375;556.47802734375;556.47802734375;2
2024-11-08 13:09:00+01:00;556.475830078125;556.4882202148438;556.475830078125;556.4882202148438;556.4882202148438;11
2024-11-08 13:10:00+01:00;556.5;556.6273803710938;556.5;556.6273803710938;556.6273803710938;120
2024-11-08 13:12:00+01:00;556.7589111328125;556.7589111328125;556.7589111328125;556.7589111328125;556.7589111328125;2
2024-11-08 13:13:00+01:00;556.7512817382812;556.7512817382812;556.4398803710938;556.4398803710938;556.4398803710938;33
2024-11-08 13:14:00+01:00;556.7327880859375;556.7327880859375;556.7327880859375;556.7327880859375;556.7327880859375;3
2024-11-08 13:15:00+01:00;556.72900390625;556.72900390625;556.72900390625;556.72900390625;556.72900390625;3
2024-11-08 13:16:00+01:00;556.78369140625;556.78369140625;556.78369140625;556.78369140625;556.78369140625;2
2024-11-08 13:17:00+01:00;556.7780151367188;556.7780151367188;556.7780151367188;556.7780151367188;556.7780151367188;1
2024-11-08 13:18:00+01:00;556.7669067382812;556.7669067382812;556.7669067382812;556.7669067382812;556.7669067382812;1
2024-11-08 13:20:00+01:00;556.7606201171875;556.8455810546875;556.4578857421875;556.4578857421875;556.4578857421875;3
2024-11-08 13:22:00+01:00;556.893310546875;556.893310546875;556.893310546875;556.893310546875;556.893310546875;1
2024-11-08 13:25:00+01:00;556.867919921875;556.867919921875;556.867919921875;556.867919921875;556.867919921875;18
2024-11-08 13:28:00+01:00;557.081298828125;557.081298828125;557.081298828125;557.081298828125;557.081298828125;1
2024-11-08 13:29:00+01:00;557.0722045898438;557.0722045898438;557.0722045898438;557.0722045898438;557.0722045898438;1
2024-11-08 13:30:00+01:00;557.0657958984375;557.0659790039062;557.0657958984375;557.0659790039062;557.0659790039062;18
2024-11-08 13:31:00+01:00;557.1840209960938;557.1840209960938;557.181396484375;557.181396484375;557.181396484375;21
2024-11-08 13:32:00+01:00;557.0;557.1519775390625;557.0;557.1519775390625;557.1519775390625;6
2024-11-08 13:33:00+01:00;557.1409912109375;557.1409912109375;557.1380004882812;557.1380004882812;557.1380004882812;2
2024-11-08 13:36:00+01:00;557.0833740234375;557.0833740234375;557.0833740234375;557.0833740234375;557.0833740234375;1
2024-11-08 13:38:00+01:00;557.0181274414062;557.0181274414062;557.0181274414062;557.0181274414062;557.0181274414062;1
2024-11-08 13:40:00+01:00;557.18212890625;557.18212890625;557.18212890625;557.18212890625;557.18212890625;5
2024-11-08 13:42:00+01:00;557.3626708984375;557.3626708984375;557.3626708984375;557.3626708984375;557.3626708984375;7
2024-11-08 13:45:00+01:00;557.27197265625;557.27197265625;557.27197265625;557.27197265625;557.27197265625;24
2024-11-08 13:46:00+01:00;557.2719116210938;557.2719116210938;557.2719116210938;557.2719116210938;557.2719116210938;11
2024-11-08 13:47:00+01:00;557.02001953125;557.02001953125;556.9420166015625;556.9420166015625;556.9420166015625;2
2024-11-08 13:48:00+01:00;557.2012939453125;557.2012939453125;557.2012939453125;557.2012939453125;557.2012939453125;2
2024-11-08 13:49:00+01:00;557.14892578125;557.14892578125;557.14892578125;557.14892578125;557.14892578125;3
2024-11-08 13:50:00+01:00;556.776611328125;556.776611328125;556.776611328125;556.776611328125;556.776611328125;7
2024-11-08 13:52:00+01:00;557.2454223632812;557.2454223632812;557.219970703125;557.219970703125;557.219970703125;6
2024-11-08 13:53:00+01:00;556.9509887695312;557.219970703125;556.9509887695312;557.219970703125;557.219970703125;19
2024-11-08 13:56:00+01:00;557.2196044921875;557.2199096679688;557.2196044921875;557.2199096679688;557.2199096679688;8
2024-11-08 13:57:00+01:00;557.2199096679688;557.2199096679688;557.2000122070312;557.2000122070312;557.2000122070312;9
2024-11-08 13:59:00+01:00;557.219970703125;557.219970703125;556.9558715820312;556.9558715820312;556.9558715820312;23
2024-11-08 14:00:00+01:00;557.219970703125;557.219970703125;557.219970703125;557.219970703125;557.219970703125;18
2024-11-08 14:01:00+01:00;557.219970703125;557.219970703125;557.219970703125;557.219970703125;557.219970703125;49
2024-11-08 14:03:00+01:00;557.4896850585938;557.4896850585938;557.4896850585938;557.4896850585938;557.4896850585938;1
2024-11-08 14:06:00+01:00;557.6204833984375;557.6204833984375;557.6204833984375;557.6204833984375;557.6204833984375;12
2024-11-08 14:08:00+01:00;557.5286865234375;557.5286865234375;557.5286865234375;557.5286865234375;557.5286865234375;2
2024-11-08 14:09:00+01:00;557.219970703125;557.219970703125;557.219970703125;557.219970703125;557.219970703125;1
2024-11-08 14:15:00+01:00;557.3931274414062;557.4484252929688;557.3931274414062;557.4484252929688;557.4484252929688;2
2024-11-08 14:18:00+01:00;557.3118896484375;557.3762817382812;557.3118896484375;557.3762817382812;557.3762817382812;8
2024-11-08 14:20:00+01:00;557.4434204101562;557.4434204101562;557.4434204101562;557.4434204101562;557.4434204101562;1
2024-11-08 14:21:00+01:00;557.578125;557.578125;557.578125;557.578125;557.578125;2
2024-11-08 14:23:00+01:00;557.5798950195312;557.7589111328125;557.5798950195312;557.7589111328125;557.7589111328125;85
2024-11-08 14:24:00+01:00;557.7781982421875;557.7781982421875;557.7781982421875;557.7781982421875;557.7781982421875;40
2024-11-08 14:27:00+01:00;557.711669921875;557.711669921875;557.711669921875;557.711669921875;557.711669921875;1
2024-11-08 14:30:00+01:00;557.8248901367188;557.8248901367188;557.4500122070312;557.4500122070312;557.4500122070312;65
2024-11-08 14:31:00+01:00;557.719970703125;557.719970703125;557.4500122070312;557.4500122070312;557.4500122070312;7
2024-11-08 14:32:00+01:00;557.8397216796875;557.8397216796875;557.8397216796875;557.8397216796875;557.8397216796875;1
2024-11-08 14:33:00+01:00;557.77197265625;557.77197265625;557.4765014648438;557.4765014648438;557.4765014648438;102
2024-11-08 14:35:00+01:00;557.96142578125;557.99951171875;557.96142578125;557.99951171875;557.99951171875;4
2024-11-08 14:36:00+01:00;557.9757080078125;558.0;557.6538696289062;558.0;558.0;51
2024-11-08 14:38:00+01:00;558.0;558.0;558.0;558.0;558.0;30
2024-11-08 14:39:00+01:00;558.1494750976562;558.1494750976562;558.1494750976562;558.1494750976562;558.1494750976562;4
2024-11-08 14:40:00+01:00;558.1492919921875;558.1492919921875;558.14892578125;558.14892578125;558.14892578125;11
2024-11-08 14:41:00+01:00;558.0;558.0;558.0;558.0;558.0;3
2024-11-08 14:43:00+01:00;558.0308837890625;558.0308837890625;558.0308837890625;558.0308837890625;558.0308837890625;1
2024-11-08 14:45:00+01:00;557.752197265625;557.752197265625;557.752197265625;557.752197265625;557.752197265625;6
2024-11-08 14:47:00+01:00;557.9661254882812;558.0172729492188;557.9661254882812;558.0172729492188;558.0172729492188;3
2024-11-08 14:48:00+01:00;558.003173828125;558.003173828125;558.003173828125;558.003173828125;558.003173828125;1
2024-11-08 14:51:00+01:00;557.9328002929688;557.9328002929688;557.9328002929688;557.9328002929688;557.9328002929688;1
2024-11-08 14:52:00+01:00;557.9329223632812;557.9329223632812;557.8677978515625;557.8677978515625;557.8677978515625;2
2024-11-08 14:53:00+01:00;557.7880249023438;557.7880249023438;557.7880249023438;557.7880249023438;557.7880249023438;8
2024-11-08 14:54:00+01:00;557.8137817382812;557.8137817382812;557.8073120117188;557.8073120117188;557.8073120117188;3
2024-11-08 14:56:00+01:00;557.7781982421875;557.7781982421875;557.6834106445312;557.6834106445312;557.6834106445312;4
2024-11-08 14:59:00+01:00;557.64990234375;557.64990234375;557.64990234375;557.64990234375;557.64990234375;1
2024-11-08 15:01:00+01:00;557.763427734375;557.763427734375;557.5999755859375;557.6683959960938;557.6683959960938;17
2024-11-08 15:03:00+01:00;557.7183837890625;557.7833862304688;557.7183837890625;557.7833862304688;557.7833862304688;11
2024-11-08 15:04:00+01:00;557.6633911132812;557.6633911132812;557.6633911132812;557.6633911132812;557.6633911132812;5
2024-11-08 15:06:00+01:00;557.725830078125;557.725830078125;557.510009765625;557.510009765625;557.510009765625;4
2024-11-08 15:07:00+01:00;557.70947265625;557.70947265625;557.70947265625;557.70947265625;557.70947265625;1
2024-11-08 15:08:00+01:00;557.510009765625;557.510009765625;557.510009765625;557.510009765625;557.510009765625;1
2024-11-08 15:09:00+01:00;557.6292724609375;557.6787109375;557.6292724609375;557.6787109375;557.6787109375;3
2024-11-08 15:11:00+01:00;557.6699829101562;557.805908203125;557.6699829101562;557.805908203125;557.805908203125;7
2024-11-08 15:12:00+01:00;557.43701171875;557.43701171875;557.43701171875;557.43701171875;557.43701171875;2
2024-11-08 15:13:00+01:00;557.8099975585938;557.8099975585938;557.8099975585938;557.8099975585938;557.8099975585938;3
2024-11-08 15:14:00+01:00;557.8101806640625;557.8101806640625;557.8101806640625;557.8101806640625;557.8101806640625;1
2024-11-08 15:15:00+01:00;557.8101806640625;557.8101806640625;557.8101806640625;557.8101806640625;557.8101806640625;1
2024-11-08 15:18:00+01:00;557.8101196289062;557.8101196289062;557.427490234375;557.427490234375;557.427490234375;2
2024-11-08 15:21:00+01:00;557.5471801757812;557.5471801757812;557.5471801757812;557.5471801757812;557.5471801757812;1
2024-11-08 15:23:00+01:00;557.6361083984375;557.6361083984375;557.6361083984375;557.6361083984375;557.6361083984375;3
2024-11-08 15:27:00+01:00;557.60302734375;557.60302734375;557.60302734375;557.60302734375;557.60302734375;2
2024-11-08 15:28:00+01:00;557.6008911132812;557.6008911132812;557.6008911132812;557.6008911132812;557.6008911132812;1
2024-11-08 15:30:00+01:00;557.8101806640625;557.8101806640625;557.8101806640625;557.8101806640625;557.8101806640625;5
2024-11-08 15:32:00+01:00;558.0;558.0579223632812;558.0;558.0579223632812;558.0579223632812;139
2024-11-08 15:33:00+01:00;558.0538940429688;558.0538940429688;557.7557983398438;557.7557983398438;557.7557983398438;21
2024-11-08 15:34:00+01:00;558.0484008789062;558.0484008789062;557.944091796875;557.944091796875;557.944091796875;3
2024-11-08 15:35:00+01:00;558.0183715820312;558.0183715820312;558.0183715820312;558.0183715820312;558.0183715820312;6
2024-11-08 15:38:00+01:00;558.0208740234375;558.0208740234375;558.0208740234375;558.0208740234375;558.0208740234375;4
2024-11-08 15:40:00+01:00;558.1322021484375;558.1322021484375;558.1322021484375;558.1322021484375;558.1322021484375;4
2024-11-08 15:41:00+01:00;558.151611328125;558.151611328125;558.151611328125;558.151611328125;558.151611328125;1
2024-11-08 15:43:00+01:00;558.076904296875;558.076904296875;558.0545043945312;558.0598754882812;558.0598754882812;12
2024-11-08 15:44:00+01:00;557.990478515625;557.990478515625;557.990478515625;557.990478515625;557.990478515625;1
2024-11-08 15:45:00+01:00;557.9193115234375;557.9193115234375;557.9193115234375;557.9193115234375;557.9193115234375;2
2024-11-08 15:46:00+01:00;557.9896850585938;558.1270141601562;557.9896850585938;558.1270141601562;558.1270141601562;3
2024-11-08 15:47:00+01:00;558.0;558.2999877929688;558.0;558.2999877929688;558.2999877929688;13
2024-11-08 15:48:00+01:00;558.2999877929688;558.2999877929688;558.2999877929688;558.2999877929688;558.2999877929688;29
2024-11-08 15:49:00+01:00;558.5150756835938;558.515380859375;558.5150756835938;558.515380859375;558.515380859375;5
2024-11-08 15:52:00+01:00;558.514892578125;558.514892578125;558.514892578125;558.514892578125;558.514892578125;7
2024-11-08 15:53:00+01:00;558.5242919921875;558.5242919921875;558.5242919921875;558.5242919921875;558.5242919921875;1
2024-11-08 15:55:00+01:00;558.5999755859375;558.5999755859375;558.5999755859375;558.5999755859375;558.5999755859375;1
2024-11-08 15:57:00+01:00;558.5999755859375;558.7755126953125;558.5999755859375;558.7755126953125;558.7755126953125;4
2024-11-08 15:58:00+01:00;558.8563232421875;558.8563232421875;558.8563232421875;558.8563232421875;558.8563232421875;2
2024-11-08 16:03:00+01:00;559.0;559.0;559.0;559.0;559.0;2
2024-11-08 16:04:00+01:00;558.780029296875;558.9993896484375;558.5399780273438;558.6984252929688;558.6984252929688;44
2024-11-08 16:11:00+01:00;558.4904174804688;558.4904174804688;558.4904174804688;558.4904174804688;558.4904174804688;2
2024-11-08 16:12:00+01:00;558.6926879882812;558.6926879882812;558.6926879882812;558.6926879882812;558.6926879882812;15
2024-11-08 16:14:00+01:00;558.840087890625;558.840087890625;558.840087890625;558.840087890625;558.840087890625;1
2024-11-08 16:15:00+01:00;558.6900024414062;558.827880859375;558.6900024414062;558.827880859375;558.827880859375;6
2024-11-08 16:17:00+01:00;558.9998779296875;558.9998779296875;558.9998779296875;558.9998779296875;558.9998779296875;4
2024-11-08 16:18:00+01:00;559.0;559.073486328125;559.0;559.073486328125;559.073486328125;12
2024-11-08 16:21:00+01:00;559.218994140625;559.218994140625;559.218994140625;559.218994140625;559.218994140625;2
2024-11-08 16:23:00+01:00;559.2694702148438;559.2728881835938;559.2694702148438;559.2728881835938;559.2728881835938;2
2024-11-08 16:24:00+01:00;559.4312133789062;559.4312133789062;559.390380859375;559.390380859375;559.390380859375;42
2024-11-08 16:25:00+01:00;559.385986328125;559.385986328125;559.3767700195312;559.3767700195312;559.3767700195312;235
2024-11-08 16:27:00+01:00;559.4517822265625;559.4517822265625;559.4517822265625;559.4517822265625;559.4517822265625;4
2024-11-08 16:30:00+01:00;559.231201171875;559.231201171875;559.231201171875;559.231201171875;559.231201171875;1
2024-11-08 16:32:00+01:00;559.4769897460938;559.4769897460938;559.4769897460938;559.4769897460938;559.4769897460938;1
2024-11-08 16:33:00+01:00;559.4769287109375;559.4769287109375;559.1691284179688;559.1691284179688;559.1691284179688;11
2024-11-08 16:34:00+01:00;559.4996948242188;559.4998168945312;559.232177734375;559.484375;559.484375;22
2024-11-08 16:35:00+01:00;559.4672241210938;559.4672241210938;559.4672241210938;559.4672241210938;559.4672241210938;5
2024-11-08 16:36:00+01:00;559.3583984375;559.3583984375;559.35400390625;559.35400390625;559.35400390625;14
2024-11-08 16:39:00+01:00;559.3698120117188;559.3698120117188;559.3698120117188;559.3698120117188;559.3698120117188;10
2024-11-08 16:40:00+01:00;559.3599243164062;559.3599243164062;559.3599243164062;559.3599243164062;559.3599243164062;8
2024-11-08 16:41:00+01:00;559.3599853515625;559.3673706054688;559.3599853515625;559.3671875;559.3671875;16
2024-11-08 16:42:00+01:00;559.3671264648438;559.3671264648438;559.3671264648438;559.3671264648438;559.3671264648438;3
2024-11-08 16:43:00+01:00;559.2901000976562;559.2901000976562;559.2901000976562;559.2901000976562;559.2901000976562;18
2024-11-08 16:45:00+01:00;559.2598266601562;559.2598266601562;559.2598266601562;559.2598266601562;559.2598266601562;2
2024-11-08 16:46:00+01:00;559.0031127929688;559.0031127929688;559.0031127929688;559.0031127929688;559.0031127929688;15
2024-11-08 16:47:00+01:00;558.9968872070312;558.9968872070312;558.9968872070312;558.9968872070312;558.9968872070312;6
2024-11-08 16:48:00+01:00;559.3159790039062;559.3159790039062;559.3159790039062;559.3159790039062;559.3159790039062;1
2024-11-08 16:50:00+01:00;559.3734130859375;559.3734130859375;559.3734130859375;559.3734130859375;559.3734130859375;1
2024-11-08 16:51:00+01:00;559.0037231445312;559.0037231445312;559.0037231445312;559.0037231445312;559.0037231445312;1
2024-11-08 16:52:00+01:00;559.4135131835938;559.4298095703125;559.4135131835938;559.4298095703125;559.4298095703125;6
2024-11-08 16:53:00+01:00;559.5264282226562;559.5264282226562;559.5264282226562;559.5264282226562;559.5264282226562;1
2024-11-08 16:54:00+01:00;559.6054077148438;559.6054077148438;559.3018798828125;559.605224609375;559.605224609375;4
2024-11-08 16:55:00+01:00;559.6047973632812;559.6047973632812;559.4000244140625;559.4000244140625;559.4000244140625;56
2024-11-08 16:56:00+01:00;559.4671020507812;559.4671020507812;559.4671020507812;559.4671020507812;559.4671020507812;1
2024-11-08 16:57:00+01:00;559.4713134765625;559.4713134765625;559.4677124023438;559.4677124023438;559.4677124023438;36
2024-11-08 16:58:00+01:00;559.4500122070312;559.467529296875;559.4500122070312;559.4653930664062;559.4653930664062;137
2024-11-08 16:59:00+01:00;559.1179809570312;559.5025024414062;559.1179809570312;559.5025024414062;559.5025024414062;7
2024-11-08 17:00:00+01:00;559.5220947265625;559.5220947265625;559.5220947265625;559.5220947265625;559.5220947265625;5
2024-11-08 17:01:00+01:00;559.3375854492188;559.3394165039062;559.3375854492188;559.3394165039062;559.3394165039062;17
2024-11-08 17:03:00+01:00;559.3032836914062;559.3032836914062;559.3032836914062;559.3032836914062;559.3032836914062;1
2024-11-08 17:04:00+01:00;559.3148803710938;559.5120849609375;559.3148803710938;559.5120849609375;559.5120849609375;9
2024-11-08 17:05:00+01:00;559.5582885742188;559.6260986328125;559.5582885742188;559.6260986328125;559.6260986328125;14
2024-11-08 17:07:00+01:00;559.7999877929688;559.7999877929688;559.7999877929688;559.7999877929688;559.7999877929688;10
2024-11-08 17:08:00+01:00;559.8250122070312;559.8250122070312;559.8250122070312;559.8250122070312;559.8250122070312;90
2024-11-08 17:10:00+01:00;559.8900146484375;559.9235229492188;559.8900146484375;559.9235229492188;559.9235229492188;17
2024-11-08 17:12:00+01:00;559.6649780273438;559.9500122070312;559.6649780273438;559.9500122070312;559.9500122070312;42
2024-11-08 17:13:00+01:00;560.0;560.0;560.0;560.0;560.0;3
2024-11-08 17:14:00+01:00;560.0;560.0;560.0;560.0;560.0;10
2024-11-08 17:16:00+01:00;560.1762084960938;560.17626953125;560.0999755859375;560.0999755859375;560.0999755859375;83
2024-11-08 17:17:00+01:00;560.2947998046875;560.2947998046875;560.2947998046875;560.2947998046875;560.2947998046875;1
2024-11-08 17:18:00+01:00;560.2940063476562;560.2940063476562;560.2940063476562;560.2940063476562;560.2940063476562;8
2024-11-08 17:19:00+01:00;560.2000122070312;560.2000122070312;560.1099853515625;560.1099853515625;560.1099853515625;33
2024-11-08 17:20:00+01:00;560.2921752929688;560.2924194335938;560.1500244140625;560.1500244140625;560.1500244140625;23
2024-11-08 17:22:00+01:00;560.2670288085938;560.2670288085938;560.2670288085938;560.2670288085938;560.2670288085938;2
2024-11-08 17:24:00+01:00;560.2940063476562;560.2940063476562;560.2940063476562;560.2940063476562;560.2940063476562;1
2024-11-08 17:26:00+01:00;560.4699096679688;560.4699096679688;560.4699096679688;560.4699096679688;560.4699096679688;1
2024-11-08 17:27:00+01:00;560.3912963867188;560.4826049804688;560.3912963867188;560.4826049804688;560.4826049804688;37
2024-11-08 17:28:00+01:00;560.47998046875;560.47998046875;560.2949829101562;560.2949829101562;560.2949829101562;14
2024-11-08 17:29:00+01:00;560.4650268554688;560.4650268554688;560.4650268554688;560.4650268554688;560.4650268554688;56
