Datetime;Open;High;Low;Close;Adj Close;Volume
2024-11-25 09:04:00+01:00;575.5880737304688;575.8494262695312;575.5880737304688;575.8494262695312;575.8494262695312;0
2024-11-25 09:06:00+01:00;575.68212890625;575.68212890625;575.665771484375;575.665771484375;575.665771484375;2
2024-11-25 09:07:00+01:00;575.5775146484375;575.5775146484375;575.2999877929688;575.4581298828125;575.4581298828125;26
2024-11-25 09:08:00+01:00;575.469970703125;575.529296875;575.469970703125;575.5264892578125;575.5264892578125;10
2024-11-25 09:09:00+01:00;575.5023193359375;575.5272216796875;575.5023193359375;575.5217895507812;575.5217895507812;17
2024-11-25 09:10:00+01:00;575.5202026367188;575.5202026367188;575.505615234375;575.505615234375;575.505615234375;3
2024-11-25 09:11:00+01:00;575.6978149414062;575.6978149414062;575.6978149414062;575.6978149414062;575.6978149414062;1
2024-11-25 09:12:00+01:00;575.7398071289062;575.8458862304688;575.521728515625;575.521728515625;575.521728515625;75
2024-11-25 09:13:00+01:00;575.6998901367188;575.7785034179688;575.6785888671875;575.7785034179688;575.7785034179688;12
2024-11-25 09:14:00+01:00;575.7470703125;575.7470703125;575.7470703125;575.7470703125;575.7470703125;3
2024-11-25 09:15:00+01:00;575.780029296875;575.780029296875;575.4334716796875;575.4334716796875;575.4334716796875;10
2024-11-25 09:16:00+01:00;575.75439453125;575.75439453125;575.6857299804688;575.685791015625;575.685791015625;11
2024-11-25 09:17:00+01:00;575.7073974609375;575.7218017578125;575.7052001953125;575.7218017578125;575.7218017578125;8
2024-11-25 09:18:00+01:00;575.694580078125;575.694580078125;575.6630859375;575.6660766601562;575.6660766601562;4
2024-11-25 09:19:00+01:00;575.6657104492188;575.6657104492188;575.6530151367188;575.6530151367188;575.6530151367188;31
2024-11-25 09:20:00+01:00;575.6383056640625;575.6383056640625;575.6383056640625;575.6383056640625;575.6383056640625;5
2024-11-25 09:21:00+01:00;575.6046752929688;575.6046752929688;575.6046752929688;575.6046752929688;575.6046752929688;2
2024-11-25 09:22:00+01:00;575.5579833984375;575.5579833984375;575.2000732421875;575.2000732421875;575.2000732421875;21
2024-11-25 09:23:00+01:00;575.2001953125;575.5140991210938;575.2001953125;575.5140991210938;575.5140991210938;10
2024-11-25 09:24:00+01:00;575.4655151367188;575.4655151367188;575.4655151367188;575.4655151367188;575.4655151367188;3
2024-11-25 09:25:00+01:00;575.2000122070312;575.4176025390625;575.2000122070312;575.4176025390625;575.4176025390625;23
2024-11-25 09:26:00+01:00;575.2999877929688;575.2999877929688;575.2999877929688;575.2999877929688;575.2999877929688;1
2024-11-25 09:27:00+01:00;575.3377075195312;575.3377075195312;575.2999877929688;575.2999877929688;575.2999877929688;40
2024-11-25 09:28:00+01:00;575.2999877929688;575.2999877929688;575.2999877929688;575.2999877929688;575.2999877929688;7
2024-11-25 09:29:00+01:00;575.2999877929688;575.2999877929688;575.0999755859375;575.2999877929688;575.2999877929688;6
2024-11-25 09:30:00+01:00;575.0999755859375;575.0999755859375;575.0999755859375;575.0999755859375;575.0999755859375;1
2024-11-25 09:31:00+01:00;575.2999877929688;575.4495849609375;575.2999877929688;575.4475708007812;575.4475708007812;20
2024-11-25 09:32:00+01:00;575.090087890625;575.3446044921875;575.0900268554688;575.3446044921875;575.3446044921875;3
2024-11-25 09:33:00+01:00;575.3389892578125;575.3389892578125;575.3176879882812;575.3176879882812;575.3176879882812;4
2024-11-25 09:34:00+01:00;575.297607421875;575.297607421875;575.2689208984375;575.2689208984375;575.2689208984375;10
2024-11-25 09:35:00+01:00;575.24072265625;575.24072265625;575.2332763671875;575.2332763671875;575.2332763671875;5
2024-11-25 09:36:00+01:00;575.2100830078125;575.2100830078125;575.1834716796875;575.1834716796875;575.1834716796875;29
2024-11-25 09:37:00+01:00;575.1744995117188;575.1744995117188;575.0;575.15087890625;575.15087890625;84
2024-11-25 09:39:00+01:00;575.4583740234375;575.4583740234375;575.4583740234375;575.4583740234375;575.4583740234375;2
2024-11-25 09:40:00+01:00;575.4312133789062;575.4312133789062;575.4312133789062;575.4312133789062;575.4312133789062;2
2024-11-25 09:41:00+01:00;575.40380859375;575.40380859375;575.40380859375;575.40380859375;575.40380859375;20
2024-11-25 09:45:00+01:00;575.5311889648438;575.5311889648438;575.5311889648438;575.5311889648438;575.5311889648438;30
2024-11-25 09:46:00+01:00;575.3499755859375;575.3499755859375;575.25;575.25;575.25;11
2024-11-25 09:47:00+01:00;575.3599853515625;575.3599853515625;575.0999755859375;575.0999755859375;575.0999755859375;71
2024-11-25 09:48:00+01:00;575.2670288085938;575.3452758789062;575.2670288085938;575.3452758789062;575.3452758789062;27
2024-11-25 09:49:00+01:00;575.3311767578125;575.376220703125;575.3311767578125;575.3701782226562;575.3701782226562;8
2024-11-25 09:50:00+01:00;575.2000122070312;575.3649291992188;575.0819091796875;575.3189086914062;575.3189086914062;19
2024-11-25 09:51:00+01:00;575.2960815429688;575.2962036132812;575.0;575.0;575.0;213
2024-11-25 09:52:00+01:00;575.2203979492188;575.2203979492188;575.0;575.0;575.0;28
2024-11-25 09:53:00+01:00;575.1757202148438;575.1757202148438;574.9500122070312;575.1544799804688;575.1544799804688;14
2024-11-25 09:54:00+01:00;575.1137084960938;575.1137084960938;574.9000244140625;574.9000244140625;574.9000244140625;46
2024-11-25 09:55:00+01:00;574.9000244140625;574.9000244140625;574.794189453125;574.794189453125;574.794189453125;33
2024-11-25 09:56:00+01:00;575.0468139648438;575.0468139648438;575.0454711914062;575.0454711914062;575.0454711914062;4
2024-11-25 09:57:00+01:00;574.7941284179688;574.7941284179688;574.7941284179688;574.7941284179688;574.7941284179688;14
2024-11-25 09:58:00+01:00;574.9813842773438;574.9813842773438;574.7235107421875;574.8555297851562;574.8555297851562;33
2024-11-25 09:59:00+01:00;574.8555297851562;574.8555297851562;574.4536743164062;574.7702026367188;574.7702026367188;37
2024-11-25 10:00:00+01:00;574.4000244140625;574.4885864257812;574.3200073242188;574.3200073242188;574.3200073242188;149
2024-11-25 10:01:00+01:00;574.4754028320312;574.4754028320312;574.4628295898438;574.4628295898438;574.4628295898438;2
2024-11-25 10:02:00+01:00;574.2000122070312;574.2000122070312;574.0;574.1267700195312;574.1267700195312;97
2024-11-25 10:03:00+01:00;573.8485717773438;573.8486938476562;573.8485717773438;573.8486938476562;573.8486938476562;10
2024-11-25 10:06:00+01:00;573.72509765625;573.8400268554688;573.4390869140625;573.8400268554688;573.8400268554688;23
2024-11-25 10:09:00+01:00;573.8646240234375;573.8646240234375;573.86376953125;573.86376953125;573.86376953125;47
2024-11-25 10:10:00+01:00;574.0;574.1881713867188;574.0;574.1881713867188;574.1881713867188;8
2024-11-25 10:11:00+01:00;574.1270751953125;574.1270751953125;574.1270751953125;574.1270751953125;574.1270751953125;7
2024-11-25 10:13:00+01:00;574.1704711914062;574.1704711914062;574.0;574.0;574.0;58
2024-11-25 10:14:00+01:00;574.1710205078125;574.1710205078125;574.1710205078125;574.1710205078125;574.1710205078125;2
2024-11-25 10:15:00+01:00;574.2319946289062;574.2319946289062;574.2319946289062;574.2319946289062;574.2319946289062;1
2024-11-25 10:16:00+01:00;574.2713012695312;574.2713012695312;574.2697143554688;574.2698974609375;574.2698974609375;169
2024-11-25 10:18:00+01:00;574.4299926757812;574.4299926757812;574.2999877929688;574.2999877929688;574.2999877929688;14
2024-11-25 10:20:00+01:00;574.3989868164062;574.3989868164062;574.369873046875;574.369873046875;574.369873046875;13
2024-11-25 10:21:00+01:00;574.3516845703125;574.3516845703125;574.3516845703125;574.3516845703125;574.3516845703125;15
2024-11-25 10:22:00+01:00;574.3956909179688;574.3956909179688;574.3956909179688;574.3956909179688;574.3956909179688;5
2024-11-25 10:23:00+01:00;574.5322265625;574.5322265625;574.5322265625;574.5322265625;574.5322265625;1
2024-11-25 10:24:00+01:00;574.4957885742188;574.4957885742188;574.4957885742188;574.4957885742188;574.4957885742188;2
2024-11-25 10:25:00+01:00;574.4356079101562;574.4356079101562;574.4356079101562;574.4356079101562;574.4356079101562;1
2024-11-25 10:26:00+01:00;574.43359375;574.43359375;574.1547241210938;574.1547241210938;574.1547241210938;15
2024-11-25 10:27:00+01:00;574.599609375;574.599609375;574.2938232421875;574.2938232421875;574.2938232421875;8
2024-11-25 10:28:00+01:00;574.5880126953125;574.5880126953125;574.5880126953125;574.5880126953125;574.5880126953125;3
2024-11-25 10:29:00+01:00;574.56982421875;574.6488037109375;574.56982421875;574.6488037109375;574.6488037109375;8
2024-11-25 10:30:00+01:00;574.5007934570312;574.5009765625;574.5007934570312;574.5009765625;574.5009765625;9
2024-11-25 10:31:00+01:00;574.373779296875;574.4174194335938;574.373779296875;574.4174194335938;574.4174194335938;4
2024-11-25 10:32:00+01:00;574.2999877929688;574.2999877929688;574.1937255859375;574.1937255859375;574.1937255859375;9
2024-11-25 10:33:00+01:00;574.3770141601562;574.3770141601562;574.25;574.25;574.25;21
2024-11-25 10:34:00+01:00;574.343017578125;574.343017578125;574.3369140625;574.3369140625;574.3369140625;2
2024-11-25 10:35:00+01:00;574.3908081054688;574.3908081054688;574.3908081054688;574.3908081054688;574.3908081054688;40
2024-11-25 10:36:00+01:00;574.3400268554688;574.3775024414062;574.3400268554688;574.3775024414062;574.3775024414062;14
2024-11-25 10:37:00+01:00;574.4146728515625;574.4146728515625;574.4146728515625;574.4146728515625;574.4146728515625;2
2024-11-25 10:38:00+01:00;574.6182861328125;574.6182861328125;574.6182861328125;574.6182861328125;574.6182861328125;1
2024-11-25 10:39:00+01:00;574.6029052734375;574.6029052734375;574.5814819335938;574.5814819335938;574.5814819335938;14
2024-11-25 10:40:00+01:00;574.5537109375;574.5537109375;574.5458984375;574.5458984375;574.5458984375;109
2024-11-25 10:41:00+01:00;574.5402221679688;574.700927734375;574.5402221679688;574.700927734375;574.700927734375;25
2024-11-25 10:42:00+01:00;574.6787109375;574.6787109375;574.65087890625;574.65087890625;574.65087890625;26
2024-11-25 10:43:00+01:00;574.6016235351562;574.6016235351562;574.4400024414062;574.4400024414062;574.4400024414062;3
2024-11-25 10:44:00+01:00;574.5610961914062;574.5610961914062;574.5610961914062;574.5610961914062;574.5610961914062;42
2024-11-25 10:45:00+01:00;574.5457153320312;574.5457153320312;574.4099731445312;574.4099731445312;574.4099731445312;7
2024-11-25 10:46:00+01:00;574.4808959960938;574.4808959960938;574.2000122070312;574.2000122070312;574.2000122070312;70
2024-11-25 10:48:00+01:00;574.0999755859375;574.0999755859375;574.0999755859375;574.0999755859375;574.0999755859375;1
2024-11-25 10:49:00+01:00;574.0;574.0999755859375;574.0;574.0999755859375;574.0999755859375;3
2024-11-25 10:50:00+01:00;574.2136840820312;574.2136840820312;574.2136840820312;574.2136840820312;574.2136840820312;2
2024-11-25 10:51:00+01:00;574.264404296875;574.2700805664062;574.264404296875;574.2700805664062;574.2700805664062;4
2024-11-25 10:52:00+01:00;574.2000122070312;574.285888671875;574.2000122070312;574.2830200195312;574.2830200195312;18
2024-11-25 10:53:00+01:00;573.8410034179688;573.8410034179688;573.7999877929688;573.7999877929688;573.7999877929688;8
2024-11-25 10:54:00+01:00;574.1248168945312;574.1253051757812;574.0728759765625;574.0728759765625;574.0728759765625;6
2024-11-25 10:55:00+01:00;573.7000122070312;573.8466186523438;573.5;573.8380737304688;573.8380737304688;52
2024-11-25 10:56:00+01:00;573.802978515625;573.8353271484375;573.7977294921875;573.7977294921875;573.7977294921875;51
2024-11-25 10:57:00+01:00;573.5068969726562;573.7423706054688;573.5068969726562;573.7423706054688;573.7423706054688;22
2024-11-25 10:58:00+01:00;573.4779052734375;573.5042724609375;573.4779052734375;573.5042724609375;573.5042724609375;17
2024-11-25 10:59:00+01:00;573.9577026367188;573.9577026367188;573.9577026367188;573.9577026367188;573.9577026367188;1
2024-11-25 11:00:00+01:00;573.9556274414062;573.9556274414062;573.9556274414062;573.9556274414062;573.9556274414062;1
2024-11-25 11:02:00+01:00;573.927978515625;573.92822265625;573.927978515625;573.92822265625;573.92822265625;40
2024-11-25 11:04:00+01:00;573.8516235351562;573.8516235351562;573.8516235351562;573.8516235351562;573.8516235351562;2
2024-11-25 11:06:00+01:00;573.6071166992188;573.92138671875;573.6071166992188;573.92138671875;573.92138671875;6
2024-11-25 11:08:00+01:00;573.802490234375;573.802490234375;573.802490234375;573.802490234375;573.802490234375;2
2024-11-25 11:09:00+01:00;573.9067993164062;573.9067993164062;573.9067993164062;573.9067993164062;573.9067993164062;1
2024-11-25 11:11:00+01:00;573.9998779296875;574.0;573.9475708007812;574.0;574.0;50
2024-11-25 11:12:00+01:00;573.6290283203125;573.6290283203125;573.5999755859375;573.5999755859375;573.5999755859375;25
2024-11-25 11:13:00+01:00;573.611083984375;573.8701782226562;573.611083984375;573.7000122070312;573.7000122070312;23
2024-11-25 11:14:00+01:00;573.9478149414062;573.9478149414062;573.9470825195312;573.9470825195312;573.9470825195312;5
2024-11-25 11:15:00+01:00;573.5845947265625;573.89892578125;573.5845947265625;573.8876953125;573.8876953125;20
2024-11-25 11:16:00+01:00;573.8671264648438;573.8671264648438;573.8643188476562;573.8643188476562;573.8643188476562;3
2024-11-25 11:17:00+01:00;573.8599853515625;573.9393920898438;573.8599853515625;573.9393920898438;573.9393920898438;36
2024-11-25 11:18:00+01:00;573.6765747070312;573.8952026367188;573.518310546875;573.518310546875;573.518310546875;54
2024-11-25 11:21:00+01:00;573.9382934570312;573.9382934570312;573.9382934570312;573.9382934570312;573.9382934570312;2
2024-11-25 11:22:00+01:00;573.7401123046875;573.7401123046875;573.5875244140625;573.5875244140625;573.5875244140625;8
2024-11-25 11:23:00+01:00;573.8864135742188;573.8864135742188;573.8864135742188;573.8864135742188;573.8864135742188;1
2024-11-25 11:24:00+01:00;573.8358764648438;573.8358764648438;573.5700073242188;573.5700073242188;573.5700073242188;8
2024-11-25 11:25:00+01:00;573.5999755859375;573.5999755859375;573.5999755859375;573.5999755859375;573.5999755859375;1
2024-11-25 11:26:00+01:00;573.5;573.5;573.4400024414062;573.4400024414062;573.4400024414062;8
2024-11-25 11:27:00+01:00;573.5999755859375;573.5999755859375;573.4500122070312;573.4500122070312;573.4500122070312;65
2024-11-25 11:28:00+01:00;573.6669921875;573.6669921875;573.6669921875;573.6669921875;573.6669921875;2
2024-11-25 11:29:00+01:00;573.5999755859375;573.5999755859375;573.5999755859375;573.5999755859375;573.5999755859375;3
2024-11-25 11:31:00+01:00;573.7047729492188;573.823486328125;573.5999755859375;573.823486328125;573.823486328125;29
2024-11-25 11:32:00+01:00;573.822998046875;573.822998046875;573.801513671875;573.801513671875;573.801513671875;2
2024-11-25 11:33:00+01:00;573.7921142578125;573.7921142578125;573.790283203125;573.790283203125;573.790283203125;2
2024-11-25 11:34:00+01:00;573.5999755859375;573.8909301757812;573.5670776367188;573.5872802734375;573.5872802734375;57
2024-11-25 11:35:00+01:00;573.7369995117188;573.7371215820312;573.7369995117188;573.7371215820312;573.7371215820312;9
2024-11-25 11:36:00+01:00;573.7661743164062;573.7662963867188;573.5;573.5;573.5;4
2024-11-25 11:37:00+01:00;573.685791015625;573.685791015625;573.685791015625;573.685791015625;573.685791015625;3
2024-11-25 11:38:00+01:00;573.5989990234375;573.5989990234375;573.5989990234375;573.5989990234375;573.5989990234375;6
2024-11-25 11:39:00+01:00;573.6286010742188;573.6286010742188;573.6286010742188;573.6286010742188;573.6286010742188;1
2024-11-25 11:40:00+01:00;573.6608276367188;573.6608276367188;573.6608276367188;573.6608276367188;573.6608276367188;1
2024-11-25 11:41:00+01:00;573.778076171875;573.778076171875;573.778076171875;573.778076171875;573.778076171875;1
2024-11-25 11:42:00+01:00;573.756591796875;573.756591796875;573.756591796875;573.756591796875;573.756591796875;3
2024-11-25 11:44:00+01:00;574.0;574.0;574.0;574.0;574.0;4
2024-11-25 11:48:00+01:00;573.8887939453125;573.8887939453125;573.8887939453125;573.8887939453125;573.8887939453125;30
2024-11-25 11:49:00+01:00;573.8837890625;573.8837890625;573.8837890625;573.8837890625;573.8837890625;1
2024-11-25 11:51:00+01:00;573.9000244140625;573.9000244140625;573.9000244140625;573.9000244140625;573.9000244140625;2
2024-11-25 11:52:00+01:00;574.1431274414062;574.1431274414062;574.1431274414062;574.1431274414062;574.1431274414062;1
2024-11-25 11:53:00+01:00;574.25;574.25;574.25;574.25;574.25;10
2024-11-25 11:54:00+01:00;574.25;574.25;574.2421875;574.2421875;574.2421875;15
2024-11-25 11:55:00+01:00;574.1533813476562;574.1533813476562;574.1533813476562;574.1533813476562;574.1533813476562;2
2024-11-25 11:56:00+01:00;574.1378173828125;574.1378173828125;574.1378173828125;574.1378173828125;574.1378173828125;1
2024-11-25 11:58:00+01:00;574.0546875;574.1737060546875;574.0546875;574.1737060546875;574.1737060546875;10
2024-11-25 11:59:00+01:00;574.1602172851562;574.1602172851562;574.1326293945312;574.1326293945312;574.1326293945312;9
2024-11-25 12:00:00+01:00;574.1248168945312;574.1248168945312;574.1248168945312;574.1248168945312;574.1248168945312;4
2024-11-25 12:01:00+01:00;574.0673217773438;574.0673217773438;574.0198974609375;574.0198974609375;574.0198974609375;9
2024-11-25 12:02:00+01:00;574.0131225585938;574.0131225585938;573.9915161132812;573.9915161132812;573.9915161132812;4
2024-11-25 12:03:00+01:00;574.0313720703125;574.0313720703125;574.0313720703125;574.0313720703125;574.0313720703125;1
2024-11-25 12:04:00+01:00;574.06201171875;574.06201171875;574.06201171875;574.06201171875;574.06201171875;1
2024-11-25 12:05:00+01:00;574.0599975585938;574.0599975585938;573.86181640625;573.97998046875;573.97998046875;34
2024-11-25 12:06:00+01:00;573.9000244140625;574.0390014648438;573.9000244140625;574.0390014648438;574.0390014648438;18
2024-11-25 12:07:00+01:00;574.0150146484375;574.04541015625;574.0131225585938;574.04541015625;574.04541015625;28
2024-11-25 12:08:00+01:00;574.0272216796875;574.0272216796875;574.0272216796875;574.0272216796875;574.0272216796875;1
2024-11-25 12:09:00+01:00;574.0399780273438;574.0399780273438;574.0;574.0;574.0;8
2024-11-25 12:12:00+01:00;573.97119140625;574.0285034179688;573.97119140625;574.0285034179688;574.0285034179688;15
2024-11-25 12:14:00+01:00;573.7230224609375;573.7230224609375;573.7230224609375;573.7230224609375;573.7230224609375;7
2024-11-25 12:15:00+01:00;573.9996948242188;574.0543823242188;573.9996948242188;574.0543823242188;574.0543823242188;23
2024-11-25 12:17:00+01:00;574.0841064453125;574.0841064453125;574.0841064453125;574.0841064453125;574.0841064453125;3
2024-11-25 12:18:00+01:00;574.0379028320312;574.0379028320312;573.7457275390625;573.7457275390625;573.7457275390625;21
2024-11-25 12:19:00+01:00;573.7230224609375;573.72998046875;573.7230224609375;573.72998046875;573.72998046875;2
2024-11-25 12:20:00+01:00;573.903076171875;573.903076171875;573.58349609375;573.58349609375;573.58349609375;49
2024-11-25 12:22:00+01:00;573.5001831054688;573.5001831054688;573.5001831054688;573.5001831054688;573.5001831054688;2
2024-11-25 12:24:00+01:00;573.719970703125;573.719970703125;573.5374145507812;573.5374145507812;573.5374145507812;38
2024-11-25 12:25:00+01:00;573.91650390625;573.9199829101562;573.91650390625;573.9199829101562;573.9199829101562;5
2024-11-25 12:26:00+01:00;573.9722290039062;573.9722290039062;573.9722290039062;573.9722290039062;573.9722290039062;9
2024-11-25 12:28:00+01:00;574.0809936523438;574.0809936523438;574.0809936523438;574.0809936523438;574.0809936523438;1
2024-11-25 12:30:00+01:00;574.1973876953125;574.1973876953125;574.19189453125;574.19189453125;574.19189453125;71
2024-11-25 12:32:00+01:00;573.8135986328125;573.8135986328125;573.8131103515625;573.8131103515625;573.8131103515625;36
2024-11-25 12:34:00+01:00;573.8001098632812;574.0999755859375;573.7999877929688;574.0999755859375;574.0999755859375;28
2024-11-25 12:35:00+01:00;574.0999755859375;574.1246948242188;574.0999755859375;574.1246948242188;574.1246948242188;20
2024-11-25 12:37:00+01:00;574.2576293945312;574.2576293945312;574.2576293945312;574.2576293945312;574.2576293945312;1
2024-11-25 12:38:00+01:00;574.2542114257812;574.2542114257812;574.2542114257812;574.2542114257812;574.2542114257812;1
2024-11-25 12:39:00+01:00;574.2518920898438;574.2520141601562;574.2518920898438;574.2520141601562;574.2520141601562;18
2024-11-25 12:42:00+01:00;574.2545166015625;574.2545166015625;573.9609985351562;573.9609985351562;573.9609985351562;23
2024-11-25 12:43:00+01:00;573.9920043945312;573.9920043945312;573.9920043945312;573.9920043945312;573.9920043945312;4
2024-11-25 12:44:00+01:00;574.3574829101562;574.3574829101562;574.3574829101562;574.3574829101562;574.3574829101562;1
2024-11-25 12:45:00+01:00;574.353515625;574.353515625;574.35107421875;574.35107421875;574.35107421875;26
2024-11-25 12:46:00+01:00;574.3499755859375;574.4677124023438;574.3499755859375;574.4677124023438;574.4677124023438;2
2024-11-25 12:47:00+01:00;574.4666137695312;574.4666137695312;574.4666137695312;574.4666137695312;574.4666137695312;1
2024-11-25 12:49:00+01:00;574.4310302734375;574.4310302734375;574.4310302734375;574.4310302734375;574.4310302734375;2
2024-11-25 12:50:00+01:00;574.4204711914062;574.4204711914062;574.4000854492188;574.4000854492188;574.4000854492188;74
2024-11-25 12:51:00+01:00;574.388427734375;574.388427734375;574.388427734375;574.388427734375;574.388427734375;1
2024-11-25 12:52:00+01:00;574.1799926757812;574.1799926757812;574.1799926757812;574.1799926757812;574.1799926757812;1
2024-11-25 12:54:00+01:00;574.3604125976562;574.3604125976562;574.3604125976562;574.3604125976562;574.3604125976562;7
2024-11-25 12:55:00+01:00;574.38671875;574.38671875;574.38671875;574.38671875;574.38671875;5
2024-11-25 12:56:00+01:00;574.419677734375;574.419677734375;574.419677734375;574.419677734375;574.419677734375;3
2024-11-25 12:57:00+01:00;574.0999755859375;574.0999755859375;574.0999755859375;574.0999755859375;574.0999755859375;2
2024-11-25 12:58:00+01:00;574.4102783203125;574.4102783203125;574.4077758789062;574.4077758789062;574.4077758789062;21
2024-11-25 12:59:00+01:00;574.26171875;574.26171875;574.26171875;574.26171875;574.26171875;1
2024-11-25 13:00:00+01:00;574.2822875976562;574.2822875976562;573.9506225585938;573.9506225585938;573.9506225585938;7
2024-11-25 13:01:00+01:00;574.27099609375;574.27099609375;574.27099609375;574.27099609375;574.27099609375;2
2024-11-25 13:02:00+01:00;574.20947265625;574.2095947265625;574.1976928710938;574.1976928710938;574.1976928710938;8
2024-11-25 13:03:00+01:00;574.0872192382812;574.0872192382812;574.0872192382812;574.0872192382812;574.0872192382812;6
2024-11-25 13:04:00+01:00;574.1488037109375;574.1488037109375;574.1488037109375;574.1488037109375;574.1488037109375;3
2024-11-25 13:05:00+01:00;574.1375122070312;574.1375122070312;574.1198120117188;574.1198120117188;574.1198120117188;2
2024-11-25 13:07:00+01:00;573.7999877929688;574.0308227539062;573.7999877929688;574.0308227539062;574.0308227539062;6
2024-11-25 13:08:00+01:00;573.9639892578125;573.9639892578125;573.9569091796875;573.9569091796875;573.9569091796875;4
2024-11-25 13:09:00+01:00;573.918212890625;573.918212890625;573.6400146484375;573.6400146484375;573.6400146484375;70
2024-11-25 13:10:00+01:00;573.5401000976562;573.83837890625;573.5;573.7570190429688;573.7570190429688;40
2024-11-25 13:11:00+01:00;573.52001953125;573.52001953125;573.52001953125;573.52001953125;573.52001953125;10
2024-11-25 13:12:00+01:00;573.7257080078125;573.7257080078125;573.7257080078125;573.7257080078125;573.7257080078125;9
2024-11-25 13:14:00+01:00;573.9514770507812;573.9514770507812;573.9451293945312;573.9451293945312;573.9451293945312;2
2024-11-25 13:15:00+01:00;573.9384765625;573.9385986328125;573.924072265625;573.924072265625;573.924072265625;23
2024-11-25 13:16:00+01:00;573.9387817382812;574.00537109375;573.9387817382812;574.00537109375;574.00537109375;5
2024-11-25 13:18:00+01:00;574.1585083007812;574.1585083007812;574.156005859375;574.156005859375;574.156005859375;2
2024-11-25 13:19:00+01:00;574.1633911132812;574.1633911132812;574.1633911132812;574.1633911132812;574.1633911132812;1
2024-11-25 13:20:00+01:00;574.1939697265625;574.2244873046875;574.1939697265625;574.2244873046875;574.2244873046875;9
2024-11-25 13:21:00+01:00;574.2000122070312;574.2000122070312;574.2000122070312;574.2000122070312;574.2000122070312;5
2024-11-25 13:22:00+01:00;574.263427734375;574.263427734375;574.263427734375;574.263427734375;574.263427734375;1
2024-11-25 13:23:00+01:00;574.252685546875;574.252685546875;574.0;574.0;574.0;8
2024-11-25 13:24:00+01:00;574.1876831054688;574.1876831054688;574.0;574.0;574.0;6
2024-11-25 13:25:00+01:00;574.0999755859375;574.0999755859375;574.0999755859375;574.0999755859375;574.0999755859375;4
2024-11-25 13:26:00+01:00;573.7000122070312;573.7000122070312;573.7000122070312;573.7000122070312;573.7000122070312;1
2024-11-25 13:27:00+01:00;573.9561767578125;574.0327758789062;573.9561767578125;574.0327758789062;574.0327758789062;3
2024-11-25 13:28:00+01:00;574.0090942382812;574.0090942382812;574.0090942382812;574.0090942382812;574.0090942382812;1
2024-11-25 13:29:00+01:00;573.9760131835938;573.9760131835938;573.9760131835938;573.9760131835938;573.9760131835938;1
2024-11-25 13:30:00+01:00;573.9273071289062;573.9273071289062;573.9271850585938;573.9271850585938;573.9271850585938;3
2024-11-25 13:31:00+01:00;573.9204711914062;573.9204711914062;573.9016723632812;573.9016723632812;573.9016723632812;51
2024-11-25 13:32:00+01:00;573.8950805664062;573.8950805664062;573.607421875;573.607421875;573.607421875;7
2024-11-25 13:33:00+01:00;573.934326171875;573.934326171875;573.934326171875;573.934326171875;573.934326171875;5
2024-11-25 13:34:00+01:00;573.9874267578125;573.9874267578125;573.9874267578125;573.9874267578125;573.9874267578125;1
2024-11-25 13:35:00+01:00;574.0816040039062;574.0816040039062;574.0618896484375;574.06201171875;574.06201171875;7
2024-11-25 13:36:00+01:00;574.0073852539062;574.0073852539062;574.0073852539062;574.0073852539062;574.0073852539062;1
2024-11-25 13:39:00+01:00;574.2783813476562;574.2783813476562;574.0;574.0;574.0;6
2024-11-25 13:40:00+01:00;573.9296875;573.9296875;573.8477172851562;573.8477172851562;573.8477172851562;67
2024-11-25 13:42:00+01:00;574.0612182617188;574.0612182617188;573.8469848632812;573.8469848632812;573.8469848632812;4
2024-11-25 13:43:00+01:00;574.0612182617188;574.0612182617188;573.659912109375;573.659912109375;573.659912109375;5
2024-11-25 13:44:00+01:00;574.0612182617188;574.061279296875;574.0612182617188;574.061279296875;574.061279296875;7
2024-11-25 13:45:00+01:00;574.0;574.0269775390625;573.6400146484375;574.0269775390625;574.0269775390625;11
2024-11-25 13:47:00+01:00;574.0269775390625;574.0269775390625;574.0269775390625;574.0269775390625;574.0269775390625;2
2024-11-25 13:53:00+01:00;573.894287109375;573.894287109375;573.894287109375;573.894287109375;573.894287109375;9
2024-11-25 13:54:00+01:00;573.894287109375;573.894287109375;573.894287109375;573.894287109375;573.894287109375;1
2024-11-25 13:55:00+01:00;573.894287109375;573.894287109375;573.894287109375;573.894287109375;573.894287109375;3
2024-11-25 13:57:00+01:00;573.894287109375;573.894287109375;573.894287109375;573.894287109375;573.894287109375;6
2024-11-25 13:58:00+01:00;573.894287109375;573.894287109375;573.894287109375;573.894287109375;573.894287109375;2
2024-11-25 13:59:00+01:00;573.894287109375;573.894287109375;573.7999877929688;573.7999877929688;573.7999877929688;13
2024-11-25 14:00:00+01:00;573.607421875;573.607421875;573.607421875;573.607421875;573.607421875;7
2024-11-25 14:01:00+01:00;573.607177734375;573.7802124023438;573.6010131835938;573.7802124023438;573.7802124023438;247
2024-11-25 14:02:00+01:00;573.4299926757812;573.4299926757812;573.4299926757812;573.4299926757812;573.4299926757812;1
2024-11-25 14:03:00+01:00;573.7072143554688;573.7072143554688;573.7072143554688;573.7072143554688;573.7072143554688;4
2024-11-25 14:04:00+01:00;573.7390747070312;573.83447265625;573.5999755859375;573.5999755859375;573.5999755859375;10
2024-11-25 14:05:00+01:00;573.8275756835938;573.8275756835938;573.8275756835938;573.8275756835938;573.8275756835938;1
2024-11-25 14:06:00+01:00;573.8248291015625;573.8248291015625;573.8248291015625;573.8248291015625;573.8248291015625;2
2024-11-25 14:07:00+01:00;573.4647216796875;573.7824096679688;573.347900390625;573.7824096679688;573.7824096679688;35
2024-11-25 14:08:00+01:00;573.6614990234375;573.6627197265625;573.596923828125;573.596923828125;573.596923828125;13
2024-11-25 14:10:00+01:00;573.6900024414062;573.6900024414062;573.6900024414062;573.6900024414062;573.6900024414062;2
2024-11-25 14:11:00+01:00;573.6837768554688;573.6837768554688;573.6837768554688;573.6837768554688;573.6837768554688;1
2024-11-25 14:13:00+01:00;573.5;573.5;573.5;573.5;573.5;1
2024-11-25 14:14:00+01:00;573.3099975585938;573.5989990234375;573.3099975585938;573.5316772460938;573.5316772460938;4
2024-11-25 14:17:00+01:00;573.19580078125;573.19580078125;573.0999755859375;573.0999755859375;573.0999755859375;54
2024-11-25 14:18:00+01:00;573.0;573.0615844726562;572.7166137695312;573.0615844726562;573.0615844726562;142
2024-11-25 14:19:00+01:00;572.8831176757812;572.92919921875;572.8831176757812;572.92919921875;572.92919921875;3
2024-11-25 14:20:00+01:00;572.7993774414062;572.7993774414062;572.7993774414062;572.7993774414062;572.7993774414062;4
2024-11-25 14:21:00+01:00;572.8380126953125;572.8594970703125;572.8380126953125;572.8594970703125;572.8594970703125;5
2024-11-25 14:23:00+01:00;572.8499755859375;572.8499755859375;572.8499755859375;572.8499755859375;572.8499755859375;26
2024-11-25 14:24:00+01:00;572.91259765625;572.9653930664062;572.91259765625;572.914794921875;572.914794921875;38
2024-11-25 14:25:00+01:00;572.9215698242188;572.9215698242188;572.5599975585938;572.5599975585938;572.5599975585938;19
2024-11-25 14:26:00+01:00;572.5161743164062;572.5161743164062;572.3262939453125;572.3262939453125;572.3262939453125;62
2024-11-25 14:30:00+01:00;572.1199951171875;572.1199951171875;572.1199951171875;572.1199951171875;572.1199951171875;5
2024-11-25 14:32:00+01:00;572.3563842773438;572.364013671875;572.3563842773438;572.364013671875;572.364013671875;8
2024-11-25 14:33:00+01:00;572.4564208984375;572.4564208984375;572.4564208984375;572.4564208984375;572.4564208984375;1
2024-11-25 14:34:00+01:00;572.6599731445312;572.6599731445312;572.6599731445312;572.6599731445312;572.6599731445312;2
2024-11-25 14:36:00+01:00;572.8214721679688;572.8214721679688;572.8214721679688;572.8214721679688;572.8214721679688;1
2024-11-25 14:37:00+01:00;572.8203735351562;572.8203735351562;572.497802734375;572.497802734375;572.497802734375;28
2024-11-25 14:38:00+01:00;572.8218994140625;572.822021484375;572.8218994140625;572.822021484375;572.822021484375;27
2024-11-25 14:39:00+01:00;573.0460205078125;573.0460205078125;573.0460205078125;573.0460205078125;573.0460205078125;1
2024-11-25 14:40:00+01:00;573.1176147460938;573.1292114257812;573.1176147460938;573.1292114257812;573.1292114257812;21
2024-11-25 14:41:00+01:00;572.8328857421875;573.005126953125;572.757080078125;573.005126953125;573.005126953125;63
2024-11-25 14:42:00+01:00;573.0051879882812;573.0051879882812;573.0051879882812;573.0051879882812;573.0051879882812;2
2024-11-25 14:43:00+01:00;572.9985961914062;572.9985961914062;572.9985961914062;572.9985961914062;572.9985961914062;14
2024-11-25 14:44:00+01:00;573.0017700195312;573.0017700195312;573.001708984375;573.001708984375;573.001708984375;6
2024-11-25 14:45:00+01:00;573.211669921875;573.3353271484375;573.211669921875;573.3353271484375;573.3353271484375;2
2024-11-25 14:47:00+01:00;573.4421997070312;573.4421997070312;573.4421997070312;573.4421997070312;573.4421997070312;1
2024-11-25 14:49:00+01:00;573.4268798828125;573.4421997070312;573.4268798828125;573.4421997070312;573.4421997070312;35
2024-11-25 14:50:00+01:00;573.4421997070312;573.5263061523438;573.4421997070312;573.5263061523438;573.5263061523438;21
2024-11-25 14:51:00+01:00;573.4299926757812;573.4299926757812;573.4299926757812;573.4299926757812;573.4299926757812;2
2024-11-25 14:52:00+01:00;573.6453857421875;573.6453857421875;573.6453247070312;573.6453247070312;573.6453247070312;3
2024-11-25 14:53:00+01:00;573.33740234375;573.33740234375;573.33740234375;573.33740234375;573.33740234375;20
2024-11-25 14:56:00+01:00;573.010009765625;573.010009765625;573.0;573.0;573.0;8
2024-11-25 14:57:00+01:00;573.24169921875;573.24169921875;573.24169921875;573.24169921875;573.24169921875;10
2024-11-25 14:58:00+01:00;573.3662719726562;573.3662719726562;573.3662719726562;573.3662719726562;573.3662719726562;10
2024-11-25 14:59:00+01:00;572.9686279296875;572.9686279296875;572.9686279296875;572.9686279296875;572.9686279296875;1
2024-11-25 15:01:00+01:00;573.1486206054688;573.1486206054688;573.1486206054688;573.1486206054688;573.1486206054688;1
2024-11-25 15:03:00+01:00;573.3284912109375;573.3284912109375;573.0;573.0999755859375;573.0999755859375;8
2024-11-25 15:05:00+01:00;573.2963256835938;573.2963256835938;573.2963256835938;573.2963256835938;573.2963256835938;1
2024-11-25 15:07:00+01:00;573.3118286132812;573.3118286132812;573.3118286132812;573.3118286132812;573.3118286132812;70
2024-11-25 15:08:00+01:00;573.1995239257812;573.1995239257812;573.1995239257812;573.1995239257812;573.1995239257812;30
2024-11-25 15:14:00+01:00;573.3200073242188;573.3200073242188;573.3200073242188;573.3200073242188;573.3200073242188;7
2024-11-25 15:15:00+01:00;573.1995239257812;573.3698120117188;573.1995239257812;573.3692016601562;573.3692016601562;6
2024-11-25 15:19:00+01:00;573.583984375;573.583984375;573.5653076171875;573.5653076171875;573.5653076171875;2
2024-11-25 15:22:00+01:00;573.6912231445312;573.6912231445312;573.6912231445312;573.6912231445312;573.6912231445312;4
2024-11-25 15:24:00+01:00;573.760498046875;573.760498046875;573.760498046875;573.760498046875;573.760498046875;10
2024-11-25 15:25:00+01:00;573.5848999023438;573.5848999023438;573.5848999023438;573.5848999023438;573.5848999023438;10
2024-11-25 15:26:00+01:00;573.5217895507812;573.5325927734375;573.5106811523438;573.5325927734375;573.5325927734375;12
2024-11-25 15:27:00+01:00;573.3563842773438;573.3563842773438;573.3563842773438;573.3563842773438;573.3563842773438;10
2024-11-25 15:31:00+01:00;572.510009765625;572.510009765625;572.2999877929688;572.2999877929688;572.2999877929688;2
2024-11-25 15:37:00+01:00;573.7531127929688;573.8165893554688;573.7531127929688;573.8165893554688;573.8165893554688;236
2024-11-25 15:38:00+01:00;574.180419921875;574.180419921875;574.1325073242188;574.1325073242188;574.1325073242188;21
2024-11-25 15:39:00+01:00;574.2542724609375;574.2542724609375;574.2542724609375;574.2542724609375;574.2542724609375;4
2024-11-25 15:40:00+01:00;574.5794067382812;574.5794067382812;574.3048706054688;574.5648193359375;574.5648193359375;34
2024-11-25 15:41:00+01:00;574.3048706054688;574.5275268554688;574.3048706054688;574.5275268554688;574.5275268554688;4
2024-11-25 15:42:00+01:00;574.5455932617188;574.5455932617188;574.5455932617188;574.5455932617188;574.5455932617188;4
2024-11-25 15:43:00+01:00;574.5828857421875;574.5828857421875;574.1575927734375;574.3577880859375;574.3577880859375;7
2024-11-25 15:44:00+01:00;574.3814086914062;574.576416015625;574.3814086914062;574.576416015625;574.576416015625;33
2024-11-25 15:45:00+01:00;574.3884887695312;574.3884887695312;574.3884887695312;574.3884887695312;574.3884887695312;70
2024-11-25 15:47:00+01:00;574.2277221679688;574.3870849609375;574.2277221679688;574.3870849609375;574.3870849609375;12
2024-11-25 15:49:00+01:00;574.0;574.1182861328125;574.0;574.1182861328125;574.1182861328125;20
2024-11-25 15:51:00+01:00;574.2349853515625;574.2349853515625;573.9829711914062;573.9829711914062;573.9829711914062;11
2024-11-25 15:52:00+01:00;573.4027709960938;573.5194702148438;573.4027709960938;573.5194702148438;573.5194702148438;8
2024-11-25 15:53:00+01:00;573.5902099609375;573.5933227539062;573.3344116210938;573.3344116210938;573.3344116210938;7
2024-11-25 15:55:00+01:00;573.26318359375;573.26318359375;573.26318359375;573.26318359375;573.26318359375;3
2024-11-25 15:56:00+01:00;573.4818725585938;573.6295776367188;573.4818725585938;573.6295776367188;573.6295776367188;30
2024-11-25 15:57:00+01:00;573.3054809570312;573.6135864257812;573.3054809570312;573.6135864257812;573.6135864257812;6
2024-11-25 15:58:00+01:00;573.7000122070312;573.7000122070312;573.7000122070312;573.7000122070312;573.7000122070312;3
2024-11-25 15:59:00+01:00;573.4000244140625;573.4000244140625;573.342529296875;573.342529296875;573.342529296875;41
2024-11-25 16:00:00+01:00;573.2180786132812;573.2675170898438;573.2180786132812;573.2675170898438;573.2675170898438;21
2024-11-25 16:03:00+01:00;573.5610961914062;573.5610961914062;573.560302734375;573.560302734375;573.560302734375;6
2024-11-25 16:04:00+01:00;573.7423706054688;573.7423706054688;573.7423706054688;573.7423706054688;573.7423706054688;5
2024-11-25 16:05:00+01:00;574.0377807617188;574.0377807617188;574.0;574.0;574.0;3
2024-11-25 16:06:00+01:00;574.2037963867188;574.2037963867188;574.2037963867188;574.2037963867188;574.2037963867188;5
2024-11-25 16:08:00+01:00;574.3516235351562;574.3516235351562;574.3438110351562;574.3438110351562;574.3438110351562;7
2024-11-25 16:09:00+01:00;573.8983764648438;573.8983764648438;573.8983764648438;573.8983764648438;573.8983764648438;1
2024-11-25 16:11:00+01:00;573.461181640625;573.461181640625;573.010009765625;573.010009765625;573.010009765625;4
2024-11-25 16:12:00+01:00;572.7000122070312;572.7000122070312;572.7000122070312;572.7000122070312;572.7000122070312;1
2024-11-25 16:13:00+01:00;572.8491821289062;572.8491821289062;572.8491821289062;572.8491821289062;572.8491821289062;2
2024-11-25 16:14:00+01:00;572.9739990234375;573.0286254882812;572.75830078125;572.75830078125;572.75830078125;11
2024-11-25 16:16:00+01:00;573.3582153320312;573.3582153320312;573.3582153320312;573.3582153320312;573.3582153320312;1
2024-11-25 16:19:00+01:00;573.0814819335938;573.0814819335938;573.0814819335938;573.0814819335938;573.0814819335938;2
2024-11-25 16:20:00+01:00;573.0814208984375;573.0816040039062;573.0814208984375;573.0816040039062;573.0816040039062;7
2024-11-25 16:21:00+01:00;573.2864990234375;573.2864990234375;573.2864990234375;573.2864990234375;573.2864990234375;4
2024-11-25 16:25:00+01:00;572.8524169921875;572.8524169921875;572.8524169921875;572.8524169921875;572.8524169921875;1
2024-11-25 16:26:00+01:00;572.6635131835938;572.6635131835938;572.6632080078125;572.6632080078125;572.6632080078125;50
2024-11-25 16:27:00+01:00;573.0631713867188;573.1273193359375;572.663330078125;573.1273193359375;573.1273193359375;53
2024-11-25 16:28:00+01:00;573.2252197265625;573.2252197265625;573.0872802734375;573.0872802734375;573.0872802734375;4
2024-11-25 16:30:00+01:00;573.385986328125;573.385986328125;573.2789916992188;573.2789916992188;573.2789916992188;8
2024-11-25 16:31:00+01:00;573.3231811523438;573.365478515625;573.3231811523438;573.365478515625;573.365478515625;3
2024-11-25 16:32:00+01:00;573.3455200195312;573.3455200195312;572.7000122070312;572.7000122070312;572.7000122070312;33
2024-11-25 16:33:00+01:00;572.5150146484375;572.5150146484375;572.1511840820312;572.1511840820312;572.1511840820312;73
2024-11-25 16:35:00+01:00;572.5211791992188;572.5211791992188;572.389892578125;572.389892578125;572.389892578125;5
2024-11-25 16:37:00+01:00;572.677001953125;572.677001953125;572.677001953125;572.677001953125;572.677001953125;2
2024-11-25 16:38:00+01:00;572.6697998046875;572.6697998046875;572.6697998046875;572.6697998046875;572.6697998046875;1
2024-11-25 16:42:00+01:00;573.0;573.0;573.0;573.0;573.0;1
2024-11-25 16:43:00+01:00;573.3162841796875;573.3162841796875;573.3162841796875;573.3162841796875;573.3162841796875;3
2024-11-25 16:45:00+01:00;573.0001220703125;573.290771484375;572.760498046875;572.760498046875;572.760498046875;107
2024-11-25 16:46:00+01:00;572.6873168945312;572.718505859375;572.6873168945312;572.718505859375;572.718505859375;9
2024-11-25 16:47:00+01:00;572.8005981445312;572.8005981445312;572.8005981445312;572.8005981445312;572.8005981445312;20
2024-11-25 16:49:00+01:00;573.169921875;573.169921875;573.169921875;573.169921875;573.169921875;1
2024-11-25 16:51:00+01:00;573.3203125;573.3203125;573.2872924804688;573.2872924804688;573.2872924804688;2
2024-11-25 16:52:00+01:00;573.2977905273438;573.2977905273438;573.2283935546875;573.2283935546875;573.2283935546875;5
2024-11-25 16:53:00+01:00;573.3466796875;573.3466796875;573.3466796875;573.3466796875;573.3466796875;1
2024-11-25 16:56:00+01:00;573.659912109375;573.6599731445312;573.659912109375;573.6599731445312;573.6599731445312;2
2024-11-25 16:57:00+01:00;573.5280151367188;573.5280151367188;573.5280151367188;573.5280151367188;573.5280151367188;4
2024-11-25 16:58:00+01:00;573.781982421875;573.8555297851562;573.781982421875;573.8555297851562;573.8555297851562;13
2024-11-25 16:59:00+01:00;573.3890991210938;573.3890991210938;573.3890991210938;573.3890991210938;573.3890991210938;4
2024-11-25 17:00:00+01:00;573.3889770507812;573.6375122070312;573.3889770507812;573.6375122070312;573.6375122070312;15
2024-11-25 17:01:00+01:00;573.6903076171875;573.6903076171875;573.6865844726562;573.6865844726562;573.6865844726562;14
2024-11-25 17:02:00+01:00;573.6890869140625;573.6890869140625;573.6890869140625;573.6890869140625;573.6890869140625;1
2024-11-25 17:06:00+01:00;573.7510986328125;573.7510986328125;573.6765747070312;573.6765747070312;573.6765747070312;9
2024-11-25 17:07:00+01:00;573.6846923828125;573.6846923828125;573.3800048828125;573.3800048828125;573.3800048828125;3
2024-11-25 17:08:00+01:00;573.6069946289062;573.6069946289062;573.6069946289062;573.6069946289062;573.6069946289062;4
2024-11-25 17:09:00+01:00;573.3599853515625;573.3599853515625;573.3599853515625;573.3599853515625;573.3599853515625;3
2024-11-25 17:10:00+01:00;573.7042236328125;573.7042236328125;573.7042236328125;573.7042236328125;573.7042236328125;3
2024-11-25 17:12:00+01:00;573.7445068359375;573.74462890625;573.73681640625;573.73681640625;573.73681640625;35
2024-11-25 17:13:00+01:00;573.677490234375;573.677490234375;573.677490234375;573.677490234375;573.677490234375;1
2024-11-25 17:15:00+01:00;573.3477783203125;573.7651977539062;573.3477783203125;573.6950073242188;573.6950073242188;86
2024-11-25 17:16:00+01:00;573.6298217773438;573.6968994140625;573.6268920898438;573.6890869140625;573.6890869140625;9
2024-11-25 17:17:00+01:00;573.5711059570312;573.89501953125;573.5711059570312;573.89501953125;573.89501953125;203
2024-11-25 17:20:00+01:00;573.9581298828125;573.9581298828125;573.8836059570312;573.8836059570312;573.8836059570312;15
2024-11-25 17:21:00+01:00;573.9072875976562;573.9072875976562;573.9072875976562;573.9072875976562;573.9072875976562;3
2024-11-25 17:22:00+01:00;574.0587158203125;574.0587158203125;574.0587158203125;574.0587158203125;574.0587158203125;1
2024-11-25 17:23:00+01:00;573.6005249023438;573.6005249023438;573.6005249023438;573.6005249023438;573.6005249023438;8
2024-11-25 17:26:00+01:00;573.9000244140625;573.9000244140625;573.9000244140625;573.9000244140625;573.9000244140625;4
2024-11-25 17:27:00+01:00;573.9547119140625;573.9547119140625;573.7890014648438;573.9490966796875;573.9490966796875;40
2024-11-25 17:28:00+01:00;573.9486083984375;573.9486083984375;573.9486083984375;573.9486083984375;573.9486083984375;1
2024-11-25 17:29:00+01:00;573.5999755859375;573.5999755859375;573.5999755859375;573.5999755859375;573.5999755859375;6
