Datetime;Open;High;Low;Close;Adj Close;Volume
2024-09-13 09:04:00+02:00;518.30126953125;518.30126953125;518.30126953125;518.30126953125;518.30126953125;0
2024-09-13 09:05:00+02:00;518.482421875;518.482421875;518.482421875;518.482421875;518.482421875;1
2024-09-13 09:11:00+02:00;518.7352294921875;518.7352294921875;518.7352294921875;518.7352294921875;518.7352294921875;17
2024-09-13 09:12:00+02:00;518.89599609375;518.89599609375;518.89599609375;518.89599609375;518.89599609375;4
2024-09-13 09:13:00+02:00;518.8167114257812;518.8167114257812;518.8167114257812;518.8167114257812;518.8167114257812;1
2024-09-13 09:17:00+02:00;518.7974243164062;518.7974243164062;518.7744140625;518.7744140625;518.7744140625;5
2024-09-13 09:18:00+02:00;518.769775390625;518.769775390625;518.7598266601562;518.7598266601562;518.7598266601562;4
2024-09-13 09:22:00+02:00;518.6596069335938;518.6596069335938;518.6596069335938;518.6596069335938;518.6596069335938;2
2024-09-13 09:23:00+02:00;518.7265014648438;518.7265014648438;518.7265014648438;518.7265014648438;518.7265014648438;1
2024-09-13 09:24:00+02:00;518.9276733398438;518.9276733398438;518.9276733398438;518.9276733398438;518.9276733398438;1
2024-09-13 09:25:00+02:00;518.8936767578125;518.8936767578125;518.8936767578125;518.8936767578125;518.8936767578125;1
2024-09-13 09:26:00+02:00;518.8353881835938;519.03759765625;518.8350830078125;519.0194091796875;519.0194091796875;7
2024-09-13 09:27:00+02:00;518.4818115234375;518.9697875976562;518.4818115234375;518.9697875976562;518.9697875976562;3
2024-09-13 09:29:00+02:00;519.0999755859375;519.2935180664062;519.0999755859375;519.2935180664062;519.2935180664062;2
2024-09-13 09:30:00+02:00;519.2319946289062;519.2319946289062;519.2319946289062;519.2319946289062;519.2319946289062;2
2024-09-13 09:32:00+02:00;518.9769897460938;518.9769897460938;518.9769897460938;518.9769897460938;518.9769897460938;1
2024-09-13 09:33:00+02:00;518.8768920898438;518.8768920898438;518.8768920898438;518.8768920898438;518.8768920898438;2
2024-09-13 09:34:00+02:00;518.8504028320312;518.8504028320312;518.8283081054688;518.8283081054688;518.8283081054688;3
2024-09-13 09:36:00+02:00;518.7874145507812;518.7874145507812;518.7874145507812;518.7874145507812;518.7874145507812;2
2024-09-13 09:39:00+02:00;518.4310913085938;518.8348999023438;518.4310913085938;518.8348999023438;518.8348999023438;3
2024-09-13 09:41:00+02:00;518.4201049804688;518.4201049804688;518.4201049804688;518.4201049804688;518.4201049804688;1
2024-09-13 09:42:00+02:00;518.7620239257812;518.7620239257812;518.7620239257812;518.7620239257812;518.7620239257812;2
2024-09-13 09:43:00+02:00;518.8370971679688;518.8370971679688;518.8370971679688;518.8370971679688;518.8370971679688;2
2024-09-13 09:44:00+02:00;518.7619018554688;518.7619018554688;518.7619018554688;518.7619018554688;518.7619018554688;174
2024-09-13 09:45:00+02:00;518.7318115234375;518.7318115234375;518.5;518.5;518.5;4
2024-09-13 09:48:00+02:00;518.4199829101562;518.6051025390625;518.4000244140625;518.4000244140625;518.4000244140625;15
2024-09-13 09:50:00+02:00;518.4078979492188;518.4078979492188;518.388671875;518.388671875;518.388671875;4
2024-09-13 09:51:00+02:00;518.3516845703125;518.3516845703125;518.3516845703125;518.3516845703125;518.3516845703125;1
2024-09-13 09:53:00+02:00;518.2725830078125;518.2725830078125;518.2703857421875;518.2703857421875;518.2703857421875;3
2024-09-13 09:54:00+02:00;518.0;518.0;518.0;518.0;518.0;30
2024-09-13 09:57:00+02:00;517.6328125;517.6328125;517.6328125;517.6328125;517.6328125;10
2024-09-13 09:58:00+02:00;517.9281005859375;517.9281005859375;517.9281005859375;517.9281005859375;517.9281005859375;88
2024-09-13 10:03:00+02:00;517.660888671875;517.660888671875;517.660888671875;517.660888671875;517.660888671875;2
2024-09-13 10:06:00+02:00;517.7015991210938;517.7015991210938;517.7015991210938;517.7015991210938;517.7015991210938;2
2024-09-13 10:08:00+02:00;517.8536987304688;517.8536987304688;517.8536987304688;517.8536987304688;517.8536987304688;10
2024-09-13 10:09:00+02:00;517.8654174804688;517.8654174804688;517.8654174804688;517.8654174804688;517.8654174804688;1
2024-09-13 10:10:00+02:00;517.9030151367188;517.94873046875;517.6610107421875;517.9439086914062;517.9439086914062;16
2024-09-13 10:11:00+02:00;517.9246215820312;517.9246215820312;517.9246215820312;517.9246215820312;517.9246215820312;2
2024-09-13 10:13:00+02:00;518.0953979492188;518.0953979492188;518.0953979492188;518.0953979492188;518.0953979492188;2
2024-09-13 10:14:00+02:00;518.2294921875;518.2321166992188;518.2255859375;518.2255859375;518.2255859375;22
2024-09-13 10:15:00+02:00;517.9299926757812;517.9299926757812;517.92431640625;517.92431640625;517.92431640625;2
2024-09-13 10:18:00+02:00;518.182373046875;518.182373046875;518.182373046875;518.182373046875;518.182373046875;2
2024-09-13 10:19:00+02:00;518.1572875976562;518.1782836914062;518.1572875976562;518.1663818359375;518.1663818359375;208
2024-09-13 10:20:00+02:00;518.3322143554688;518.3322143554688;518.3322143554688;518.3322143554688;518.3322143554688;1
2024-09-13 10:24:00+02:00;518.1376953125;518.1439819335938;518.1376953125;518.1439819335938;518.1439819335938;2
2024-09-13 10:25:00+02:00;518.2357788085938;518.2357788085938;518.1400146484375;518.1400146484375;518.1400146484375;6
2024-09-13 10:26:00+02:00;518.2346801757812;518.2346801757812;518.2346801757812;518.2346801757812;518.2346801757812;8
2024-09-13 10:27:00+02:00;518.1878051757812;518.1878051757812;518.1878051757812;518.1878051757812;518.1878051757812;5
2024-09-13 10:28:00+02:00;517.8350830078125;517.8350830078125;517.8350830078125;517.8350830078125;517.8350830078125;10
2024-09-13 10:29:00+02:00;518.126708984375;518.126708984375;518.126708984375;518.126708984375;518.126708984375;1
2024-09-13 10:32:00+02:00;518.0296020507812;518.0296020507812;518.0296020507812;518.0296020507812;518.0296020507812;3
2024-09-13 10:34:00+02:00;517.660888671875;517.660888671875;517.660888671875;517.660888671875;517.660888671875;1
2024-09-13 10:36:00+02:00;517.851318359375;517.851318359375;517.851318359375;517.851318359375;517.851318359375;1
2024-09-13 10:37:00+02:00;518.0841064453125;518.0841064453125;518.0841064453125;518.0841064453125;518.0841064453125;1
2024-09-13 10:38:00+02:00;518.0413818359375;518.0413818359375;518.0413818359375;518.0413818359375;518.0413818359375;2
2024-09-13 10:39:00+02:00;518.1074829101562;518.1076049804688;518.1074829101562;518.1076049804688;518.1076049804688;84
2024-09-13 10:40:00+02:00;518.1069946289062;518.1069946289062;518.1069946289062;518.1069946289062;518.1069946289062;5
2024-09-13 10:41:00+02:00;518.1799926757812;518.1799926757812;518.1799926757812;518.1799926757812;518.1799926757812;1
2024-09-13 10:45:00+02:00;517.8223876953125;517.8223876953125;517.8223876953125;517.8223876953125;517.8223876953125;1
2024-09-13 10:47:00+02:00;518.1799926757812;518.1799926757812;517.8881225585938;517.8881225585938;517.8881225585938;2
2024-09-13 10:48:00+02:00;518.1799926757812;518.1799926757812;518.1799926757812;518.1799926757812;518.1799926757812;1
2024-09-13 10:49:00+02:00;518.3656005859375;518.3656005859375;518.3656005859375;518.3656005859375;518.3656005859375;1
2024-09-13 10:50:00+02:00;517.9635009765625;518.4326782226562;517.9635009765625;518.4326782226562;518.4326782226562;2
2024-09-13 10:51:00+02:00;517.9664916992188;517.9664916992188;517.9664916992188;517.9664916992188;517.9664916992188;1
2024-09-13 10:52:00+02:00;518.1768188476562;518.1768188476562;518.1768188476562;518.1768188476562;518.1768188476562;1
2024-09-13 10:55:00+02:00;518.0457153320312;518.0457153320312;518.0457153320312;518.0457153320312;518.0457153320312;2
2024-09-13 10:56:00+02:00;517.7999877929688;517.7999877929688;517.7999877929688;517.7999877929688;517.7999877929688;1
2024-09-13 10:57:00+02:00;518.0;518.0;517.9826049804688;517.9826049804688;517.9826049804688;2
2024-09-13 11:00:00+02:00;518.1536865234375;518.1536865234375;518.1536865234375;518.1536865234375;518.1536865234375;10
2024-09-13 11:01:00+02:00;518.1301879882812;518.1301879882812;518.107421875;518.107421875;518.107421875;117
2024-09-13 11:06:00+02:00;518.190185546875;518.190185546875;518.190185546875;518.190185546875;518.190185546875;1
2024-09-13 11:13:00+02:00;518.4556884765625;518.4556884765625;518.4556884765625;518.4556884765625;518.4556884765625;1
2024-09-13 11:14:00+02:00;518.5473022460938;518.5473022460938;518.5178833007812;518.541015625;518.541015625;6
2024-09-13 11:15:00+02:00;518.5399780273438;518.5399780273438;518.5399780273438;518.5399780273438;518.5399780273438;1
2024-09-13 11:16:00+02:00;518.5;518.5;518.5;518.5;518.5;21
2024-09-13 11:18:00+02:00;518.5399780273438;518.6013793945312;518.5399780273438;518.6013793945312;518.6013793945312;32
2024-09-13 11:19:00+02:00;518.5426025390625;518.5426025390625;518.5426025390625;518.5426025390625;518.5426025390625;3
2024-09-13 11:21:00+02:00;518.5617065429688;518.5617065429688;518.5617065429688;518.5617065429688;518.5617065429688;4
2024-09-13 11:22:00+02:00;518.6339111328125;518.6339111328125;518.6339111328125;518.6339111328125;518.6339111328125;1
2024-09-13 11:23:00+02:00;518.5805053710938;518.5805053710938;518.5805053710938;518.5805053710938;518.5805053710938;5
2024-09-13 11:24:00+02:00;518.5438842773438;518.5438842773438;518.5421142578125;518.5421142578125;518.5421142578125;10
2024-09-13 11:25:00+02:00;518.5136108398438;518.5136108398438;518.5136108398438;518.5136108398438;518.5136108398438;1
2024-09-13 11:28:00+02:00;518.25;518.3516845703125;518.2000122070312;518.3516845703125;518.3516845703125;28
2024-09-13 11:34:00+02:00;518.4912719726562;518.573974609375;518.1088256835938;518.5662841796875;518.5662841796875;48
2024-09-13 11:36:00+02:00;518.5150756835938;518.5150756835938;518.5150756835938;518.5150756835938;518.5150756835938;1
2024-09-13 11:37:00+02:00;518.451904296875;518.451904296875;518.451904296875;518.451904296875;518.451904296875;19
2024-09-13 11:38:00+02:00;518.451416015625;518.451416015625;518.451416015625;518.451416015625;518.451416015625;1
2024-09-13 11:39:00+02:00;518.1646118164062;518.1646118164062;518.1646118164062;518.1646118164062;518.1646118164062;4
2024-09-13 11:40:00+02:00;518.19091796875;518.560302734375;518.19091796875;518.560302734375;518.560302734375;5
2024-09-13 11:43:00+02:00;518.4727172851562;518.4727172851562;518.4727172851562;518.4727172851562;518.4727172851562;31
2024-09-13 11:46:00+02:00;518.4318237304688;518.4318237304688;518.4318237304688;518.4318237304688;518.4318237304688;1
2024-09-13 11:48:00+02:00;518.664306640625;518.664306640625;518.664306640625;518.664306640625;518.664306640625;1
2024-09-13 11:50:00+02:00;518.5960083007812;518.5960083007812;518.5579833984375;518.5579833984375;518.5579833984375;10
2024-09-13 11:51:00+02:00;518.5399780273438;518.5399780273438;518.5399780273438;518.5399780273438;518.5399780273438;1
2024-09-13 11:52:00+02:00;518.4591064453125;518.4591064453125;518.458984375;518.458984375;518.458984375;5
2024-09-13 11:54:00+02:00;518.1646118164062;518.1646118164062;518.1646118164062;518.1646118164062;518.1646118164062;1
2024-09-13 11:57:00+02:00;518.4411010742188;518.5430297851562;518.4411010742188;518.5430297851562;518.5430297851562;4
2024-09-13 12:01:00+02:00;518.5377807617188;518.5377807617188;518.5377807617188;518.5377807617188;518.5377807617188;1
2024-09-13 12:04:00+02:00;518.2310791015625;518.2310791015625;518.2310791015625;518.2310791015625;518.2310791015625;14
2024-09-13 12:07:00+02:00;518.7249145507812;518.7249755859375;518.7249145507812;518.7249755859375;518.7249755859375;58
2024-09-13 12:08:00+02:00;518.3062744140625;518.3062744140625;518.3062744140625;518.3062744140625;518.3062744140625;5
2024-09-13 12:10:00+02:00;518.7177124023438;518.7178955078125;518.7177124023438;518.7178955078125;518.7178955078125;154
2024-09-13 12:14:00+02:00;518.8200073242188;518.8200073242188;518.8200073242188;518.8200073242188;518.8200073242188;1
2024-09-13 12:16:00+02:00;518.7274780273438;518.7274780273438;518.7105102539062;518.7105102539062;518.7105102539062;11
2024-09-13 12:17:00+02:00;518.707275390625;518.7999877929688;518.706787109375;518.7999877929688;518.7999877929688;3
2024-09-13 12:19:00+02:00;518.8200073242188;518.8200073242188;518.8200073242188;518.8200073242188;518.8200073242188;2
2024-09-13 12:22:00+02:00;518.6716918945312;518.6716918945312;518.3170166015625;518.3170166015625;518.3170166015625;5
2024-09-13 12:26:00+02:00;518.6593017578125;518.6593017578125;518.6593017578125;518.6593017578125;518.6593017578125;2
2024-09-13 12:27:00+02:00;518.6322021484375;518.6322021484375;518.6322021484375;518.6322021484375;518.6322021484375;5
2024-09-13 12:28:00+02:00;518.8200073242188;518.8200073242188;518.3482055664062;518.3482055664062;518.3482055664062;4
2024-09-13 12:32:00+02:00;518.68408203125;518.68408203125;518.6818237304688;518.6818237304688;518.6818237304688;4
2024-09-13 12:35:00+02:00;518.7766723632812;518.7766723632812;518.7766723632812;518.7766723632812;518.7766723632812;10
2024-09-13 12:40:00+02:00;518.3070068359375;518.3070068359375;518.2999877929688;518.2999877929688;518.2999877929688;52
2024-09-13 12:41:00+02:00;518.2310791015625;518.2310791015625;518.2310791015625;518.2310791015625;518.2310791015625;1
2024-09-13 12:43:00+02:00;518.2595825195312;518.2595825195312;518.2595825195312;518.2595825195312;518.2595825195312;1
2024-09-13 12:46:00+02:00;518.1646728515625;518.1646728515625;518.1646728515625;518.1646728515625;518.1646728515625;1
2024-09-13 12:47:00+02:00;518.4096069335938;518.4096069335938;518.4096069335938;518.4096069335938;518.4096069335938;2
2024-09-13 12:53:00+02:00;518.6970825195312;518.6970825195312;518.6970825195312;518.6970825195312;518.6970825195312;1
2024-09-13 13:00:00+02:00;518.8126831054688;518.8126831054688;518.8126831054688;518.8126831054688;518.8126831054688;17
2024-09-13 13:01:00+02:00;518.7691040039062;518.7691040039062;518.7691040039062;518.7691040039062;518.7691040039062;2
2024-09-13 13:04:00+02:00;518.5858764648438;518.5858764648438;518.4099731445312;518.4099731445312;518.4099731445312;17
2024-09-13 13:05:00+02:00;518.5252075195312;518.5252075195312;518.5250854492188;518.5250854492188;518.5250854492188;3
2024-09-13 13:07:00+02:00;518.485107421875;518.4852294921875;518.4000244140625;518.4000244140625;518.4000244140625;303
2024-09-13 13:10:00+02:00;518.1646728515625;518.1646728515625;518.1646728515625;518.1646728515625;518.1646728515625;16
2024-09-13 13:18:00+02:00;518.34619140625;518.34619140625;518.34619140625;518.34619140625;518.34619140625;1
2024-09-13 13:19:00+02:00;518.1895141601562;518.1895141601562;518.1895141601562;518.1895141601562;518.1895141601562;7
2024-09-13 13:23:00+02:00;518.6358032226562;518.6358032226562;518.6358032226562;518.6358032226562;518.6358032226562;2
2024-09-13 13:26:00+02:00;518.6561889648438;518.6561889648438;518.6561889648438;518.6561889648438;518.6561889648438;1
2024-09-13 13:29:00+02:00;518.68310546875;518.68310546875;518.68310546875;518.68310546875;518.68310546875;2
2024-09-13 13:34:00+02:00;518.6314697265625;518.6314697265625;518.631103515625;518.631103515625;518.631103515625;3
2024-09-13 13:36:00+02:00;518.5698852539062;518.5698852539062;518.5698852539062;518.5698852539062;518.5698852539062;3
2024-09-13 13:37:00+02:00;518.509521484375;518.509521484375;518.509521484375;518.509521484375;518.509521484375;6
2024-09-13 13:39:00+02:00;518.239990234375;518.239990234375;518.239990234375;518.239990234375;518.239990234375;7
2024-09-13 13:41:00+02:00;518.3245239257812;518.3245239257812;518.3245239257812;518.3245239257812;518.3245239257812;1
2024-09-13 13:45:00+02:00;518.7255859375;518.7255859375;518.7255859375;518.7255859375;518.7255859375;4
2024-09-13 13:49:00+02:00;518.5910034179688;518.5910034179688;518.5910034179688;518.5910034179688;518.5910034179688;2
2024-09-13 13:54:00+02:00;518.8048095703125;518.8048095703125;518.8048095703125;518.8048095703125;518.8048095703125;4
2024-09-13 13:55:00+02:00;518.7034912109375;518.7034912109375;518.7034912109375;518.7034912109375;518.7034912109375;6
2024-09-13 13:56:00+02:00;518.70068359375;518.70068359375;518.70068359375;518.70068359375;518.70068359375;5
2024-09-13 14:02:00+02:00;518.70068359375;518.7946166992188;518.70068359375;518.793701171875;518.793701171875;11
2024-09-13 14:04:00+02:00;518.7999877929688;518.7999877929688;518.7999877929688;518.7999877929688;518.7999877929688;5
2024-09-13 14:06:00+02:00;518.8200073242188;518.8200073242188;518.8200073242188;518.8200073242188;518.8200073242188;5
2024-09-13 14:07:00+02:00;518.8200073242188;518.8200073242188;518.8200073242188;518.8200073242188;518.8200073242188;3
2024-09-13 14:09:00+02:00;518.8092041015625;518.8092041015625;518.8092041015625;518.8092041015625;518.8092041015625;1
2024-09-13 14:11:00+02:00;518.81982421875;518.81982421875;518.81982421875;518.81982421875;518.81982421875;3
2024-09-13 14:12:00+02:00;518.7620849609375;518.7620849609375;518.7620849609375;518.7620849609375;518.7620849609375;6
2024-09-13 14:16:00+02:00;518.7586059570312;518.7586059570312;518.7586059570312;518.7586059570312;518.7586059570312;1
2024-09-13 14:19:00+02:00;518.760009765625;518.760009765625;518.760009765625;518.760009765625;518.760009765625;4
2024-09-13 14:20:00+02:00;518.8076782226562;518.8076782226562;518.7899169921875;518.7899169921875;518.7899169921875;63
2024-09-13 14:21:00+02:00;518.8200073242188;518.8200073242188;518.8200073242188;518.8200073242188;518.8200073242188;2
2024-09-13 14:22:00+02:00;518.8200073242188;518.9254150390625;518.8200073242188;518.9254150390625;518.9254150390625;4
2024-09-13 14:24:00+02:00;518.621826171875;518.7838134765625;518.621826171875;518.7822875976562;518.7822875976562;19
2024-09-13 14:28:00+02:00;518.7000122070312;518.8880004882812;518.7000122070312;518.8880004882812;518.8880004882812;5
2024-09-13 14:29:00+02:00;518.8416137695312;518.8416137695312;518.8416137695312;518.8416137695312;518.8416137695312;3
2024-09-13 14:31:00+02:00;518.7796020507812;518.7796020507812;518.7796020507812;518.7796020507812;518.7796020507812;3
2024-09-13 14:34:00+02:00;518.7158813476562;518.7158813476562;518.7158813476562;518.7158813476562;518.7158813476562;10
2024-09-13 14:37:00+02:00;518.6469116210938;518.6469116210938;518.6469116210938;518.6469116210938;518.6469116210938;1
2024-09-13 14:38:00+02:00;518.6082153320312;518.6082153320312;518.6016845703125;518.6016845703125;518.6016845703125;2
2024-09-13 14:40:00+02:00;518.4597778320312;518.4597778320312;518.4597778320312;518.4597778320312;518.4597778320312;1
2024-09-13 14:42:00+02:00;518.1646118164062;518.1646118164062;518.1599731445312;518.1599731445312;518.1599731445312;11
2024-09-13 14:43:00+02:00;518.0;518.0;517.8529052734375;517.8529052734375;517.8529052734375;5
2024-09-13 14:46:00+02:00;518.5950927734375;518.5950927734375;518.5950927734375;518.5950927734375;518.5950927734375;1
2024-09-13 14:47:00+02:00;518.6516723632812;518.6516723632812;518.6516723632812;518.6516723632812;518.6516723632812;1
2024-09-13 14:49:00+02:00;518.5941772460938;518.5941772460938;518.5941772460938;518.5941772460938;518.5941772460938;1
2024-09-13 14:52:00+02:00;518.4989013671875;518.4989013671875;518.4989013671875;518.4989013671875;518.4989013671875;2
2024-09-13 14:55:00+02:00;518.5703125;518.5703125;518.5703125;518.5703125;518.5703125;20
2024-09-13 14:58:00+02:00;518.5800170898438;518.5921020507812;518.5800170898438;518.5921020507812;518.5921020507812;21
2024-09-13 14:59:00+02:00;518.543212890625;518.543212890625;518.5410766601562;518.5410766601562;518.5410766601562;4
2024-09-13 15:00:00+02:00;518.2999877929688;518.4559936523438;518.2999877929688;518.4559936523438;518.4559936523438;11
2024-09-13 15:04:00+02:00;518.327880859375;518.39111328125;518.3233032226562;518.39111328125;518.39111328125;6
2024-09-13 15:08:00+02:00;518.3482055664062;518.3482055664062;518.3482055664062;518.3482055664062;518.3482055664062;1
2024-09-13 15:10:00+02:00;518.2689819335938;518.2689819335938;518.0336303710938;518.0336303710938;518.0336303710938;42
2024-09-13 15:12:00+02:00;518.0941772460938;518.0941772460938;518.0941772460938;518.0941772460938;518.0941772460938;4
2024-09-13 15:13:00+02:00;518.0827026367188;518.0827026367188;518.0827026367188;518.0827026367188;518.0827026367188;3
2024-09-13 15:16:00+02:00;517.7457885742188;517.7457885742188;517.7457275390625;517.7457275390625;517.7457275390625;90
2024-09-13 15:20:00+02:00;518.119384765625;518.119384765625;518.119384765625;518.119384765625;518.119384765625;1
2024-09-13 15:21:00+02:00;518.1010131835938;518.1010131835938;518.1010131835938;518.1010131835938;518.1010131835938;1
2024-09-13 15:22:00+02:00;518.2266845703125;518.2266845703125;518.2205810546875;518.2205810546875;518.2205810546875;3
2024-09-13 15:24:00+02:00;518.1655883789062;518.1655883789062;518.1655883789062;518.1655883789062;518.1655883789062;1
2024-09-13 15:25:00+02:00;518.1392211914062;518.1392211914062;518.1392211914062;518.1392211914062;518.1392211914062;6
2024-09-13 15:27:00+02:00;518.2750854492188;518.2750854492188;518.2750854492188;518.2750854492188;518.2750854492188;2
2024-09-13 15:29:00+02:00;518.193603515625;518.193603515625;518.1478881835938;518.1478881835938;518.1478881835938;2
2024-09-13 15:46:00+02:00;519.0;519.0;519.0;519.0;519.0;2
2024-09-13 15:47:00+02:00;519.2617797851562;519.2899780273438;519.2617797851562;519.2899780273438;519.2899780273438;12
2024-09-13 15:52:00+02:00;519.5321044921875;519.5321044921875;519.5321044921875;519.5321044921875;519.5321044921875;1
2024-09-13 15:53:00+02:00;519.4951171875;519.4951171875;519.4951171875;519.4951171875;519.4951171875;1
2024-09-13 15:54:00+02:00;519.4860229492188;519.4860229492188;519.4860229492188;519.4860229492188;519.4860229492188;2
2024-09-13 15:55:00+02:00;519.39990234375;519.39990234375;519.39990234375;519.39990234375;519.39990234375;2
2024-09-13 15:56:00+02:00;519.3380126953125;519.3380126953125;519.3380126953125;519.3380126953125;519.3380126953125;5
2024-09-13 15:58:00+02:00;519.356689453125;519.356689453125;519.356689453125;519.356689453125;519.356689453125;1
2024-09-13 16:03:00+02:00;519.3406982421875;519.3406982421875;519.3406982421875;519.3406982421875;519.3406982421875;11
2024-09-13 16:05:00+02:00;518.7517700195312;518.7517700195312;518.7517700195312;518.7517700195312;518.7517700195312;2
2024-09-13 16:08:00+02:00;518.8668823242188;518.8668823242188;518.8668823242188;518.8668823242188;518.8668823242188;10
2024-09-13 16:11:00+02:00;519.6065063476562;519.6065063476562;519.6035766601562;519.6035766601562;519.6035766601562;10
2024-09-13 16:14:00+02:00;519.7777099609375;519.7777099609375;519.7777099609375;519.7777099609375;519.7777099609375;1
2024-09-13 16:15:00+02:00;519.8687133789062;519.8687133789062;519.8687133789062;519.8687133789062;519.8687133789062;1
2024-09-13 16:19:00+02:00;519.8699951171875;519.8699951171875;519.5267944335938;519.5267944335938;519.5267944335938;22
2024-09-13 16:21:00+02:00;519.9998779296875;519.9998779296875;519.9998779296875;519.9998779296875;519.9998779296875;1
2024-09-13 16:23:00+02:00;520.0;520.0;520.0;520.0;520.0;49
2024-09-13 16:25:00+02:00;520.5;520.5;520.4998168945312;520.4998168945312;520.4998168945312;9
2024-09-13 16:26:00+02:00;520.1199951171875;520.2891235351562;520.0;520.0;520.0;7
2024-09-13 16:29:00+02:00;519.8582153320312;519.8582153320312;519.8582153320312;519.8582153320312;519.8582153320312;4
2024-09-13 16:31:00+02:00;518.9000244140625;518.9000244140625;518.9000244140625;518.9000244140625;518.9000244140625;4
2024-09-13 16:32:00+02:00;519.4805908203125;519.4805908203125;519.4805908203125;519.4805908203125;519.4805908203125;1
2024-09-13 16:34:00+02:00;519.3076782226562;519.3076782226562;519.3076782226562;519.3076782226562;519.3076782226562;4
2024-09-13 16:35:00+02:00;519.3472290039062;519.4152221679688;519.2421264648438;519.4152221679688;519.4152221679688;194
2024-09-13 16:39:00+02:00;520.0880126953125;520.0880126953125;520.0880126953125;520.0880126953125;520.0880126953125;2
2024-09-13 16:42:00+02:00;520.2728881835938;520.2728881835938;520.2728881835938;520.2728881835938;520.2728881835938;4
2024-09-13 16:45:00+02:00;520.5;520.5;520.5;520.5;520.5;2
2024-09-13 16:46:00+02:00;520.2728881835938;520.2728881835938;520.1351928710938;520.2728881835938;520.2728881835938;1
2024-09-13 16:47:00+02:00;520.2999877929688;520.5;520.19140625;520.5;520.5;8
2024-09-13 16:48:00+02:00;520.4915161132812;520.4915161132812;520.4915161132812;520.4915161132812;520.4915161132812;1
2024-09-13 16:49:00+02:00;520.4631958007812;520.4631958007812;520.4631958007812;520.4631958007812;520.4631958007812;1
2024-09-13 16:56:00+02:00;520.4183959960938;520.4183959960938;520.4183959960938;520.4183959960938;520.4183959960938;3
2024-09-13 16:57:00+02:00;520.1729736328125;520.1729736328125;520.1729736328125;520.1729736328125;520.1729736328125;3
2024-09-13 16:58:00+02:00;520.0366821289062;520.0366821289062;520.0366821289062;520.0366821289062;520.0366821289062;1
2024-09-13 17:03:00+02:00;520.0;520.0;520.0;520.0;520.0;1
2024-09-13 17:04:00+02:00;520.1361083984375;520.1400146484375;520.1361083984375;520.1400146484375;520.1400146484375;2
2024-09-13 17:06:00+02:00;520.0806274414062;520.0806274414062;520.0806274414062;520.0806274414062;520.0806274414062;1
2024-09-13 17:08:00+02:00;520.0615844726562;520.0615844726562;520.0615844726562;520.0615844726562;520.0615844726562;1
2024-09-13 17:12:00+02:00;519.5228881835938;519.5228881835938;519.5228881835938;519.5228881835938;519.5228881835938;169
2024-09-13 17:15:00+02:00;519.5703735351562;519.5703735351562;519.5703735351562;519.5703735351562;519.5703735351562;1
2024-09-13 17:16:00+02:00;520.0247802734375;520.0247802734375;520.0247802734375;520.0247802734375;520.0247802734375;45
2024-09-13 17:18:00+02:00;519.7003784179688;520.0255126953125;519.7003784179688;520.0255126953125;520.0255126953125;3
2024-09-13 17:21:00+02:00;520.0230102539062;520.3062133789062;520.0230102539062;520.3062133789062;520.3062133789062;13
2024-09-13 17:22:00+02:00;519.855712890625;519.855712890625;519.855712890625;519.855712890625;519.855712890625;41
2024-09-13 17:24:00+02:00;520.0728149414062;520.0728149414062;520.0728149414062;520.0728149414062;520.0728149414062;10
2024-09-13 17:26:00+02:00;520.2191162109375;520.2191162109375;520.2191162109375;520.2191162109375;520.2191162109375;2
2024-09-13 17:28:00+02:00;520.1810302734375;520.1810302734375;520.1810302734375;520.1810302734375;520.1810302734375;1
2024-09-13 17:29:00+02:00;519.6768188476562;519.6768188476562;519.6768188476562;519.6768188476562;519.6768188476562;1
