Datetime;Open;High;Low;Close;Adj Close;Volume
2024-12-13 09:04:00+01:00;581.3613891601562;581.3613891601562;581.3613891601562;581.3613891601562;581.3613891601562;0
2024-12-13 09:05:00+01:00;581.6522827148438;581.6522827148438;581.2999877929688;581.2999877929688;581.2999877929688;17
2024-12-13 09:06:00+01:00;581.5579833984375;581.5579833984375;581.5579833984375;581.5579833984375;581.5579833984375;4
2024-12-13 09:07:00+01:00;581.2000122070312;581.2000122070312;581.2000122070312;581.2000122070312;581.2000122070312;3
2024-12-13 09:08:00+01:00;581.47900390625;581.47900390625;581.47900390625;581.47900390625;581.47900390625;8
2024-12-13 09:09:00+01:00;581.44482421875;581.44482421875;581.44482421875;581.44482421875;581.44482421875;1
2024-12-13 09:10:00+01:00;581.4066162109375;581.4066162109375;581.4066162109375;581.4066162109375;581.4066162109375;8
2024-12-13 09:11:00+01:00;581.4041137695312;581.4041137695312;581.39892578125;581.3989868164062;581.3989868164062;34
2024-12-13 09:12:00+01:00;581.0;581.0;581.0;581.0;581.0;33
2024-12-13 09:13:00+01:00;581.2348022460938;581.2348022460938;581.2348022460938;581.2348022460938;581.2348022460938;1
2024-12-13 09:14:00+01:00;581.1968994140625;581.1968994140625;581.1649169921875;581.1649169921875;581.1649169921875;6
2024-12-13 09:15:00+01:00;581.148681640625;581.148681640625;581.1469116210938;581.1469116210938;581.1469116210938;9
2024-12-13 09:17:00+01:00;581.2335205078125;581.2335205078125;581.2335205078125;581.2335205078125;581.2335205078125;4
2024-12-13 09:18:00+01:00;581.4346923828125;581.4346923828125;581.4346923828125;581.4346923828125;581.4346923828125;4
2024-12-13 09:21:00+01:00;581.5568237304688;581.5568237304688;581.5568237304688;581.5568237304688;581.5568237304688;1
2024-12-13 09:23:00+01:00;581.7092895507812;581.8635864257812;581.7092895507812;581.8635864257812;581.8635864257812;70
2024-12-13 09:24:00+01:00;581.8499145507812;581.8499145507812;581.8499145507812;581.8499145507812;581.8499145507812;1
2024-12-13 09:25:00+01:00;581.8909301757812;581.948486328125;581.8909301757812;581.948486328125;581.948486328125;23
2024-12-13 09:26:00+01:00;581.9484252929688;581.9484252929688;581.9439697265625;581.9439697265625;581.9439697265625;6
2024-12-13 09:27:00+01:00;581.739990234375;581.739990234375;581.739990234375;581.739990234375;581.739990234375;1
2024-12-13 09:28:00+01:00;581.9171752929688;581.9171752929688;581.9171752929688;581.9171752929688;581.9171752929688;1
2024-12-13 09:29:00+01:00;581.939697265625;581.9542846679688;581.939697265625;581.951904296875;581.951904296875;6
2024-12-13 09:30:00+01:00;581.6699829101562;581.6699829101562;581.6699829101562;581.6699829101562;581.6699829101562;2
2024-12-13 09:31:00+01:00;581.8480834960938;581.8480834960938;581.448486328125;581.448486328125;581.448486328125;12
2024-12-13 09:33:00+01:00;581.7830810546875;581.8132934570312;581.7830810546875;581.8132934570312;581.8132934570312;3
2024-12-13 09:34:00+01:00;581.788330078125;581.7886962890625;581.788330078125;581.7886962890625;581.7886962890625;9
2024-12-13 09:35:00+01:00;581.7672119140625;581.7672119140625;581.7672119140625;581.7672119140625;581.7672119140625;1
2024-12-13 09:36:00+01:00;581.7340087890625;581.7340087890625;581.4066772460938;581.4066772460938;581.4066772460938;16
2024-12-13 09:37:00+01:00;581.5037841796875;581.5037841796875;581.5037841796875;581.5037841796875;581.5037841796875;4
2024-12-13 09:38:00+01:00;581.6375122070312;581.6375122070312;581.6375122070312;581.6375122070312;581.6375122070312;1
2024-12-13 09:40:00+01:00;581.7227783203125;581.7227783203125;581.6978149414062;581.6978149414062;581.6978149414062;4
2024-12-13 09:41:00+01:00;581.6243896484375;581.6273193359375;581.6243896484375;581.6273193359375;581.6273193359375;3
2024-12-13 09:42:00+01:00;581.658203125;581.67431640625;581.658203125;581.67431640625;581.67431640625;7
2024-12-13 09:43:00+01:00;581.6597290039062;581.6597290039062;581.3609008789062;581.3609008789062;581.3609008789062;18
2024-12-13 09:45:00+01:00;581.6080932617188;581.6080932617188;581.345703125;581.345703125;581.345703125;17
2024-12-13 09:46:00+01:00;581.5479736328125;581.5479736328125;581.5479736328125;581.5479736328125;581.5479736328125;2
2024-12-13 09:47:00+01:00;581.3699951171875;581.5339965820312;581.3699951171875;581.5147705078125;581.5147705078125;24
2024-12-13 09:48:00+01:00;581.2459106445312;581.4935302734375;581.2459106445312;581.4935302734375;581.4935302734375;11
2024-12-13 09:49:00+01:00;581.5830078125;581.5830078125;581.1685791015625;581.293212890625;581.293212890625;58
2024-12-13 09:50:00+01:00;581.293212890625;581.293212890625;581.0416259765625;581.0416259765625;581.0416259765625;175
2024-12-13 09:52:00+01:00;581.2930908203125;581.2930908203125;581.2034912109375;581.2034912109375;581.2034912109375;2
2024-12-13 09:53:00+01:00;581.2163696289062;581.2163696289062;581.2163696289062;581.2163696289062;581.2163696289062;2
2024-12-13 09:55:00+01:00;581.4036254882812;581.4036254882812;581.4036254882812;581.4036254882812;581.4036254882812;2
2024-12-13 09:56:00+01:00;581.4818115234375;581.4818115234375;581.4818115234375;581.4818115234375;581.4818115234375;2
2024-12-13 09:57:00+01:00;581.4865112304688;581.4865112304688;581.4865112304688;581.4865112304688;581.4865112304688;1
2024-12-13 09:58:00+01:00;581.4865112304688;581.493408203125;581.4865112304688;581.493408203125;581.493408203125;3
2024-12-13 09:59:00+01:00;581.4605102539062;581.4605102539062;581.4605102539062;581.4605102539062;581.4605102539062;5
2024-12-13 10:00:00+01:00;581.4605102539062;581.4998168945312;581.4605102539062;581.49169921875;581.49169921875;3
2024-12-13 10:01:00+01:00;581.45361328125;581.45361328125;581.3579711914062;581.4254150390625;581.4254150390625;11
2024-12-13 10:02:00+01:00;581.49658203125;581.4973754882812;581.49658203125;581.4973754882812;581.4973754882812;15
2024-12-13 10:03:00+01:00;581.239990234375;581.239990234375;581.239990234375;581.239990234375;581.239990234375;1
2024-12-13 10:04:00+01:00;581.4924926757812;581.4924926757812;581.4924926757812;581.4924926757812;581.4924926757812;2
2024-12-13 10:05:00+01:00;581.4998779296875;581.4998779296875;581.4998779296875;581.4998779296875;581.4998779296875;3
2024-12-13 10:06:00+01:00;581.4998779296875;581.4998779296875;581.4998779296875;581.4998779296875;581.4998779296875;106
2024-12-13 10:07:00+01:00;581.4998779296875;581.4998779296875;581.4998779296875;581.4998779296875;581.4998779296875;21
2024-12-13 10:09:00+01:00;581.4998779296875;581.4998779296875;581.4998779296875;581.4998779296875;581.4998779296875;88
2024-12-13 10:10:00+01:00;581.4971923828125;581.4971923828125;581.4971923828125;581.4971923828125;581.4971923828125;8
2024-12-13 10:11:00+01:00;581.4998779296875;581.4998779296875;581.4998779296875;581.4998779296875;581.4998779296875;20
2024-12-13 10:12:00+01:00;581.4998779296875;581.4998779296875;581.4998779296875;581.4998779296875;581.4998779296875;139
2024-12-13 10:13:00+01:00;581.4998779296875;581.4998779296875;581.4998779296875;581.4998779296875;581.4998779296875;1
2024-12-13 10:14:00+01:00;581.4998779296875;581.4998779296875;581.4998779296875;581.4998779296875;581.4998779296875;79
2024-12-13 10:16:00+01:00;581.4998779296875;581.4998779296875;581.4998779296875;581.4998779296875;581.4998779296875;138
2024-12-13 10:17:00+01:00;581.4998779296875;581.4998779296875;581.4998779296875;581.4998779296875;581.4998779296875;8
2024-12-13 10:19:00+01:00;581.280029296875;581.4901733398438;581.280029296875;581.4901733398438;581.4901733398438;3
2024-12-13 10:20:00+01:00;581.1799926757812;581.3521728515625;581.1799926757812;581.3521728515625;581.3521728515625;7
2024-12-13 10:21:00+01:00;581.3442993164062;581.3442993164062;581.3442993164062;581.3442993164062;581.3442993164062;2
2024-12-13 10:24:00+01:00;581.3787231445312;581.4631958007812;581.3787231445312;581.4631958007812;581.4631958007812;12
2024-12-13 10:25:00+01:00;581.4605712890625;581.4605712890625;581.4605712890625;581.4605712890625;581.4605712890625;1
2024-12-13 10:29:00+01:00;581.4647827148438;581.4647827148438;581.4647827148438;581.4647827148438;581.4647827148438;1
2024-12-13 10:31:00+01:00;581.36181640625;581.4005126953125;581.36181640625;581.3817138671875;581.3817138671875;220
2024-12-13 10:32:00+01:00;581.3336181640625;581.3336181640625;581.1375732421875;581.1375732421875;581.1375732421875;39
2024-12-13 10:33:00+01:00;581.2817993164062;581.2817993164062;581.2805786132812;581.2805786132812;581.2805786132812;5
2024-12-13 10:34:00+01:00;581.1300048828125;581.2288208007812;581.1300048828125;581.2131958007812;581.2131958007812;13
2024-12-13 10:35:00+01:00;581.1984252929688;581.1984252929688;581.1842041015625;581.1842041015625;581.1842041015625;11
2024-12-13 10:36:00+01:00;581.1984252929688;581.1984252929688;581.1984252929688;581.1984252929688;581.1984252929688;2
2024-12-13 10:38:00+01:00;581.4360961914062;581.4360961914062;581.3571166992188;581.3571166992188;581.3571166992188;21
2024-12-13 10:39:00+01:00;581.4202880859375;581.42578125;581.3787231445312;581.4146118164062;581.4146118164062;60
2024-12-13 10:40:00+01:00;581.3851928710938;581.4959716796875;581.3851928710938;581.457275390625;581.457275390625;6
2024-12-13 10:41:00+01:00;581.1544189453125;581.4404907226562;581.1544189453125;581.4404907226562;581.4404907226562;22
2024-12-13 10:42:00+01:00;581.4191284179688;581.419189453125;581.4191284179688;581.419189453125;581.419189453125;9
2024-12-13 10:43:00+01:00;581.493896484375;581.493896484375;581.493896484375;581.493896484375;581.493896484375;1
2024-12-13 10:46:00+01:00;581.1510009765625;581.4495849609375;581.1510009765625;581.4495849609375;581.4495849609375;13
2024-12-13 10:48:00+01:00;581.43017578125;581.4302978515625;581.0723876953125;581.0723876953125;581.0723876953125;34
2024-12-13 10:49:00+01:00;581.4114990234375;581.4114990234375;581.3912963867188;581.3912963867188;581.3912963867188;4
2024-12-13 10:50:00+01:00;581.4317016601562;581.4317016601562;581.4317016601562;581.4317016601562;581.4317016601562;2
2024-12-13 10:51:00+01:00;581.400390625;581.400390625;581.400390625;581.400390625;581.400390625;1
2024-12-13 10:53:00+01:00;581.3331298828125;581.4780883789062;581.3331298828125;581.4780883789062;581.4780883789062;8
2024-12-13 10:54:00+01:00;581.4658813476562;581.4658813476562;581.4658813476562;581.4658813476562;581.4658813476562;1
2024-12-13 10:55:00+01:00;581.0;581.0;580.9912719726562;580.9912719726562;580.9912719726562;16
2024-12-13 10:56:00+01:00;580.9000244140625;581.2008056640625;580.9000244140625;581.2008056640625;581.2008056640625;2
2024-12-13 10:57:00+01:00;581.0078125;581.0078125;580.4827880859375;580.4827880859375;580.4827880859375;48
2024-12-13 10:58:00+01:00;580.5861206054688;580.586181640625;580.5861206054688;580.586181640625;580.586181640625;10
2024-12-13 11:02:00+01:00;580.9735107421875;580.9735107421875;580.9735107421875;580.9735107421875;580.9735107421875;10
2024-12-13 11:03:00+01:00;581.0505981445312;581.0505981445312;581.0505981445312;581.0505981445312;581.0505981445312;50
2024-12-13 11:04:00+01:00;580.9739990234375;580.9739990234375;580.7974243164062;580.8897094726562;580.8897094726562;23
2024-12-13 11:05:00+01:00;580.8184814453125;580.8184814453125;580.8120727539062;580.8120727539062;580.8120727539062;36
2024-12-13 11:06:00+01:00;580.8551025390625;580.8551025390625;580.8551025390625;580.8551025390625;580.8551025390625;1
2024-12-13 11:08:00+01:00;581.0037841796875;581.0037841796875;581.0037841796875;581.0037841796875;581.0037841796875;2
2024-12-13 11:10:00+01:00;580.6799926757812;580.8088989257812;580.5;580.5;580.5;5
2024-12-13 11:13:00+01:00;580.7288208007812;580.7288208007812;580.7288208007812;580.7288208007812;580.7288208007812;1
2024-12-13 11:14:00+01:00;580.7501831054688;580.8184204101562;580.7501831054688;580.8184204101562;580.8184204101562;7
2024-12-13 11:15:00+01:00;580.7717895507812;580.7717895507812;580.73876953125;580.73876953125;580.73876953125;3
2024-12-13 11:16:00+01:00;580.4031982421875;580.4031982421875;580.4031982421875;580.4031982421875;580.4031982421875;1
2024-12-13 11:17:00+01:00;580.7379150390625;580.7379150390625;580.7294921875;580.7294921875;580.7294921875;58
2024-12-13 11:18:00+01:00;580.760986328125;580.760986328125;580.760986328125;580.760986328125;580.760986328125;17
2024-12-13 11:19:00+01:00;580.7454223632812;580.7454223632812;580.7454223632812;580.7454223632812;580.7454223632812;2
2024-12-13 11:20:00+01:00;580.7398071289062;580.7398071289062;580.7318115234375;580.7318115234375;580.7318115234375;5
2024-12-13 11:21:00+01:00;580.7941284179688;580.7941284179688;580.7941284179688;580.7941284179688;580.7941284179688;1
2024-12-13 11:23:00+01:00;580.4429931640625;580.7315063476562;580.4229125976562;580.4229125976562;580.4229125976562;12
2024-12-13 11:24:00+01:00;580.4000244140625;580.4000244140625;580.4000244140625;580.4000244140625;580.4000244140625;17
2024-12-13 11:27:00+01:00;580.6611938476562;580.6611938476562;580.4000244140625;580.4000244140625;580.4000244140625;4
2024-12-13 11:29:00+01:00;580.6021728515625;580.6021728515625;580.5;580.5;580.5;7
2024-12-13 11:31:00+01:00;580.6400756835938;580.6400756835938;580.6400756835938;580.6400756835938;580.6400756835938;10
2024-12-13 11:32:00+01:00;580.6558227539062;580.6558227539062;580.6558227539062;580.6558227539062;580.6558227539062;10
2024-12-13 11:34:00+01:00;580.7000122070312;580.7000122070312;580.7000122070312;580.7000122070312;580.7000122070312;5
2024-12-13 11:38:00+01:00;580.9398193359375;580.9398193359375;580.9398193359375;580.9398193359375;580.9398193359375;3
2024-12-13 11:39:00+01:00;580.7000122070312;580.7000122070312;580.7000122070312;580.7000122070312;580.7000122070312;2
2024-12-13 11:41:00+01:00;580.7000122070312;581.0433959960938;580.7000122070312;580.9611206054688;580.9611206054688;19
2024-12-13 11:42:00+01:00;580.9445190429688;580.9445190429688;580.9445190429688;580.9445190429688;580.9445190429688;1
2024-12-13 11:44:00+01:00;580.960693359375;580.960693359375;580.960693359375;580.960693359375;580.960693359375;4
2024-12-13 11:45:00+01:00;580.9500122070312;581.0208129882812;580.768310546875;580.99169921875;580.99169921875;22
2024-12-13 11:46:00+01:00;580.8353271484375;580.8927001953125;580.5307006835938;580.8927001953125;580.8927001953125;4
2024-12-13 11:47:00+01:00;580.952880859375;580.952880859375;580.8858032226562;580.8858032226562;580.8858032226562;2
2024-12-13 11:48:00+01:00;580.94189453125;580.94189453125;580.94189453125;580.94189453125;580.94189453125;4
2024-12-13 11:49:00+01:00;581.0460205078125;581.0460205078125;581.0333251953125;581.0333251953125;581.0333251953125;2
2024-12-13 11:50:00+01:00;581.0471801757812;581.0471801757812;581.03759765625;581.03759765625;581.03759765625;5
2024-12-13 11:51:00+01:00;581.0380249023438;581.1439819335938;581.0380249023438;581.140625;581.140625;3
2024-12-13 11:52:00+01:00;581.1710815429688;581.1710815429688;581.1710815429688;581.1710815429688;581.1710815429688;1
2024-12-13 11:53:00+01:00;581.2396850585938;581.2396850585938;581.228515625;581.228515625;581.228515625;3
2024-12-13 11:55:00+01:00;580.7352294921875;580.7352294921875;580.7352294921875;580.7352294921875;580.7352294921875;5
2024-12-13 11:56:00+01:00;581.1541137695312;581.1541137695312;581.1541137695312;581.1541137695312;581.1541137695312;21
2024-12-13 11:58:00+01:00;581.168701171875;581.168701171875;580.9879150390625;580.9879150390625;580.9879150390625;16
2024-12-13 12:00:00+01:00;581.1431274414062;581.1431274414062;581.0819091796875;581.0819091796875;581.0819091796875;6
2024-12-13 12:01:00+01:00;581.0640869140625;581.0640869140625;580.77001953125;581.0316772460938;581.0316772460938;8
2024-12-13 12:02:00+01:00;581.0247802734375;581.0247802734375;581.0153198242188;581.0153198242188;581.0153198242188;10
2024-12-13 12:04:00+01:00;581.0;581.0;581.0;581.0;581.0;3
2024-12-13 12:06:00+01:00;581.042724609375;581.042724609375;581.042724609375;581.042724609375;581.042724609375;3
2024-12-13 12:08:00+01:00;581.0;581.0;581.0;581.0;581.0;1
2024-12-13 12:10:00+01:00;581.1506958007812;581.1506958007812;581.1185913085938;581.1185913085938;581.1185913085938;5
2024-12-13 12:11:00+01:00;581.118408203125;581.118408203125;581.1157836914062;581.1157836914062;581.1157836914062;2
2024-12-13 12:12:00+01:00;580.797607421875;581.0999755859375;580.797607421875;581.0985107421875;581.0985107421875;28
2024-12-13 12:13:00+01:00;580.99560546875;580.99560546875;580.99560546875;580.99560546875;580.99560546875;2
2024-12-13 12:14:00+01:00;580.9000244140625;580.9000244140625;580.9000244140625;580.9000244140625;580.9000244140625;1
2024-12-13 12:15:00+01:00;580.8624877929688;580.8624877929688;580.8624877929688;580.8624877929688;580.8624877929688;9
2024-12-13 12:16:00+01:00;580.92822265625;580.92822265625;580.92822265625;580.92822265625;580.92822265625;3
2024-12-13 12:19:00+01:00;580.91552734375;580.9328002929688;580.91552734375;580.9328002929688;580.9328002929688;4
2024-12-13 12:20:00+01:00;580.931396484375;580.9420166015625;580.931396484375;580.9420166015625;580.9420166015625;8
2024-12-13 12:21:00+01:00;580.9384155273438;580.9384155273438;580.9384155273438;580.9384155273438;580.9384155273438;2
2024-12-13 12:22:00+01:00;580.6047973632812;580.9907836914062;580.6047973632812;580.9907836914062;580.9907836914062;4
2024-12-13 12:23:00+01:00;580.9907836914062;580.9907836914062;580.9907836914062;580.9907836914062;580.9907836914062;1
2024-12-13 12:24:00+01:00;580.9644165039062;580.9644165039062;580.9644165039062;580.9644165039062;580.9644165039062;2
2024-12-13 12:27:00+01:00;580.919921875;580.919921875;580.919921875;580.919921875;580.919921875;12
2024-12-13 12:32:00+01:00;580.6181030273438;580.6181030273438;580.6181030273438;580.6181030273438;580.6181030273438;4
2024-12-13 12:34:00+01:00;580.7999877929688;580.9340209960938;580.7999877929688;580.9340209960938;580.9340209960938;8
2024-12-13 12:35:00+01:00;580.9630737304688;581.1616821289062;580.9630737304688;581.1616821289062;581.1616821289062;13
2024-12-13 12:39:00+01:00;580.5999755859375;580.5999755859375;580.5999755859375;580.5999755859375;580.5999755859375;7
2024-12-13 12:40:00+01:00;580.8480834960938;580.8480834960938;580.5390014648438;580.7000122070312;580.7000122070312;10
2024-12-13 12:41:00+01:00;580.5;580.5;580.5;580.5;580.5;1
2024-12-13 12:42:00+01:00;580.5;580.5;580.5;580.5;580.5;2
2024-12-13 12:44:00+01:00;580.7794189453125;580.7794189453125;580.7794189453125;580.7794189453125;580.7794189453125;4
2024-12-13 12:47:00+01:00;580.9110107421875;580.9110107421875;580.9110107421875;580.9110107421875;580.9110107421875;8
2024-12-13 12:49:00+01:00;580.9541015625;580.9541015625;580.9541015625;580.9541015625;580.9541015625;5
2024-12-13 12:53:00+01:00;580.7999877929688;580.7999877929688;580.7999877929688;580.7999877929688;580.7999877929688;5
2024-12-13 12:54:00+01:00;580.8034057617188;580.8034057617188;580.8034057617188;580.8034057617188;580.8034057617188;1
2024-12-13 12:56:00+01:00;580.9099731445312;580.9099731445312;580.9099731445312;580.9099731445312;580.9099731445312;9
2024-12-13 12:58:00+01:00;580.846923828125;580.846923828125;580.846923828125;580.846923828125;580.846923828125;3
2024-12-13 12:59:00+01:00;580.7999877929688;580.7999877929688;580.7999877929688;580.7999877929688;580.7999877929688;10
2024-12-13 13:01:00+01:00;580.7147216796875;580.7147216796875;580.7147216796875;580.7147216796875;580.7147216796875;1
2024-12-13 13:02:00+01:00;580.8134765625;580.8134765625;580.8134765625;580.8134765625;580.8134765625;5
2024-12-13 13:03:00+01:00;580.8759765625;580.8759765625;580.8759765625;580.8759765625;580.8759765625;3
2024-12-13 13:04:00+01:00;580.9282836914062;580.9282836914062;580.9282836914062;580.9282836914062;580.9282836914062;17
2024-12-13 13:05:00+01:00;580.947998046875;580.947998046875;580.947998046875;580.947998046875;580.947998046875;1
2024-12-13 13:06:00+01:00;581.0081176757812;581.0081176757812;581.0081176757812;581.0081176757812;581.0081176757812;2
2024-12-13 13:07:00+01:00;580.9854736328125;580.9854736328125;580.9854736328125;580.9854736328125;580.9854736328125;2
2024-12-13 13:08:00+01:00;580.9373168945312;580.9573974609375;580.9373168945312;580.9573974609375;580.9573974609375;3
2024-12-13 13:09:00+01:00;580.8585815429688;580.8585815429688;580.8585815429688;580.8585815429688;580.8585815429688;8
2024-12-13 13:10:00+01:00;580.8895263671875;580.8895263671875;580.8856201171875;580.8856201171875;580.8856201171875;2
2024-12-13 13:11:00+01:00;580.4290771484375;580.4290771484375;580.4290771484375;580.4290771484375;580.4290771484375;2
2024-12-13 13:13:00+01:00;580.836181640625;580.8453979492188;580.836181640625;580.8453979492188;580.8453979492188;11
2024-12-13 13:16:00+01:00;580.8673095703125;580.8673095703125;580.8673095703125;580.8673095703125;580.8673095703125;4
2024-12-13 13:21:00+01:00;580.8427124023438;580.8427124023438;580.8427124023438;580.8427124023438;580.8427124023438;4
2024-12-13 13:22:00+01:00;580.7661743164062;580.7661743164062;580.7661743164062;580.7661743164062;580.7661743164062;7
2024-12-13 13:26:00+01:00;581.065673828125;581.065673828125;581.065673828125;581.065673828125;581.065673828125;3
2024-12-13 13:27:00+01:00;581.022216796875;581.022216796875;581.022216796875;581.022216796875;581.022216796875;15
2024-12-13 13:28:00+01:00;580.94873046875;580.94873046875;580.94873046875;580.94873046875;580.94873046875;55
2024-12-13 13:30:00+01:00;580.7412109375;580.7412109375;580.7412109375;580.7412109375;580.7412109375;1
2024-12-13 13:32:00+01:00;580.5;580.5;580.5;580.5;580.5;5
2024-12-13 13:33:00+01:00;580.42041015625;580.6965942382812;580.4202880859375;580.6965942382812;580.6965942382812;219
2024-12-13 13:34:00+01:00;580.5625;580.647705078125;580.5;580.647705078125;580.647705078125;13
2024-12-13 13:35:00+01:00;580.3599853515625;580.3599853515625;580.359375;580.359375;580.359375;9
2024-12-13 13:38:00+01:00;580.4910278320312;580.4910278320312;580.4185791015625;580.4185791015625;580.4185791015625;11
2024-12-13 13:40:00+01:00;580.1102905273438;580.1102905273438;579.7000122070312;579.7000122070312;579.7000122070312;200
2024-12-13 13:41:00+01:00;579.82177734375;579.822509765625;579.82177734375;579.822509765625;579.822509765625;8
2024-12-13 13:42:00+01:00;579.5001220703125;579.8248291015625;579.5;579.5797729492188;579.5797729492188;179
2024-12-13 13:43:00+01:00;579.676025390625;579.676025390625;579.676025390625;579.676025390625;579.676025390625;1
2024-12-13 13:46:00+01:00;579.725830078125;579.736328125;579.7003784179688;579.7003784179688;579.7003784179688;7
2024-12-13 13:48:00+01:00;579.7125854492188;579.7443237304688;579.701416015625;579.7443237304688;579.7443237304688;11
2024-12-13 13:50:00+01:00;579.8925170898438;579.8925170898438;579.8925170898438;579.8925170898438;579.8925170898438;10
2024-12-13 13:51:00+01:00;579.9628295898438;580.0167846679688;579.9628295898438;580.0167846679688;580.0167846679688;14
2024-12-13 13:52:00+01:00;580.0;580.1049194335938;579.7943725585938;579.7943725585938;579.7943725585938;15
2024-12-13 13:54:00+01:00;580.0090942382812;580.0090942382812;580.0090942382812;580.0090942382812;580.0090942382812;1
2024-12-13 13:55:00+01:00;580.0159301757812;580.0408935546875;580.0159301757812;580.0408935546875;580.0408935546875;2
2024-12-13 13:56:00+01:00;580.0701293945312;580.0701293945312;580.0701293945312;580.0701293945312;580.0701293945312;6
2024-12-13 13:57:00+01:00;579.7944946289062;579.7944946289062;579.7943725585938;579.7943725585938;579.7943725585938;42
2024-12-13 13:58:00+01:00;579.7501831054688;579.7501831054688;579.7501831054688;579.7501831054688;579.7501831054688;4
2024-12-13 14:00:00+01:00;579.7247924804688;579.8253784179688;579.7247924804688;579.8253784179688;579.8253784179688;6
2024-12-13 14:02:00+01:00;579.8496704101562;579.8496704101562;579.8496704101562;579.8496704101562;579.8496704101562;1
2024-12-13 14:03:00+01:00;579.844970703125;579.844970703125;579.844970703125;579.844970703125;579.844970703125;2
2024-12-13 14:04:00+01:00;579.8101196289062;579.8101196289062;579.8101196289062;579.8101196289062;579.8101196289062;1
2024-12-13 14:05:00+01:00;579.809326171875;579.809326171875;579.809326171875;579.809326171875;579.809326171875;2
2024-12-13 14:07:00+01:00;579.7000122070312;579.7000122070312;579.7000122070312;579.7000122070312;579.7000122070312;1
2024-12-13 14:08:00+01:00;579.74560546875;579.7476806640625;579.74560546875;579.7476806640625;579.7476806640625;6
2024-12-13 14:09:00+01:00;579.5;579.5714721679688;579.5;579.5714721679688;579.5714721679688;19
2024-12-13 14:11:00+01:00;579.5714721679688;579.5714721679688;579.5714721679688;579.5714721679688;579.5714721679688;1
2024-12-13 14:13:00+01:00;579.5191040039062;579.6403198242188;579.5191040039062;579.6403198242188;579.6403198242188;6
2024-12-13 14:14:00+01:00;579.6403198242188;579.6403198242188;579.2402954101562;579.2402954101562;579.2402954101562;4
2024-12-13 14:16:00+01:00;579.6326904296875;579.6328125;579.6326904296875;579.6328125;579.6328125;10
2024-12-13 14:17:00+01:00;579.6328125;579.8070068359375;579.6328125;579.8070068359375;579.8070068359375;8
2024-12-13 14:19:00+01:00;579.5;579.5;579.5;579.5;579.5;3
2024-12-13 14:20:00+01:00;579.6765747070312;579.6765747070312;579.6765747070312;579.6765747070312;579.6765747070312;1
2024-12-13 14:23:00+01:00;579.6715698242188;579.6715698242188;579.6715698242188;579.6715698242188;579.6715698242188;2
2024-12-13 14:24:00+01:00;579.72802734375;579.72802734375;579.72802734375;579.72802734375;579.72802734375;2
2024-12-13 14:26:00+01:00;579.7728271484375;579.7728271484375;579.7728271484375;579.7728271484375;579.7728271484375;10
2024-12-13 14:29:00+01:00;579.8554077148438;579.8554077148438;579.8554077148438;579.8554077148438;579.8554077148438;5
2024-12-13 14:31:00+01:00;580.0587768554688;580.0587768554688;580.0587768554688;580.0587768554688;580.0587768554688;4
2024-12-13 14:32:00+01:00;579.9849853515625;579.9937133789062;579.9849853515625;579.9937133789062;579.9937133789062;2
2024-12-13 14:33:00+01:00;580.0119018554688;580.0454711914062;579.6403198242188;579.6403198242188;579.6403198242188;4
2024-12-13 14:34:00+01:00;580.0454711914062;580.0454711914062;580.0454711914062;580.0454711914062;580.0454711914062;1
2024-12-13 14:36:00+01:00;580.114501953125;580.114501953125;580.0269165039062;580.0269165039062;580.0269165039062;11
2024-12-13 14:37:00+01:00;579.9312133789062;579.9312133789062;579.9312133789062;579.9312133789062;579.9312133789062;1
2024-12-13 14:39:00+01:00;579.9730224609375;579.9730224609375;579.9730224609375;579.9730224609375;579.9730224609375;1
2024-12-13 14:42:00+01:00;579.81640625;579.81640625;579.5;579.5;579.5;5
2024-12-13 14:43:00+01:00;579.8125;579.8978881835938;579.8125;579.8978881835938;579.8978881835938;4
2024-12-13 14:44:00+01:00;579.6143188476562;579.8466796875;579.555419921875;579.8466796875;579.8466796875;38
2024-12-13 14:45:00+01:00;579.5;579.5;579.5;579.5;579.5;18
2024-12-13 14:47:00+01:00;579.7310791015625;579.773681640625;579.7310791015625;579.773681640625;579.773681640625;24
2024-12-13 14:48:00+01:00;579.8665771484375;579.8665771484375;579.8665771484375;579.8665771484375;579.8665771484375;1
2024-12-13 14:49:00+01:00;579.77001953125;579.78759765625;579.6008911132812;579.78759765625;579.78759765625;20
2024-12-13 14:51:00+01:00;579.7968139648438;579.7968139648438;579.7968139648438;579.7968139648438;579.7968139648438;1
2024-12-13 14:52:00+01:00;579.7379150390625;579.7379150390625;579.6723022460938;579.6723022460938;579.6723022460938;8
2024-12-13 14:53:00+01:00;579.669921875;579.6964111328125;579.669921875;579.6964111328125;579.6964111328125;11
2024-12-13 14:55:00+01:00;579.739990234375;579.739990234375;579.739990234375;579.739990234375;579.739990234375;2
2024-12-13 14:56:00+01:00;579.6284790039062;579.6284790039062;579.6284790039062;579.6284790039062;579.6284790039062;13
2024-12-13 14:57:00+01:00;579.4918823242188;579.4918823242188;579.4918823242188;579.4918823242188;579.4918823242188;3
2024-12-13 14:58:00+01:00;579.6284790039062;579.6284790039062;579.6284790039062;579.6284790039062;579.6284790039062;20
2024-12-13 14:59:00+01:00;579.6284790039062;579.8057250976562;579.6284790039062;579.8057250976562;579.8057250976562;23
2024-12-13 15:00:00+01:00;580.0578002929688;580.0578002929688;580.0578002929688;580.0578002929688;580.0578002929688;2
2024-12-13 15:01:00+01:00;579.73681640625;580.0612182617188;579.73681640625;580.0612182617188;580.0612182617188;6
2024-12-13 15:02:00+01:00;580.0614013671875;580.0614013671875;580.0614013671875;580.0614013671875;580.0614013671875;12
2024-12-13 15:03:00+01:00;580.0;580.0;579.8289794921875;579.9553833007812;579.9553833007812;13
2024-12-13 15:04:00+01:00;579.7213745117188;580.0006713867188;579.7213745117188;580.0006713867188;580.0006713867188;5
2024-12-13 15:05:00+01:00;579.9403076171875;580.126708984375;579.5827026367188;580.010986328125;580.010986328125;40
2024-12-13 15:06:00+01:00;579.9899291992188;580.0402221679688;579.9899291992188;580.0402221679688;580.0402221679688;7
2024-12-13 15:07:00+01:00;579.9500122070312;580.0697021484375;579.9500122070312;580.0697021484375;580.0697021484375;130
2024-12-13 15:08:00+01:00;580.1416015625;580.1416015625;580.1400756835938;580.1400756835938;580.1400756835938;3
2024-12-13 15:12:00+01:00;579.9714965820312;579.9714965820312;579.9714965820312;579.9714965820312;579.9714965820312;1
2024-12-13 15:13:00+01:00;579.9702758789062;579.9702758789062;579.9702758789062;579.9702758789062;579.9702758789062;1
2024-12-13 15:14:00+01:00;579.931396484375;579.931396484375;579.931396484375;579.931396484375;579.931396484375;10
2024-12-13 15:15:00+01:00;579.6500244140625;579.947021484375;579.6090698242188;579.8355102539062;579.8355102539062;10
2024-12-13 15:16:00+01:00;579.9771728515625;579.9771728515625;579.9771728515625;579.9771728515625;579.9771728515625;3
2024-12-13 15:18:00+01:00;579.8900146484375;579.8900146484375;579.8900146484375;579.8900146484375;579.8900146484375;2
2024-12-13 15:19:00+01:00;579.9149780273438;579.9149780273438;579.9149780273438;579.9149780273438;579.9149780273438;1
2024-12-13 15:20:00+01:00;579.8513793945312;579.9135131835938;579.8513793945312;579.9135131835938;579.9135131835938;15
2024-12-13 15:22:00+01:00;579.8262939453125;579.8262939453125;579.781005859375;579.781005859375;579.781005859375;5
2024-12-13 15:23:00+01:00;580.00830078125;580.00830078125;579.965576171875;579.965576171875;579.965576171875;21
2024-12-13 15:24:00+01:00;579.9979858398438;579.9979858398438;579.9849243164062;579.9849243164062;579.9849243164062;3
2024-12-13 15:27:00+01:00;580.0692749023438;580.0692749023438;580.0692749023438;580.0692749023438;580.0692749023438;1
2024-12-13 15:29:00+01:00;580.0325927734375;580.1799926757812;580.0325927734375;580.1799926757812;580.1799926757812;5
2024-12-13 15:30:00+01:00;580.1411743164062;580.269287109375;580.1411743164062;580.269287109375;580.269287109375;4
2024-12-13 15:33:00+01:00;580.106201171875;580.106201171875;580.106201171875;580.106201171875;580.106201171875;1
2024-12-13 15:35:00+01:00;580.0443725585938;580.0443725585938;580.0443725585938;580.0443725585938;580.0443725585938;4
2024-12-13 15:36:00+01:00;580.106201171875;580.106201171875;580.106201171875;580.106201171875;580.106201171875;2
2024-12-13 15:37:00+01:00;580.6414794921875;580.6414794921875;580.6414794921875;580.6414794921875;580.6414794921875;35
2024-12-13 15:38:00+01:00;580.340087890625;580.5819091796875;580.340087890625;580.5819091796875;580.5819091796875;3
2024-12-13 15:39:00+01:00;580.2166137695312;580.5396118164062;580.2166137695312;580.5396118164062;580.5396118164062;26
2024-12-13 15:40:00+01:00;580.539794921875;580.539794921875;580.539794921875;580.539794921875;580.539794921875;2
2024-12-13 15:41:00+01:00;580.5617065429688;580.5617065429688;580.5103759765625;580.5103759765625;580.5103759765625;30
2024-12-13 15:42:00+01:00;580.5380859375;580.6021728515625;580.469970703125;580.6021728515625;580.6021728515625;36
2024-12-13 15:43:00+01:00;580.6389770507812;580.6389770507812;580.6389770507812;580.6389770507812;580.6389770507812;2
2024-12-13 15:44:00+01:00;580.6649169921875;580.7088012695312;580.6649169921875;580.7088012695312;580.7088012695312;18
2024-12-13 15:46:00+01:00;580.7332153320312;580.7672119140625;580.7332153320312;580.7672119140625;580.7672119140625;2
2024-12-13 15:47:00+01:00;580.7098999023438;580.7098999023438;580.7098999023438;580.7098999023438;580.7098999023438;2
2024-12-13 15:48:00+01:00;580.67578125;580.67578125;580.67578125;580.67578125;580.67578125;4
2024-12-13 15:49:00+01:00;580.4000244140625;580.6292114257812;580.4000244140625;580.4461059570312;580.4461059570312;12
2024-12-13 15:50:00+01:00;580.4459838867188;580.4459838867188;580.4459838867188;580.4459838867188;580.4459838867188;1
2024-12-13 15:51:00+01:00;580.580078125;580.580078125;580.580078125;580.580078125;580.580078125;1
2024-12-13 15:52:00+01:00;580.4000244140625;580.4000244140625;580.4000244140625;580.4000244140625;580.4000244140625;2
2024-12-13 15:55:00+01:00;580.0;580.1785888671875;580.0;580.1785888671875;580.1785888671875;10
2024-12-13 15:56:00+01:00;580.1151123046875;580.1151123046875;580.1151123046875;580.1151123046875;580.1151123046875;1
2024-12-13 15:58:00+01:00;580.0178833007812;580.0178833007812;580.0178833007812;580.0178833007812;580.0178833007812;2
2024-12-13 15:59:00+01:00;580.08642578125;580.08642578125;579.474609375;579.474609375;579.474609375;42
2024-12-13 16:01:00+01:00;579.9223022460938;579.9223022460938;579.9223022460938;579.9223022460938;579.9223022460938;120
2024-12-13 16:02:00+01:00;579.9248046875;579.9248046875;579.9248046875;579.9248046875;579.9248046875;2
2024-12-13 16:03:00+01:00;579.8543701171875;579.8543701171875;579.8543701171875;579.8543701171875;579.8543701171875;17
2024-12-13 16:05:00+01:00;579.9182739257812;579.9182739257812;579.9182739257812;579.9182739257812;579.9182739257812;2
2024-12-13 16:06:00+01:00;579.474609375;579.474609375;579.474609375;579.474609375;579.474609375;1
2024-12-13 16:07:00+01:00;579.4569702148438;579.51220703125;579.4400024414062;579.51220703125;579.51220703125;4
2024-12-13 16:08:00+01:00;579.4495239257812;579.4495239257812;579.2000122070312;579.3638916015625;579.3638916015625;4
2024-12-13 16:09:00+01:00;579.4332885742188;579.4332885742188;579.4332885742188;579.4332885742188;579.4332885742188;1
2024-12-13 16:10:00+01:00;579.5635986328125;579.5635986328125;579.230224609375;579.230224609375;579.230224609375;8
2024-12-13 16:12:00+01:00;579.7144775390625;579.7144775390625;579.7144775390625;579.7144775390625;579.7144775390625;1
2024-12-13 16:13:00+01:00;579.7144775390625;579.7144775390625;579.7144775390625;579.7144775390625;579.7144775390625;2
2024-12-13 16:15:00+01:00;579.5560302734375;579.5584106445312;579.5560302734375;579.5584106445312;579.5584106445312;14
2024-12-13 16:16:00+01:00;579.4072265625;579.4072265625;579.4072265625;579.4072265625;579.4072265625;6
2024-12-13 16:17:00+01:00;579.3284301757812;579.3284301757812;579.3284301757812;579.3284301757812;579.3284301757812;20
2024-12-13 16:18:00+01:00;579.02001953125;579.2999877929688;579.0004272460938;579.02001953125;579.02001953125;25
2024-12-13 16:19:00+01:00;579.0001220703125;579.0001220703125;578.8300170898438;578.8300170898438;578.8300170898438;136
2024-12-13 16:21:00+01:00;578.864990234375;578.864990234375;578.864990234375;578.864990234375;578.864990234375;8
2024-12-13 16:22:00+01:00;578.966796875;578.966796875;578.9663696289062;578.9663696289062;578.9663696289062;2
2024-12-13 16:24:00+01:00;579.1342163085938;579.1342163085938;579.1342163085938;579.1342163085938;579.1342163085938;1
2024-12-13 16:26:00+01:00;579.1400146484375;579.1893920898438;578.969970703125;579.0739135742188;579.0739135742188;13
2024-12-13 16:27:00+01:00;579.031982421875;579.0321044921875;579.031982421875;579.0321044921875;579.0321044921875;7
2024-12-13 16:29:00+01:00;579.1115112304688;579.1115112304688;579.1115112304688;579.1115112304688;579.1115112304688;6
2024-12-13 16:31:00+01:00;579.0955200195312;579.0955200195312;579.086181640625;579.086181640625;579.086181640625;6
2024-12-13 16:32:00+01:00;578.7899780273438;579.0159912109375;578.7899780273438;579.0;579.0;5
2024-12-13 16:33:00+01:00;578.970703125;578.970703125;578.789794921875;578.7899169921875;578.7899169921875;13
2024-12-13 16:34:00+01:00;578.7899780273438;578.7899780273438;578.7899780273438;578.7899780273438;578.7899780273438;94
2024-12-13 16:35:00+01:00;578.7525024414062;578.7525024414062;578.7525024414062;578.7525024414062;578.7525024414062;2
2024-12-13 16:37:00+01:00;579.081787109375;579.081787109375;579.081787109375;579.081787109375;579.081787109375;1
2024-12-13 16:39:00+01:00;579.0494995117188;579.0494995117188;579.0494995117188;579.0494995117188;579.0494995117188;1
2024-12-13 16:40:00+01:00;578.7999877929688;578.8046264648438;578.5;578.5;578.5;55
2024-12-13 16:41:00+01:00;578.4168701171875;578.4168701171875;578.0;578.0;578.0;232
2024-12-13 16:42:00+01:00;577.9000244140625;578.00048828125;577.7999877929688;577.7999877929688;577.7999877929688;96
2024-12-13 16:43:00+01:00;578.0482788085938;578.0482788085938;578.0482788085938;578.0482788085938;578.0482788085938;1
2024-12-13 16:45:00+01:00;577.9364013671875;577.9364013671875;577.9364013671875;577.9364013671875;577.9364013671875;3
2024-12-13 16:46:00+01:00;577.7885131835938;578.25;577.7885131835938;578.25;578.25;17
2024-12-13 16:47:00+01:00;578.2183227539062;578.315673828125;578.2183227539062;578.315673828125;578.315673828125;3
2024-12-13 16:48:00+01:00;578.2546997070312;578.2546997070312;578.2546997070312;578.2546997070312;578.2546997070312;2
2024-12-13 16:51:00+01:00;578.1937866210938;578.2490844726562;578.1937866210938;578.2490844726562;578.2490844726562;6
2024-12-13 16:52:00+01:00;578.311279296875;578.311279296875;578.311279296875;578.311279296875;578.311279296875;9
2024-12-13 16:53:00+01:00;577.9000244140625;578.131103515625;577.9000244140625;578.131103515625;578.131103515625;9
2024-12-13 16:54:00+01:00;577.8466186523438;578.1804809570312;577.8466186523438;578.1804809570312;578.1804809570312;31
2024-12-13 16:56:00+01:00;577.9495849609375;577.9495849609375;577.9487915039062;577.9487915039062;577.9487915039062;5
2024-12-13 16:57:00+01:00;577.8720092773438;577.92822265625;577.8720092773438;577.92822265625;577.92822265625;31
2024-12-13 16:59:00+01:00;577.7000122070312;577.875;577.5499877929688;577.5499877929688;577.5499877929688;163
2024-12-13 17:00:00+01:00;577.5;577.5;577.5;577.5;577.5;79
2024-12-13 17:01:00+01:00;577.264892578125;577.264892578125;577.25;577.25;577.25;21
2024-12-13 17:02:00+01:00;577.4473876953125;577.581298828125;577.4254760742188;577.581298828125;577.581298828125;162
2024-12-13 17:03:00+01:00;577.5704956054688;577.5704956054688;577.4500122070312;577.4500122070312;577.4500122070312;6
2024-12-13 17:05:00+01:00;577.4735107421875;577.4735107421875;577.4735107421875;577.4735107421875;577.4735107421875;1
2024-12-13 17:07:00+01:00;577.5482788085938;577.5482788085938;577.5482788085938;577.5482788085938;577.5482788085938;1
2024-12-13 17:08:00+01:00;577.4577026367188;577.4577026367188;577.4577026367188;577.4577026367188;577.4577026367188;4
2024-12-13 17:09:00+01:00;577.4464111328125;577.4500122070312;577.4464111328125;577.4500122070312;577.4500122070312;3
2024-12-13 17:11:00+01:00;577.677490234375;577.7868041992188;577.5;577.5;577.5;57
2024-12-13 17:12:00+01:00;577.5498046875;577.6203002929688;577.2000122070312;577.2000732421875;577.2000732421875;57
2024-12-13 17:13:00+01:00;577.2000122070312;577.3972778320312;576.7020263671875;576.7020263671875;576.7020263671875;99
2024-12-13 17:14:00+01:00;576.7000122070312;576.8692016601562;576.7000122070312;576.8692016601562;576.8692016601562;25
2024-12-13 17:16:00+01:00;576.6968994140625;576.6968994140625;576.6968994140625;576.6968994140625;576.6968994140625;10
2024-12-13 17:18:00+01:00;577.507080078125;577.507080078125;577.507080078125;577.507080078125;577.507080078125;4
2024-12-13 17:19:00+01:00;577.5802001953125;577.5802001953125;577.5802001953125;577.5802001953125;577.5802001953125;6
2024-12-13 17:20:00+01:00;577.6552734375;577.6552734375;577.65380859375;577.65380859375;577.65380859375;2
2024-12-13 17:21:00+01:00;577.663818359375;577.663818359375;577.6599731445312;577.6599731445312;577.6599731445312;3
2024-12-13 17:22:00+01:00;577.6555786132812;577.8302001953125;577.6337280273438;577.8302001953125;577.8302001953125;256
2024-12-13 17:23:00+01:00;577.7025146484375;577.7025146484375;577.7025146484375;577.7025146484375;577.7025146484375;17
2024-12-13 17:24:00+01:00;577.6472778320312;577.6472778320312;577.6472778320312;577.6472778320312;577.6472778320312;4
2024-12-13 17:25:00+01:00;577.7211303710938;577.7211303710938;577.7211303710938;577.7211303710938;577.7211303710938;2
2024-12-13 17:27:00+01:00;577.4638061523438;577.4638061523438;577.4638061523438;577.4638061523438;577.4638061523438;10
2024-12-13 17:28:00+01:00;577.56591796875;577.601806640625;577.56591796875;577.601806640625;577.601806640625;3
2024-12-13 17:29:00+01:00;577.64111328125;577.64111328125;577.635498046875;577.635498046875;577.635498046875;78
