Datetime;Open;High;Low;Close;Adj Close;Volume
2024-09-10 09:04:00+02:00;508.08740234375;508.08740234375;508.08740234375;508.08740234375;508.08740234375;0
2024-09-10 09:05:00+02:00;508.3835144042969;508.3835144042969;508.3835144042969;508.3835144042969;508.3835144042969;1
2024-09-10 09:07:00+02:00;508.4414978027344;508.4414978027344;508.4414978027344;508.4414978027344;508.4414978027344;1
2024-09-10 09:09:00+02:00;508.6597900390625;508.6597900390625;508.6597900390625;508.6597900390625;508.6597900390625;1
2024-09-10 09:10:00+02:00;508.8634033203125;508.8634033203125;508.84759521484375;508.84759521484375;508.84759521484375;4
2024-09-10 09:11:00+02:00;508.70001220703125;508.70001220703125;508.70001220703125;508.70001220703125;508.70001220703125;2
2024-09-10 09:12:00+02:00;508.98748779296875;508.98748779296875;508.9637145996094;508.9637145996094;508.9637145996094;2
2024-09-10 09:13:00+02:00;508.94061279296875;508.94061279296875;508.94061279296875;508.94061279296875;508.94061279296875;5
2024-09-10 09:14:00+02:00;509.22100830078125;509.22100830078125;509.19000244140625;509.19000244140625;509.19000244140625;26
2024-09-10 09:15:00+02:00;509.1012878417969;509.1012878417969;509.1012878417969;509.1012878417969;509.1012878417969;1
2024-09-10 09:16:00+02:00;509.09600830078125;509.1059875488281;509.093505859375;509.1059875488281;509.1059875488281;199
2024-09-10 09:17:00+02:00;509.4325866699219;509.4325866699219;509.38909912109375;509.38909912109375;509.38909912109375;27
2024-09-10 09:18:00+02:00;509.3721923828125;509.3721923828125;509.1600036621094;509.3309020996094;509.3309020996094;106
2024-09-10 09:19:00+02:00;509.3301086425781;509.44891357421875;509.3301086425781;509.44891357421875;509.44891357421875;2
2024-09-10 09:20:00+02:00;509.38739013671875;509.38739013671875;509.38739013671875;509.38739013671875;509.38739013671875;15
2024-09-10 09:21:00+02:00;509.4754943847656;509.4754943847656;509.4754943847656;509.4754943847656;509.4754943847656;1
2024-09-10 09:22:00+02:00;509.65960693359375;509.65960693359375;509.65960693359375;509.65960693359375;509.65960693359375;6
2024-09-10 09:23:00+02:00;509.6084899902344;509.6084899902344;509.6084899902344;509.6084899902344;509.6084899902344;1
2024-09-10 09:24:00+02:00;509.5538024902344;509.5538024902344;509.5538024902344;509.5538024902344;509.5538024902344;1
2024-09-10 09:27:00+02:00;509.4280090332031;509.4280090332031;509.4280090332031;509.4280090332031;509.4280090332031;1
2024-09-10 09:28:00+02:00;509.3945007324219;509.3945007324219;509.3945007324219;509.3945007324219;509.3945007324219;1
2024-09-10 09:30:00+02:00;509.5893859863281;509.6654052734375;509.5893859863281;509.6654052734375;509.6654052734375;4
2024-09-10 09:31:00+02:00;509.6263122558594;509.6263122558594;509.6263122558594;509.6263122558594;509.6263122558594;2
2024-09-10 09:32:00+02:00;509.5826110839844;509.5826110839844;509.56658935546875;509.56658935546875;509.56658935546875;37
2024-09-10 09:33:00+02:00;509.66070556640625;509.7110900878906;509.66070556640625;509.7110900878906;509.7110900878906;6
2024-09-10 09:34:00+02:00;509.68328857421875;509.68328857421875;509.68328857421875;509.68328857421875;509.68328857421875;1
2024-09-10 09:35:00+02:00;509.6405944824219;509.6405944824219;509.6268005371094;509.6268005371094;509.6268005371094;9
2024-09-10 09:38:00+02:00;509.72698974609375;509.72698974609375;509.72698974609375;509.72698974609375;509.72698974609375;1
2024-09-10 09:39:00+02:00;509.89080810546875;509.89080810546875;509.89080810546875;509.89080810546875;509.89080810546875;4
2024-09-10 09:40:00+02:00;509.92340087890625;509.92340087890625;509.9097900390625;509.9097900390625;509.9097900390625;22
2024-09-10 09:41:00+02:00;509.8822021484375;509.8822021484375;509.85980224609375;509.85980224609375;509.85980224609375;2
2024-09-10 09:42:00+02:00;509.8835144042969;509.8835144042969;509.8835144042969;509.8835144042969;509.8835144042969;2
2024-09-10 09:43:00+02:00;509.8835144042969;509.8835144042969;509.8835144042969;509.8835144042969;509.8835144042969;4
2024-09-10 09:44:00+02:00;509.7300109863281;509.87921142578125;509.7300109863281;509.87921142578125;509.87921142578125;2
2024-09-10 09:45:00+02:00;509.7200012207031;509.7200012207031;509.7200012207031;509.7200012207031;509.7200012207031;1
2024-09-10 09:46:00+02:00;509.8131103515625;509.8131103515625;509.8131103515625;509.8131103515625;509.8131103515625;1
2024-09-10 09:47:00+02:00;509.7976989746094;509.8020935058594;509.7976989746094;509.8020935058594;509.8020935058594;2
2024-09-10 09:49:00+02:00;509.8424072265625;509.8424072265625;509.8258972167969;509.8258972167969;509.8258972167969;6
2024-09-10 09:52:00+02:00;509.810302734375;509.810302734375;509.810302734375;509.810302734375;509.810302734375;1
2024-09-10 09:53:00+02:00;509.8157958984375;509.8157958984375;509.8157958984375;509.8157958984375;509.8157958984375;1
2024-09-10 09:54:00+02:00;509.9258117675781;509.9258117675781;509.9258117675781;509.9258117675781;509.9258117675781;1
2024-09-10 09:55:00+02:00;510.0;510.0;510.0;510.0;510.0;3
2024-09-10 09:56:00+02:00;510.0;510.0;510.0;510.0;510.0;2
2024-09-10 09:58:00+02:00;510.0;510.0;510.0;510.0;510.0;3
2024-09-10 09:59:00+02:00;510.0;510.0;510.0;510.0;510.0;4
2024-09-10 10:00:00+02:00;510.4580993652344;510.4580993652344;510.4580993652344;510.4580993652344;510.4580993652344;5
2024-09-10 10:01:00+02:00;510.3981018066406;510.3981018066406;510.3981018066406;510.3981018066406;510.3981018066406;2
2024-09-10 10:02:00+02:00;510.3775939941406;510.3775939941406;510.3775939941406;510.3775939941406;510.3775939941406;1
2024-09-10 10:04:00+02:00;510.4223937988281;510.4223937988281;510.4223937988281;510.4223937988281;510.4223937988281;2
2024-09-10 10:05:00+02:00;510.0;510.0;510.0;510.0;510.0;16
2024-09-10 10:06:00+02:00;510.32440185546875;510.32440185546875;510.32440185546875;510.32440185546875;510.32440185546875;1
2024-09-10 10:09:00+02:00;510.0;510.0;510.0;510.0;510.0;8
2024-09-10 10:10:00+02:00;510.1958923339844;510.1958923339844;510.1958923339844;510.1958923339844;510.1958923339844;1
2024-09-10 10:11:00+02:00;510.1813049316406;510.1813049316406;510.1754150390625;510.1754150390625;510.1754150390625;3
2024-09-10 10:13:00+02:00;510.1754150390625;510.1754150390625;510.1754150390625;510.1754150390625;510.1754150390625;10
2024-09-10 10:15:00+02:00;510.097900390625;510.097900390625;510.097900390625;510.097900390625;510.097900390625;1
2024-09-10 10:16:00+02:00;510.0793151855469;510.1012878417969;510.0;510.1012878417969;510.1012878417969;24
2024-09-10 10:17:00+02:00;510.1007080078125;510.1007080078125;510.0885925292969;510.0885925292969;510.0885925292969;9
2024-09-10 10:18:00+02:00;510.2622985839844;510.2622985839844;510.2622985839844;510.2622985839844;510.2622985839844;1
2024-09-10 10:19:00+02:00;510.2510986328125;510.2510986328125;510.2510986328125;510.2510986328125;510.2510986328125;2
2024-09-10 10:20:00+02:00;510.1695861816406;510.1695861816406;510.14349365234375;510.14349365234375;510.14349365234375;3
2024-09-10 10:21:00+02:00;510.135498046875;510.135498046875;510.135498046875;510.135498046875;510.135498046875;2
2024-09-10 10:22:00+02:00;509.6001892089844;509.6001892089844;509.6001892089844;509.6001892089844;509.6001892089844;2
2024-09-10 10:23:00+02:00;510.0;510.0;510.0;510.0;510.0;3
2024-09-10 10:24:00+02:00;509.9664001464844;509.9664001464844;509.964599609375;509.964599609375;509.964599609375;2
2024-09-10 10:26:00+02:00;509.91339111328125;509.91339111328125;509.91339111328125;509.91339111328125;509.91339111328125;1
2024-09-10 10:27:00+02:00;509.9598083496094;510.0;509.9598083496094;510.0;510.0;2
2024-09-10 10:29:00+02:00;509.61529541015625;509.9999084472656;509.61529541015625;509.9999084472656;509.9999084472656;2
2024-09-10 10:31:00+02:00;510.0;510.0;510.0;510.0;510.0;1
2024-09-10 10:32:00+02:00;510.0;510.0;510.0;510.0;510.0;1
2024-09-10 10:33:00+02:00;509.9920959472656;509.9920959472656;509.9920959472656;509.9920959472656;509.9920959472656;1
2024-09-10 10:34:00+02:00;509.6000061035156;509.8016052246094;509.6000061035156;509.8016052246094;509.8016052246094;20
2024-09-10 10:35:00+02:00;509.42999267578125;509.42999267578125;509.42999267578125;509.42999267578125;509.42999267578125;2
2024-09-10 10:36:00+02:00;509.42999267578125;509.42999267578125;509.42999267578125;509.42999267578125;509.42999267578125;1
2024-09-10 10:38:00+02:00;509.5;509.61041259765625;509.5;509.57330322265625;509.57330322265625;6
2024-09-10 10:39:00+02:00;509.4200134277344;509.4200134277344;509.4200134277344;509.4200134277344;509.4200134277344;1
2024-09-10 10:40:00+02:00;509.6514892578125;509.6514892578125;509.6514892578125;509.6514892578125;509.6514892578125;19
2024-09-10 10:41:00+02:00;509.59710693359375;509.59710693359375;509.59710693359375;509.59710693359375;509.59710693359375;1
2024-09-10 10:42:00+02:00;509.5701904296875;509.5701904296875;509.5701904296875;509.5701904296875;509.5701904296875;1
2024-09-10 10:44:00+02:00;509.452392578125;509.5653991699219;509.452392578125;509.5653991699219;509.5653991699219;23
2024-09-10 10:45:00+02:00;509.54998779296875;509.54998779296875;509.54998779296875;509.54998779296875;509.54998779296875;1
2024-09-10 10:46:00+02:00;509.5010986328125;509.5010986328125;509.4507141113281;509.4507141113281;509.4507141113281;5
2024-09-10 10:47:00+02:00;509.4375915527344;509.4375915527344;509.4226989746094;509.4226989746094;509.4226989746094;11
2024-09-10 10:49:00+02:00;509.54620361328125;509.54620361328125;509.54620361328125;509.54620361328125;509.54620361328125;1
2024-09-10 10:51:00+02:00;509.42620849609375;509.42620849609375;509.42529296875;509.42529296875;509.42529296875;18
2024-09-10 10:52:00+02:00;509.3953857421875;509.3953857421875;509.3638916015625;509.3638916015625;509.3638916015625;7
2024-09-10 10:53:00+02:00;509.3503112792969;509.3503112792969;509.3503112792969;509.3503112792969;509.3503112792969;2
2024-09-10 10:54:00+02:00;509.2723083496094;509.2723083496094;509.2723083496094;509.2723083496094;509.2723083496094;1
2024-09-10 10:56:00+02:00;509.18438720703125;509.18438720703125;509.17919921875;509.17919921875;509.17919921875;2
2024-09-10 10:57:00+02:00;509.2460021972656;509.2460021972656;508.9949951171875;508.9949951171875;508.9949951171875;24
2024-09-10 10:58:00+02:00;509.2460021972656;509.2460021972656;509.2460021972656;509.2460021972656;509.2460021972656;5
2024-09-10 10:59:00+02:00;509.2460021972656;509.2460021972656;509.2460021972656;509.2460021972656;509.2460021972656;8
2024-09-10 11:00:00+02:00;508.9949951171875;508.9949951171875;508.9949951171875;508.9949951171875;508.9949951171875;6
2024-09-10 11:02:00+02:00;508.97918701171875;508.97918701171875;508.9451904296875;508.9451904296875;508.9451904296875;5
2024-09-10 11:03:00+02:00;508.6000061035156;508.6000061035156;508.451904296875;508.451904296875;508.451904296875;3
2024-09-10 11:04:00+02:00;508.8581848144531;508.8581848144531;508.8581848144531;508.8581848144531;508.8581848144531;1
2024-09-10 11:05:00+02:00;508.8128967285156;508.8163146972656;508.7956848144531;508.8163146972656;508.8163146972656;40
2024-09-10 11:06:00+02:00;508.802490234375;508.802490234375;508.802490234375;508.802490234375;508.802490234375;1
2024-09-10 11:08:00+02:00;508.8854064941406;508.8854064941406;508.8854064941406;508.8854064941406;508.8854064941406;2
2024-09-10 11:09:00+02:00;508.3999938964844;508.7933044433594;508.29998779296875;508.29998779296875;508.29998779296875;54
2024-09-10 11:10:00+02:00;508.5260009765625;508.5321960449219;508.5260009765625;508.5321960449219;508.5321960449219;5
2024-09-10 11:12:00+02:00;508.43798828125;508.43798828125;508.43798828125;508.43798828125;508.43798828125;1
2024-09-10 11:14:00+02:00;508.33441162109375;508.33441162109375;508.33441162109375;508.33441162109375;508.33441162109375;2
2024-09-10 11:15:00+02:00;508.1400146484375;508.3006896972656;508.1400146484375;508.29278564453125;508.29278564453125;5
2024-09-10 11:16:00+02:00;508.2607116699219;508.2607116699219;508.2221984863281;508.2221984863281;508.2221984863281;3
2024-09-10 11:19:00+02:00;508.41619873046875;508.41619873046875;508.41619873046875;508.41619873046875;508.41619873046875;1
2024-09-10 11:20:00+02:00;508.4159851074219;508.4159851074219;508.08209228515625;508.3869934082031;508.3869934082031;25
2024-09-10 11:22:00+02:00;508.5902099609375;508.5902099609375;508.5902099609375;508.5902099609375;508.5902099609375;18
2024-09-10 11:23:00+02:00;508.6452941894531;508.6452941894531;508.6452941894531;508.6452941894531;508.6452941894531;3
2024-09-10 11:24:00+02:00;508.6391906738281;508.6391906738281;508.6383056640625;508.6383056640625;508.6383056640625;7
2024-09-10 11:26:00+02:00;508.5422058105469;508.5473937988281;508.52801513671875;508.5473937988281;508.5473937988281;24
2024-09-10 11:27:00+02:00;508.6502990722656;508.6502990722656;508.6502990722656;508.6502990722656;508.6502990722656;2
2024-09-10 11:28:00+02:00;508.6502990722656;508.7752990722656;508.6502990722656;508.7752990722656;508.7752990722656;4
2024-09-10 11:29:00+02:00;508.7720947265625;508.7720947265625;508.7720947265625;508.7720947265625;508.7720947265625;1
2024-09-10 11:31:00+02:00;508.6694030761719;508.6694030761719;508.6694030761719;508.6694030761719;508.6694030761719;9
2024-09-10 11:35:00+02:00;508.1783142089844;508.1783142089844;508.1781005859375;508.1781005859375;508.1781005859375;77
2024-09-10 11:38:00+02:00;508.7402038574219;508.80780029296875;508.7402038574219;508.80780029296875;508.80780029296875;12
2024-09-10 11:40:00+02:00;508.94970703125;508.94970703125;508.94970703125;508.94970703125;508.94970703125;2
2024-09-10 11:42:00+02:00;509.0;509.0;509.0;509.0;509.0;10
2024-09-10 11:43:00+02:00;509.0;509.0;509.0;509.0;509.0;3
2024-09-10 11:44:00+02:00;508.7294006347656;508.7294006347656;508.7294006347656;508.7294006347656;508.7294006347656;9
2024-09-10 11:45:00+02:00;509.0;509.0;509.0;509.0;509.0;7
2024-09-10 11:47:00+02:00;509.0;509.0;509.0;509.0;509.0;121
2024-09-10 11:48:00+02:00;509.3804931640625;509.4952087402344;509.3804931640625;509.4952087402344;509.4952087402344;21
2024-09-10 11:50:00+02:00;509.3664855957031;509.3664855957031;509.3664855957031;509.3664855957031;509.3664855957031;4
2024-09-10 11:55:00+02:00;509.3266906738281;509.3266906738281;509.3266906738281;509.3266906738281;509.3266906738281;1
2024-09-10 11:57:00+02:00;509.3027038574219;509.3027038574219;509.2763977050781;509.2763977050781;509.2763977050781;16
2024-09-10 11:58:00+02:00;509.27398681640625;509.27398681640625;509.27398681640625;509.27398681640625;509.27398681640625;13
2024-09-10 12:02:00+02:00;509.23370361328125;509.23370361328125;509.2289123535156;509.2289123535156;509.2289123535156;11
2024-09-10 12:03:00+02:00;509.22088623046875;509.22088623046875;509.215087890625;509.215087890625;509.215087890625;2
2024-09-10 12:04:00+02:00;509.50518798828125;509.50518798828125;509.50518798828125;509.50518798828125;509.50518798828125;1
2024-09-10 12:05:00+02:00;509.2200012207031;509.2200012207031;509.2200012207031;509.2200012207031;509.2200012207031;20
2024-09-10 12:06:00+02:00;509.4122009277344;509.4122009277344;509.3807067871094;509.3807067871094;509.3807067871094;3
2024-09-10 12:07:00+02:00;509.3537902832031;509.3537902832031;509.3512878417969;509.3512878417969;509.3512878417969;16
2024-09-10 12:08:00+02:00;509.3132019042969;509.3132019042969;509.3132019042969;509.3132019042969;509.3132019042969;1
2024-09-10 12:09:00+02:00;509.2431945800781;509.2431945800781;509.2431945800781;509.2431945800781;509.2431945800781;15
2024-09-10 12:10:00+02:00;509.4176940917969;509.41778564453125;509.4176940917969;509.41778564453125;509.41778564453125;5
2024-09-10 12:12:00+02:00;509.0;509.3164978027344;509.0;509.2492980957031;509.2492980957031;5
2024-09-10 12:15:00+02:00;508.9670104980469;508.9670104980469;508.9670104980469;508.9670104980469;508.9670104980469;1
2024-09-10 12:16:00+02:00;508.9389953613281;508.9389953613281;508.9389953613281;508.9389953613281;508.9389953613281;5
2024-09-10 12:17:00+02:00;508.8219909667969;508.8219909667969;508.8219909667969;508.8219909667969;508.8219909667969;1
2024-09-10 12:21:00+02:00;508.77288818359375;508.77288818359375;508.77288818359375;508.77288818359375;508.77288818359375;3
2024-09-10 12:22:00+02:00;508.7344055175781;508.7344055175781;508.7344055175781;508.7344055175781;508.7344055175781;1
2024-09-10 12:24:00+02:00;509.00799560546875;509.00799560546875;509.00799560546875;509.00799560546875;509.00799560546875;14
2024-09-10 12:26:00+02:00;509.0;509.0;509.0;509.0;509.0;1
2024-09-10 12:27:00+02:00;509.32769775390625;509.32769775390625;509.32769775390625;509.32769775390625;509.32769775390625;23
2024-09-10 12:28:00+02:00;509.53289794921875;509.53289794921875;509.53289794921875;509.53289794921875;509.53289794921875;2
2024-09-10 12:29:00+02:00;509.52508544921875;509.52508544921875;509.52508544921875;509.52508544921875;509.52508544921875;1
2024-09-10 12:31:00+02:00;509.39569091796875;509.39569091796875;509.3500061035156;509.3500061035156;509.3500061035156;24
2024-09-10 12:32:00+02:00;509.35760498046875;509.58551025390625;509.35760498046875;509.58551025390625;509.58551025390625;103
2024-09-10 12:34:00+02:00;509.72509765625;509.72509765625;509.72509765625;509.72509765625;509.72509765625;3
2024-09-10 12:35:00+02:00;509.85040283203125;509.85040283203125;509.85040283203125;509.85040283203125;509.85040283203125;1
2024-09-10 12:37:00+02:00;509.7471923828125;509.7471923828125;509.7471923828125;509.7471923828125;509.7471923828125;5
2024-09-10 12:38:00+02:00;509.739013671875;509.739013671875;509.7127990722656;509.7127990722656;509.7127990722656;2
2024-09-10 12:42:00+02:00;509.5545959472656;509.5545959472656;509.5545959472656;509.5545959472656;509.5545959472656;8
2024-09-10 12:49:00+02:00;509.5683898925781;509.5683898925781;509.5683898925781;509.5683898925781;509.5683898925781;10
2024-09-10 12:50:00+02:00;509.51519775390625;509.51519775390625;509.4941101074219;509.4941101074219;509.4941101074219;3
2024-09-10 12:51:00+02:00;509.4855041503906;509.4855041503906;509.4718933105469;509.4718933105469;509.4718933105469;2
2024-09-10 12:52:00+02:00;509.0;509.0;509.0;509.0;509.0;10
2024-09-10 12:53:00+02:00;509.05780029296875;509.1000061035156;509.05780029296875;509.1000061035156;509.1000061035156;2
2024-09-10 12:54:00+02:00;509.0;509.0;509.0;509.0;509.0;2
2024-09-10 12:55:00+02:00;508.7344055175781;509.027587890625;508.7344055175781;509.027587890625;509.027587890625;2
2024-09-10 12:57:00+02:00;509.0899963378906;509.0899963378906;509.0899963378906;509.0899963378906;509.0899963378906;1
2024-09-10 13:01:00+02:00;509.1933898925781;509.1933898925781;509.1933898925781;509.1933898925781;509.1933898925781;4
2024-09-10 13:02:00+02:00;508.80120849609375;508.80120849609375;508.80120849609375;508.80120849609375;508.80120849609375;4
2024-09-10 13:04:00+02:00;509.41839599609375;509.41839599609375;509.41839599609375;509.41839599609375;509.41839599609375;1
2024-09-10 13:07:00+02:00;509.2228088378906;509.2228088378906;509.2228088378906;509.2228088378906;509.2228088378906;1
2024-09-10 13:08:00+02:00;509.510009765625;509.510009765625;509.510009765625;509.510009765625;509.510009765625;1
2024-09-10 13:09:00+02:00;509.4997863769531;509.4997863769531;509.4997863769531;509.4997863769531;509.4997863769531;1
2024-09-10 13:10:00+02:00;509.3515930175781;509.3515930175781;509.3515930175781;509.3515930175781;509.3515930175781;16
2024-09-10 13:13:00+02:00;509.40838623046875;509.40838623046875;509.40838623046875;509.40838623046875;509.40838623046875;2
2024-09-10 13:14:00+02:00;509.4010925292969;509.4010925292969;508.8741149902344;508.8741149902344;508.8741149902344;2
2024-09-10 13:15:00+02:00;509.32391357421875;509.32391357421875;509.31390380859375;509.31390380859375;509.31390380859375;14
2024-09-10 13:17:00+02:00;509.4056091308594;509.4056091308594;509.4056091308594;509.4056091308594;509.4056091308594;11
2024-09-10 13:21:00+02:00;509.32080078125;509.32080078125;509.32080078125;509.32080078125;509.32080078125;1
2024-09-10 13:22:00+02:00;509.3222961425781;509.3222961425781;509.3222961425781;509.3222961425781;509.3222961425781;1
2024-09-10 13:23:00+02:00;509.36468505859375;509.36468505859375;509.36468505859375;509.36468505859375;509.36468505859375;3
2024-09-10 13:26:00+02:00;509.5325927734375;509.5325927734375;509.5325927734375;509.5325927734375;509.5325927734375;2
2024-09-10 13:27:00+02:00;509.5325927734375;509.5325927734375;509.5325927734375;509.5325927734375;509.5325927734375;2
2024-09-10 13:28:00+02:00;509.5694885253906;509.6000061035156;509.5694885253906;509.6000061035156;509.6000061035156;7
2024-09-10 13:29:00+02:00;509.6007080078125;509.6007080078125;509.6007080078125;509.6007080078125;509.6007080078125;1
2024-09-10 13:30:00+02:00;509.7143859863281;509.7143859863281;509.7143859863281;509.7143859863281;509.7143859863281;1
2024-09-10 13:31:00+02:00;509.6453857421875;509.6453857421875;509.4056091308594;509.6173095703125;509.6173095703125;7
2024-09-10 13:32:00+02:00;509.589111328125;509.589111328125;509.5888977050781;509.5888977050781;509.5888977050781;3
2024-09-10 13:33:00+02:00;509.5286865234375;509.5286865234375;509.5286865234375;509.5286865234375;509.5286865234375;1
2024-09-10 13:34:00+02:00;509.4820861816406;509.4820861816406;509.4820861816406;509.4820861816406;509.4820861816406;1
2024-09-10 13:36:00+02:00;509.52978515625;509.52978515625;509.52978515625;509.52978515625;509.52978515625;1
2024-09-10 13:39:00+02:00;509.1820068359375;509.1820068359375;509.1820068359375;509.1820068359375;509.1820068359375;1
2024-09-10 13:43:00+02:00;509.5035095214844;509.5035095214844;509.5035095214844;509.5035095214844;509.5035095214844;107
2024-09-10 13:48:00+02:00;509.60198974609375;509.60198974609375;509.60198974609375;509.60198974609375;509.60198974609375;1
2024-09-10 13:49:00+02:00;509.8291931152344;509.8291931152344;509.8291931152344;509.8291931152344;509.8291931152344;1
2024-09-10 13:52:00+02:00;509.9830017089844;509.9830017089844;509.9830017089844;509.9830017089844;509.9830017089844;6
2024-09-10 13:54:00+02:00;510.0;510.0;510.0;510.0;510.0;1
2024-09-10 13:55:00+02:00;509.97369384765625;509.97369384765625;509.97369384765625;509.97369384765625;509.97369384765625;1
2024-09-10 13:58:00+02:00;510.0;510.0744934082031;510.0;510.0744934082031;510.0744934082031;6
2024-09-10 13:59:00+02:00;510.03131103515625;510.03131103515625;509.8299865722656;509.8299865722656;509.8299865722656;12
2024-09-10 14:01:00+02:00;509.943603515625;509.943603515625;509.8999938964844;509.8999938964844;509.8999938964844;209
2024-09-10 14:03:00+02:00;509.97259521484375;509.97259521484375;509.97259521484375;509.97259521484375;509.97259521484375;3
2024-09-10 14:04:00+02:00;510.0552978515625;510.0552978515625;509.8147888183594;509.8147888183594;509.8147888183594;5
2024-09-10 14:05:00+02:00;509.8760986328125;509.8760986328125;509.8760986328125;509.8760986328125;509.8760986328125;1
2024-09-10 14:06:00+02:00;509.79998779296875;509.79998779296875;509.79998779296875;509.79998779296875;509.79998779296875;120
2024-09-10 14:09:00+02:00;510.07379150390625;510.07379150390625;510.07379150390625;510.07379150390625;510.07379150390625;2
2024-09-10 14:10:00+02:00;510.1296081542969;510.1296081542969;510.1296081542969;510.1296081542969;510.1296081542969;2
2024-09-10 14:11:00+02:00;510.1005859375;510.1005859375;510.1005859375;510.1005859375;510.1005859375;1
2024-09-10 14:12:00+02:00;510.1005859375;510.1005859375;510.1005859375;510.1005859375;510.1005859375;1
2024-09-10 14:18:00+02:00;510.439208984375;510.439208984375;510.439208984375;510.439208984375;510.439208984375;1
2024-09-10 14:20:00+02:00;510.57989501953125;510.57989501953125;510.56878662109375;510.56878662109375;510.56878662109375;2
2024-09-10 14:30:00+02:00;510.83819580078125;510.83819580078125;510.83819580078125;510.83819580078125;510.83819580078125;1
2024-09-10 14:31:00+02:00;510.80950927734375;510.80950927734375;510.80950927734375;510.80950927734375;510.80950927734375;13
2024-09-10 14:32:00+02:00;510.7875061035156;510.7875061035156;510.7875061035156;510.7875061035156;510.7875061035156;5
2024-09-10 14:35:00+02:00;510.1343994140625;510.1343994140625;510.1343994140625;510.1343994140625;510.1343994140625;2
2024-09-10 14:36:00+02:00;510.6322937011719;510.6322937011719;510.6322937011719;510.6322937011719;510.6322937011719;3
2024-09-10 14:40:00+02:00;510.74920654296875;510.74920654296875;510.74920654296875;510.74920654296875;510.74920654296875;5
2024-09-10 14:42:00+02:00;511.0205993652344;511.0205993652344;511.0205993652344;511.0205993652344;511.0205993652344;1
2024-09-10 14:45:00+02:00;510.710205078125;510.710205078125;510.710205078125;510.710205078125;510.710205078125;18
2024-09-10 14:49:00+02:00;511.0122985839844;511.0122985839844;511.0122985839844;511.0122985839844;511.0122985839844;3
2024-09-10 14:55:00+02:00;511.02398681640625;511.02398681640625;511.02398681640625;511.02398681640625;511.02398681640625;1
2024-09-10 14:56:00+02:00;511.02398681640625;511.0762023925781;511.02398681640625;511.0762023925781;511.0762023925781;5
2024-09-10 14:58:00+02:00;511.07958984375;511.07958984375;511.07958984375;511.07958984375;511.07958984375;2989
2024-09-10 14:59:00+02:00;511.07000732421875;511.07000732421875;511.07000732421875;511.07000732421875;511.07000732421875;4
2024-09-10 15:02:00+02:00;510.8858947753906;511.0;510.6171875;511.0;511.0;22
2024-09-10 15:03:00+02:00;510.989013671875;510.989013671875;510.989013671875;510.989013671875;510.989013671875;1
2024-09-10 15:04:00+02:00;510.9186096191406;510.9186096191406;510.9186096191406;510.9186096191406;510.9186096191406;2
2024-09-10 15:05:00+02:00;510.9767150878906;510.9767150878906;510.9767150878906;510.9767150878906;510.9767150878906;1
2024-09-10 15:06:00+02:00;510.955810546875;510.955810546875;510.955810546875;510.955810546875;510.955810546875;1
2024-09-10 15:08:00+02:00;510.9632873535156;510.9632873535156;510.9632873535156;510.9632873535156;510.9632873535156;1
2024-09-10 15:09:00+02:00;510.81610107421875;510.81610107421875;510.81610107421875;510.81610107421875;510.81610107421875;1
2024-09-10 15:10:00+02:00;510.8125915527344;510.8125915527344;510.8044128417969;510.8044128417969;510.8044128417969;5
2024-09-10 15:11:00+02:00;510.8493957519531;510.8493957519531;510.8493957519531;510.8493957519531;510.8493957519531;10
2024-09-10 15:12:00+02:00;510.7897033691406;510.7897033691406;510.7897033691406;510.7897033691406;510.7897033691406;1
2024-09-10 15:13:00+02:00;510.7627868652344;510.7627868652344;510.7627868652344;510.7627868652344;510.7627868652344;1
2024-09-10 15:14:00+02:00;510.6585998535156;510.6585998535156;510.6585998535156;510.6585998535156;510.6585998535156;2
2024-09-10 15:15:00+02:00;510.5;510.5;510.34051513671875;510.34051513671875;510.34051513671875;6
2024-09-10 15:18:00+02:00;510.5483093261719;510.64080810546875;510.5483093261719;510.64080810546875;510.64080810546875;4
2024-09-10 15:21:00+02:00;510.7698974609375;510.7698974609375;510.7698974609375;510.7698974609375;510.7698974609375;1
2024-09-10 15:22:00+02:00;510.82501220703125;510.82501220703125;510.82501220703125;510.82501220703125;510.82501220703125;1
2024-09-10 15:23:00+02:00;510.9306945800781;510.9306945800781;510.91461181640625;510.91461181640625;510.91461181640625;4
2024-09-10 15:25:00+02:00;510.9949035644531;511.04010009765625;510.9949035644531;511.04010009765625;511.04010009765625;9
2024-09-10 15:29:00+02:00;510.80059814453125;510.80059814453125;510.80059814453125;510.80059814453125;510.80059814453125;1
2024-09-10 15:31:00+02:00;510.760009765625;510.849609375;510.760009765625;510.849609375;510.849609375;13
2024-09-10 15:32:00+02:00;510.8595886230469;510.8595886230469;510.8595886230469;510.8595886230469;510.8595886230469;1
2024-09-10 15:33:00+02:00;510.7171936035156;510.7171936035156;510.7171936035156;510.7171936035156;510.7171936035156;10
2024-09-10 15:35:00+02:00;510.53851318359375;510.53851318359375;510.53851318359375;510.53851318359375;510.53851318359375;1
2024-09-10 15:38:00+02:00;510.15570068359375;510.15570068359375;510.15570068359375;510.15570068359375;510.15570068359375;1
2024-09-10 15:39:00+02:00;509.8096923828125;509.8096923828125;509.8096923828125;509.8096923828125;509.8096923828125;30
2024-09-10 15:41:00+02:00;510.4403991699219;510.4403991699219;510.4403991699219;510.4403991699219;510.4403991699219;2
2024-09-10 15:42:00+02:00;510.3594970703125;510.38519287109375;510.3594970703125;510.38519287109375;510.38519287109375;2
2024-09-10 15:43:00+02:00;510.33990478515625;510.33990478515625;510.3389892578125;510.3389892578125;510.3389892578125;4
2024-09-10 15:46:00+02:00;510.8017883300781;510.8017883300781;510.8017883300781;510.8017883300781;510.8017883300781;30
2024-09-10 15:47:00+02:00;510.8028869628906;510.8028869628906;510.8028869628906;510.8028869628906;510.8028869628906;1
2024-09-10 15:48:00+02:00;510.72198486328125;510.72198486328125;510.70550537109375;510.70550537109375;510.70550537109375;17
2024-09-10 15:49:00+02:00;510.3399963378906;510.4674072265625;510.3399963378906;510.4674072265625;510.4674072265625;5
2024-09-10 15:50:00+02:00;510.5093994140625;510.5093994140625;510.29949951171875;510.3598937988281;510.3598937988281;65
2024-09-10 15:53:00+02:00;510.840087890625;510.840087890625;510.840087890625;510.840087890625;510.840087890625;4
2024-09-10 15:54:00+02:00;510.837890625;510.837890625;510.837890625;510.837890625;510.837890625;3
2024-09-10 15:57:00+02:00;510.70001220703125;510.70001220703125;510.70001220703125;510.70001220703125;510.70001220703125;1
2024-09-10 16:00:00+02:00;510.5828857421875;510.5828857421875;510.5828857421875;510.5828857421875;510.5828857421875;1
2024-09-10 16:02:00+02:00;510.6658020019531;510.6658020019531;510.6658020019531;510.6658020019531;510.6658020019531;6
2024-09-10 16:04:00+02:00;510.52069091796875;510.52069091796875;510.0054016113281;510.0054016113281;510.0054016113281;11
2024-09-10 16:05:00+02:00;510.0;510.0;510.0;510.0;510.0;10
2024-09-10 16:06:00+02:00;510.05010986328125;510.05010986328125;510.05010986328125;510.05010986328125;510.05010986328125;1
2024-09-10 16:07:00+02:00;509.7384948730469;509.83740234375;509.51019287109375;509.83740234375;509.83740234375;4
2024-09-10 16:11:00+02:00;509.6263122558594;509.6263122558594;509.0799865722656;509.0799865722656;509.0799865722656;15
2024-09-10 16:12:00+02:00;509.0849914550781;509.0849914550781;509.0849914550781;509.0849914550781;509.0849914550781;2
2024-09-10 16:13:00+02:00;508.8500061035156;508.8500061035156;508.7300109863281;508.7300109863281;508.7300109863281;2
2024-09-10 16:15:00+02:00;508.5;508.6510009765625;508.5;508.6510009765625;508.6510009765625;35
2024-09-10 16:17:00+02:00;508.6510009765625;508.9527893066406;508.6510009765625;508.9527893066406;508.9527893066406;16
2024-09-10 16:18:00+02:00;508.3340148925781;508.93780517578125;508.3340148925781;508.93780517578125;508.93780517578125;86
2024-09-10 16:23:00+02:00;508.6224060058594;508.6224060058594;508.6101989746094;508.6101989746094;508.6101989746094;4
2024-09-10 16:24:00+02:00;508.7578125;508.7578125;508.7578125;508.7578125;508.7578125;1
2024-09-10 16:28:00+02:00;509.10101318359375;509.10101318359375;509.10101318359375;509.10101318359375;509.10101318359375;1
2024-09-10 16:29:00+02:00;509.2880859375;509.2880859375;509.2880859375;509.2880859375;509.2880859375;1
2024-09-10 16:32:00+02:00;509.1986083984375;509.1986083984375;509.1986083984375;509.1986083984375;509.1986083984375;1
2024-09-10 16:33:00+02:00;509.3525085449219;509.3525085449219;509.3525085449219;509.3525085449219;509.3525085449219;2
2024-09-10 16:35:00+02:00;509.4674072265625;509.4674072265625;509.2366027832031;509.2366027832031;509.2366027832031;14
2024-09-10 16:36:00+02:00;509.38629150390625;509.38629150390625;509.38629150390625;509.38629150390625;509.38629150390625;1
2024-09-10 16:38:00+02:00;509.4097900390625;509.4635009765625;509.4097900390625;509.4635009765625;509.4635009765625;3
2024-09-10 16:39:00+02:00;509.47039794921875;509.47039794921875;509.47039794921875;509.47039794921875;509.47039794921875;1
2024-09-10 16:41:00+02:00;509.38800048828125;509.5513916015625;509.38800048828125;509.5513916015625;509.5513916015625;22
2024-09-10 16:42:00+02:00;509.3570861816406;509.3570861816406;509.3407897949219;509.3407897949219;509.3407897949219;109
2024-09-10 16:43:00+02:00;509.3825988769531;509.41259765625;509.3825988769531;509.41259765625;509.41259765625;9
2024-09-10 16:44:00+02:00;509.2742919921875;509.2742919921875;509.2742919921875;509.2742919921875;509.2742919921875;1
2024-09-10 16:46:00+02:00;509.4454040527344;509.4454040527344;509.4454040527344;509.4454040527344;509.4454040527344;3
2024-09-10 16:47:00+02:00;509.2961120605469;509.3381042480469;509.2961120605469;509.3381042480469;509.3381042480469;6
2024-09-10 16:48:00+02:00;509.480712890625;509.480712890625;509.480712890625;509.480712890625;509.480712890625;2
2024-09-10 16:49:00+02:00;509.6418151855469;509.6418151855469;509.6418151855469;509.6418151855469;509.6418151855469;4
2024-09-10 16:50:00+02:00;509.3999938964844;509.3999938964844;509.3999938964844;509.3999938964844;509.3999938964844;2
2024-09-10 16:51:00+02:00;509.0;509.0;508.79998779296875;508.79998779296875;508.79998779296875;21
2024-09-10 16:52:00+02:00;509.19049072265625;509.19049072265625;509.19049072265625;509.19049072265625;509.19049072265625;4
2024-09-10 16:56:00+02:00;508.9906005859375;508.9906005859375;508.9906005859375;508.9906005859375;508.9906005859375;5
2024-09-10 16:59:00+02:00;509.2684020996094;509.2684020996094;509.2684020996094;509.2684020996094;509.2684020996094;1
2024-09-10 17:01:00+02:00;509.14019775390625;509.356689453125;509.14019775390625;509.356689453125;509.356689453125;2
2024-09-10 17:08:00+02:00;509.4869079589844;509.4869079589844;509.4869079589844;509.4869079589844;509.4869079589844;3
2024-09-10 17:10:00+02:00;509.67401123046875;509.9209899902344;509.67401123046875;509.9209899902344;509.9209899902344;2
2024-09-10 17:15:00+02:00;509.72808837890625;509.72808837890625;509.72808837890625;509.72808837890625;509.72808837890625;15
2024-09-10 17:18:00+02:00;509.7113952636719;509.7113952636719;509.7113952636719;509.7113952636719;509.7113952636719;1
2024-09-10 17:19:00+02:00;509.85260009765625;509.85260009765625;509.85260009765625;509.85260009765625;509.85260009765625;3
2024-09-10 17:23:00+02:00;509.85089111328125;509.85089111328125;509.62469482421875;509.7320861816406;509.7320861816406;5
2024-09-10 17:24:00+02:00;509.7333068847656;509.7333068847656;509.36151123046875;509.36151123046875;509.36151123046875;2
2024-09-10 17:25:00+02:00;509.8174133300781;509.8174133300781;509.8174133300781;509.8174133300781;509.8174133300781;1
2024-09-10 17:26:00+02:00;509.82000732421875;509.82000732421875;509.82000732421875;509.82000732421875;509.82000732421875;1
2024-09-10 17:28:00+02:00;509.79998779296875;509.79998779296875;509.79998779296875;509.79998779296875;509.79998779296875;60
2024-09-10 17:29:00+02:00;510.0715026855469;510.0715026855469;510.05718994140625;510.05718994140625;510.05718994140625;12
