Datetime;Open;High;Low;Close;Adj Close;Volume
2024-12-10 09:04:00+01:00;577.5444946289062;577.5444946289062;577.5444946289062;577.5444946289062;577.5444946289062;0
2024-12-10 09:05:00+01:00;577.5;577.8619995117188;577.5;577.8619995117188;577.8619995117188;2
2024-12-10 09:06:00+01:00;577.8619995117188;577.8619995117188;577.8619995117188;577.8619995117188;577.8619995117188;1
2024-12-10 09:07:00+01:00;577.5;577.8150024414062;577.5;577.8150024414062;577.8150024414062;4
2024-12-10 09:09:00+01:00;577.5;577.5;577.5;577.5;577.5;15
2024-12-10 09:11:00+01:00;577.6829223632812;577.6829223632812;577.6829223632812;577.6829223632812;577.6829223632812;1
2024-12-10 09:12:00+01:00;577.4998779296875;577.7393188476562;577.4998779296875;577.7393188476562;577.7393188476562;3
2024-12-10 09:13:00+01:00;577.78662109375;577.78662109375;577.7625732421875;577.7628173828125;577.7628173828125;3
2024-12-10 09:14:00+01:00;577.806396484375;577.806396484375;577.806396484375;577.806396484375;577.806396484375;1
2024-12-10 09:15:00+01:00;577.7606811523438;577.7606811523438;577.7606811523438;577.7606811523438;577.7606811523438;1
2024-12-10 09:16:00+01:00;577.7916870117188;577.7916870117188;577.7916870117188;577.7916870117188;577.7916870117188;1
2024-12-10 09:17:00+01:00;577.87451171875;577.87451171875;577.8726806640625;577.8726806640625;577.8726806640625;4
2024-12-10 09:18:00+01:00;577.7861938476562;577.7861938476562;577.7615966796875;577.7615966796875;577.7615966796875;18
2024-12-10 09:21:00+01:00;577.6337280273438;577.6337280273438;577.6190795898438;577.6190795898438;577.6190795898438;13
2024-12-10 09:22:00+01:00;577.4000244140625;577.4000244140625;577.4000244140625;577.4000244140625;577.4000244140625;10
2024-12-10 09:23:00+01:00;577.4000244140625;577.4000244140625;577.4000244140625;577.4000244140625;577.4000244140625;2
2024-12-10 09:24:00+01:00;577.544921875;577.544921875;577.4000244140625;577.4000244140625;577.4000244140625;6
2024-12-10 09:25:00+01:00;577.4591064453125;577.4591064453125;577.4591064453125;577.4591064453125;577.4591064453125;3
2024-12-10 09:26:00+01:00;577.4451293945312;577.4451293945312;577.4412841796875;577.4412841796875;577.4412841796875;4
2024-12-10 09:27:00+01:00;577.4285278320312;577.4285278320312;577.4257202148438;577.4257202148438;577.4257202148438;7
2024-12-10 09:28:00+01:00;577.623291015625;577.623291015625;577.623291015625;577.623291015625;577.623291015625;1
2024-12-10 09:29:00+01:00;577.5811767578125;577.5811767578125;577.5811767578125;577.5811767578125;577.5811767578125;1
2024-12-10 09:30:00+01:00;577.2999877929688;577.2999877929688;577.2999877929688;577.2999877929688;577.2999877929688;2
2024-12-10 09:31:00+01:00;577.2000122070312;577.25;577.2000122070312;577.25;577.25;31
2024-12-10 09:32:00+01:00;577.419921875;577.4636840820312;577.419921875;577.4636840820312;577.4636840820312;3
2024-12-10 09:33:00+01:00;577.4443969726562;577.4443969726562;577.4443969726562;577.4443969726562;577.4443969726562;2
2024-12-10 09:35:00+01:00;577.415771484375;577.5291748046875;577.415771484375;577.5291748046875;577.5291748046875;2
2024-12-10 09:36:00+01:00;577.4987182617188;577.4987182617188;577.4829711914062;577.4829711914062;577.4829711914062;31
2024-12-10 09:37:00+01:00;577.4641723632812;577.4641723632812;577.4464111328125;577.4464111328125;577.4464111328125;38
2024-12-10 09:38:00+01:00;577.4326782226562;577.43701171875;577.419921875;577.43701171875;577.43701171875;6
2024-12-10 09:39:00+01:00;577.4534301757812;577.4534301757812;577.447021484375;577.447021484375;577.447021484375;33
2024-12-10 09:41:00+01:00;577.5892944335938;577.5892944335938;577.5892944335938;577.5892944335938;577.5892944335938;1
2024-12-10 09:42:00+01:00;577.5244140625;577.5244140625;577.5244140625;577.5244140625;577.5244140625;1
2024-12-10 09:43:00+01:00;577.4835815429688;577.4835815429688;577.4810791015625;577.4810791015625;577.4810791015625;3
2024-12-10 09:44:00+01:00;577.4180908203125;577.4180908203125;577.4180908203125;577.4180908203125;577.4180908203125;4
2024-12-10 09:46:00+01:00;577.3786010742188;577.3786010742188;577.3786010742188;577.3786010742188;577.3786010742188;1
2024-12-10 09:48:00+01:00;577.5;577.5025024414062;577.5;577.5025024414062;577.5025024414062;17
2024-12-10 09:49:00+01:00;577.5925903320312;577.5925903320312;577.5925903320312;577.5925903320312;577.5925903320312;1
2024-12-10 09:50:00+01:00;577.5656127929688;577.5656127929688;577.5621948242188;577.5621948242188;577.5621948242188;9
2024-12-10 09:51:00+01:00;577.5;577.54638671875;577.5;577.54638671875;577.54638671875;5
2024-12-10 09:52:00+01:00;577.5167236328125;577.6112060546875;577.5167236328125;577.6112060546875;577.6112060546875;3
2024-12-10 09:53:00+01:00;577.5758056640625;577.5758056640625;577.5758056640625;577.5758056640625;577.5758056640625;1
2024-12-10 09:54:00+01:00;577.79248046875;577.79248046875;577.79248046875;577.79248046875;577.79248046875;3
2024-12-10 09:55:00+01:00;577.5;577.7593994140625;577.5;577.7340698242188;577.7340698242188;15
2024-12-10 09:57:00+01:00;577.6450805664062;577.6450805664062;577.635498046875;577.635498046875;577.635498046875;9
2024-12-10 09:58:00+01:00;577.6109008789062;577.7742919921875;577.6109008789062;577.7742919921875;577.7742919921875;4
2024-12-10 09:59:00+01:00;577.73876953125;577.73876953125;577.73876953125;577.73876953125;577.73876953125;2
2024-12-10 10:00:00+01:00;577.794677734375;577.8696899414062;577.7839965820312;577.7839965820312;577.7839965820312;87
2024-12-10 10:01:00+01:00;577.7640991210938;577.7640991210938;577.7640991210938;577.7640991210938;577.7640991210938;1
2024-12-10 10:03:00+01:00;577.896728515625;577.9503173828125;577.896728515625;577.9503173828125;577.9503173828125;20
2024-12-10 10:04:00+01:00;577.9306030273438;577.9306030273438;577.9157104492188;577.9157104492188;577.9157104492188;11
2024-12-10 10:05:00+01:00;577.602294921875;577.9074096679688;577.602294921875;577.7999877929688;577.7999877929688;44
2024-12-10 10:07:00+01:00;578.0;578.031494140625;578.0;578.001708984375;578.001708984375;5
2024-12-10 10:08:00+01:00;577.9935302734375;577.9935302734375;577.9935302734375;577.9935302734375;577.9935302734375;1
2024-12-10 10:09:00+01:00;577.9692993164062;577.9692993164062;577.9692993164062;577.9692993164062;577.9692993164062;1
2024-12-10 10:10:00+01:00;578.0;578.0;578.0;578.0;578.0;17
2024-12-10 10:11:00+01:00;578.0283203125;578.0283203125;578.0283203125;578.0283203125;578.0283203125;1
2024-12-10 10:14:00+01:00;578.0604858398438;578.0604858398438;578.0604858398438;578.0604858398438;578.0604858398438;1
2024-12-10 10:15:00+01:00;578.0167236328125;578.0167236328125;578.0167236328125;578.0167236328125;578.0167236328125;1
2024-12-10 10:16:00+01:00;578.0900268554688;578.0900268554688;578.0900268554688;578.0900268554688;578.0900268554688;1
2024-12-10 10:17:00+01:00;578.0881958007812;578.0881958007812;578.075927734375;578.075927734375;578.075927734375;12
2024-12-10 10:18:00+01:00;578.0269775390625;578.0269775390625;578.0269775390625;578.0269775390625;578.0269775390625;2
2024-12-10 10:19:00+01:00;578.0075073242188;578.0075073242188;577.9987182617188;577.9987182617188;577.9987182617188;3
2024-12-10 10:21:00+01:00;577.902099609375;578.0;577.902099609375;578.0;578.0;3
2024-12-10 10:23:00+01:00;577.9840698242188;577.9840698242188;577.9840698242188;577.9840698242188;577.9840698242188;1
2024-12-10 10:25:00+01:00;578.22998046875;578.2338256835938;578.1915893554688;578.2338256835938;578.2338256835938;10
2024-12-10 10:26:00+01:00;578.2119750976562;578.2119750976562;578.2119750976562;578.2119750976562;578.2119750976562;1
2024-12-10 10:29:00+01:00;578.337890625;578.337890625;578.337890625;578.337890625;578.337890625;8
2024-12-10 10:31:00+01:00;578.2573852539062;578.2573852539062;578.2573852539062;578.2573852539062;578.2573852539062;4
2024-12-10 10:32:00+01:00;578.19091796875;578.19091796875;578.19091796875;578.19091796875;578.19091796875;1
2024-12-10 10:33:00+01:00;578.18408203125;578.18408203125;578.18408203125;578.18408203125;578.18408203125;1
2024-12-10 10:34:00+01:00;578.1527099609375;578.1527099609375;578.1348876953125;578.1348876953125;578.1348876953125;14
2024-12-10 10:35:00+01:00;578.1146850585938;578.1224975585938;578.039306640625;578.1224975585938;578.1224975585938;7
2024-12-10 10:36:00+01:00;578.0;578.094482421875;578.0;578.094482421875;578.094482421875;5
2024-12-10 10:37:00+01:00;577.81640625;578.0675048828125;577.81640625;578.0324096679688;578.0324096679688;33
2024-12-10 10:38:00+01:00;578.0223999023438;578.0223999023438;577.7999877929688;577.7999877929688;577.7999877929688;74
2024-12-10 10:39:00+01:00;577.66162109375;577.952392578125;577.6162109375;577.9520263671875;577.9520263671875;22
2024-12-10 10:41:00+01:00;577.8444213867188;577.8444213867188;577.8212890625;577.8212890625;577.8212890625;3
2024-12-10 10:42:00+01:00;577.596923828125;577.6024780273438;577.596923828125;577.6024780273438;577.6024780273438;11
2024-12-10 10:43:00+01:00;578.028076171875;578.028076171875;578.028076171875;578.028076171875;578.028076171875;3
2024-12-10 10:44:00+01:00;578.0938720703125;578.0938720703125;578.0938720703125;578.0938720703125;578.0938720703125;5
2024-12-10 10:45:00+01:00;578.0958251953125;578.1724853515625;578.0958251953125;578.1724853515625;578.1724853515625;5
2024-12-10 10:47:00+01:00;578.25048828125;578.2642211914062;578.25048828125;578.2642211914062;578.2642211914062;3
2024-12-10 10:48:00+01:00;578.2413940429688;578.2413940429688;578.2413940429688;578.2413940429688;578.2413940429688;1
2024-12-10 10:49:00+01:00;578.297119140625;578.297119140625;578.297119140625;578.297119140625;578.297119140625;5
2024-12-10 10:50:00+01:00;578.2863159179688;578.2863159179688;578.2525024414062;578.2525024414062;578.2525024414062;2
2024-12-10 10:52:00+01:00;578.1749877929688;578.1749877929688;578.0;578.0499877929688;578.0499877929688;17
2024-12-10 10:55:00+01:00;578.0382080078125;578.1923828125;578.0382080078125;578.1862182617188;578.1862182617188;6
2024-12-10 10:57:00+01:00;578.189697265625;578.189697265625;578.0399780273438;578.0399780273438;578.0399780273438;23
2024-12-10 10:58:00+01:00;578.0;578.0930786132812;578.0;578.0930786132812;578.0930786132812;8
2024-12-10 11:00:00+01:00;578.16552734375;578.16552734375;578.16552734375;578.16552734375;578.16552734375;1
2024-12-10 11:01:00+01:00;578.0999755859375;578.0999755859375;578.0999755859375;578.0999755859375;578.0999755859375;2
2024-12-10 11:02:00+01:00;578.0582885742188;578.0582885742188;578.0582885742188;578.0582885742188;578.0582885742188;8
2024-12-10 11:03:00+01:00;578.040283203125;578.052978515625;578.040283203125;578.0526733398438;578.0526733398438;27
2024-12-10 11:04:00+01:00;578.0404052734375;578.1627197265625;578.0404052734375;578.1627197265625;578.1627197265625;11
2024-12-10 11:05:00+01:00;578.1506958007812;578.1506958007812;578.14892578125;578.14892578125;578.14892578125;6
2024-12-10 11:06:00+01:00;578.2423095703125;578.2423095703125;578.0599975585938;578.0599975585938;578.0599975585938;12
2024-12-10 11:07:00+01:00;578.177001953125;578.177001953125;578.177001953125;578.177001953125;578.177001953125;10
2024-12-10 11:08:00+01:00;578.1663818359375;578.1663818359375;578.1221923828125;578.1221923828125;578.1221923828125;27
2024-12-10 11:09:00+01:00;578.1146240234375;578.1146240234375;578.1134033203125;578.1134033203125;578.1134033203125;2
2024-12-10 11:10:00+01:00;578.0728149414062;578.0728149414062;578.0728149414062;578.0728149414062;578.0728149414062;1
2024-12-10 11:11:00+01:00;578.0958862304688;578.0958862304688;578.0958251953125;578.0958251953125;578.0958251953125;11
2024-12-10 11:12:00+01:00;578.2999877929688;578.2999877929688;578.1599731445312;578.1599731445312;578.1599731445312;4
2024-12-10 11:14:00+01:00;578.2147827148438;578.2147827148438;578.2147216796875;578.2147216796875;578.2147216796875;12
2024-12-10 11:18:00+01:00;578.4902954101562;578.4902954101562;578.4902954101562;578.4902954101562;578.4902954101562;2
2024-12-10 11:19:00+01:00;578.4354248046875;578.61279296875;578.4354248046875;578.61279296875;578.61279296875;43
2024-12-10 11:20:00+01:00;578.4210815429688;578.4210815429688;578.4210815429688;578.4210815429688;578.4210815429688;3
2024-12-10 11:21:00+01:00;578.5513916015625;578.5513916015625;578.5513916015625;578.5513916015625;578.5513916015625;1
2024-12-10 11:23:00+01:00;578.5499877929688;578.5499877929688;578.3565063476562;578.3565063476562;578.3565063476562;15
2024-12-10 11:25:00+01:00;578.547607421875;578.547607421875;578.547607421875;578.547607421875;578.547607421875;1
2024-12-10 11:26:00+01:00;578.3599853515625;578.4605102539062;578.3599853515625;578.4244995117188;578.4244995117188;9
2024-12-10 11:27:00+01:00;578.4118041992188;578.4118041992188;578.4118041992188;578.4118041992188;578.4118041992188;34
2024-12-10 11:28:00+01:00;578.3497924804688;578.3497924804688;578.3466796875;578.3466796875;578.3466796875;9
2024-12-10 11:30:00+01:00;578.6505737304688;578.6505737304688;578.6505737304688;578.6505737304688;578.6505737304688;1
2024-12-10 11:33:00+01:00;578.6030883789062;578.6030883789062;578.5885009765625;578.5885009765625;578.5885009765625;4
2024-12-10 11:34:00+01:00;578.5;578.5;578.5;578.5;578.5;1
2024-12-10 11:35:00+01:00;578.2030029296875;578.2030029296875;578.2030029296875;578.2030029296875;578.2030029296875;1
2024-12-10 11:36:00+01:00;578.5399169921875;578.5399169921875;578.5383911132812;578.5383911132812;578.5383911132812;13
2024-12-10 11:37:00+01:00;578.5770874023438;578.5770874023438;578.5770874023438;578.5770874023438;578.5770874023438;50
2024-12-10 11:39:00+01:00;578.5046997070312;578.6176147460938;578.5046997070312;578.6176147460938;578.6176147460938;7
2024-12-10 11:42:00+01:00;578.485107421875;578.485107421875;578.4578247070312;578.4578247070312;578.4578247070312;7
2024-12-10 11:44:00+01:00;578.5484008789062;578.5484008789062;578.3139038085938;578.3139038085938;578.3139038085938;3
2024-12-10 11:45:00+01:00;578.6345825195312;578.6345825195312;578.6345825195312;578.6345825195312;578.6345825195312;1
2024-12-10 11:46:00+01:00;578.630126953125;578.630126953125;578.630126953125;578.630126953125;578.630126953125;2
2024-12-10 11:47:00+01:00;578.5151977539062;578.5151977539062;578.5151977539062;578.5151977539062;578.5151977539062;1
2024-12-10 11:48:00+01:00;578.6088256835938;578.6088256835938;578.6085205078125;578.6085205078125;578.6085205078125;36
2024-12-10 11:49:00+01:00;578.5599975585938;578.5599975585938;578.556396484375;578.556396484375;578.556396484375;9
2024-12-10 11:50:00+01:00;578.268310546875;578.5548095703125;578.268310546875;578.5388793945312;578.5388793945312;20
2024-12-10 11:51:00+01:00;578.530029296875;578.530029296875;578.530029296875;578.530029296875;578.530029296875;2
2024-12-10 11:52:00+01:00;578.5499877929688;578.5499877929688;578.5499877929688;578.5499877929688;578.5499877929688;1
2024-12-10 11:53:00+01:00;578.5499877929688;578.5499877929688;578.5499877929688;578.5499877929688;578.5499877929688;1
2024-12-10 11:54:00+01:00;578.5499877929688;578.5499877929688;578.5499877929688;578.5499877929688;578.5499877929688;2
2024-12-10 11:57:00+01:00;578.5499877929688;578.7255249023438;578.5499877929688;578.7255249023438;578.7255249023438;23
2024-12-10 11:58:00+01:00;578.462890625;578.462890625;578.462890625;578.462890625;578.462890625;2
2024-12-10 11:59:00+01:00;578.72509765625;578.72509765625;578.72509765625;578.72509765625;578.72509765625;1
2024-12-10 12:01:00+01:00;578.5025024414062;578.5025024414062;578.5025024414062;578.5025024414062;578.5025024414062;1
2024-12-10 12:02:00+01:00;578.94580078125;578.94580078125;578.94580078125;578.94580078125;578.94580078125;9
2024-12-10 12:03:00+01:00;579.0078735351562;579.0084228515625;579.0078735351562;579.0084228515625;579.0084228515625;12
2024-12-10 12:04:00+01:00;578.535400390625;578.9840087890625;578.535400390625;578.9547729492188;578.9547729492188;21
2024-12-10 12:05:00+01:00;579.0;579.0;579.0;579.0;579.0;1
2024-12-10 12:06:00+01:00;578.760009765625;578.9608154296875;578.4946899414062;578.9608154296875;578.9608154296875;69
2024-12-10 12:09:00+01:00;578.9288940429688;578.9288940429688;578.9288940429688;578.9288940429688;578.9288940429688;1
2024-12-10 12:11:00+01:00;578.9390869140625;578.9390869140625;578.9359741210938;578.9359741210938;578.9359741210938;2
2024-12-10 12:12:00+01:00;579.0534057617188;579.0534057617188;579.0534057617188;579.0534057617188;579.0534057617188;1
2024-12-10 12:15:00+01:00;578.5155029296875;578.5155029296875;578.5155029296875;578.5155029296875;578.5155029296875;3
2024-12-10 12:16:00+01:00;578.9931030273438;578.9931030273438;578.9931030273438;578.9931030273438;578.9931030273438;10
2024-12-10 12:18:00+01:00;578.8909301757812;578.8909301757812;578.8909301757812;578.8909301757812;578.8909301757812;27
2024-12-10 12:21:00+01:00;578.9498291015625;578.9498291015625;578.9000244140625;578.9461059570312;578.9461059570312;26
2024-12-10 12:22:00+01:00;578.919921875;578.919921875;578.919921875;578.919921875;578.919921875;1
2024-12-10 12:23:00+01:00;578.8427734375;578.8427734375;578.8427734375;578.8427734375;578.8427734375;1
2024-12-10 12:24:00+01:00;578.8206176757812;578.8206176757812;578.8206176757812;578.8206176757812;578.8206176757812;2
2024-12-10 12:25:00+01:00;578.8986206054688;578.8986206054688;578.8986206054688;578.8986206054688;578.8986206054688;1
2024-12-10 12:26:00+01:00;578.9083251953125;578.9083251953125;578.9083251953125;578.9083251953125;578.9083251953125;1
2024-12-10 12:27:00+01:00;578.8795776367188;578.8795776367188;578.8795776367188;578.8795776367188;578.8795776367188;17
2024-12-10 12:28:00+01:00;578.5930786132812;578.5930786132812;578.5930786132812;578.5930786132812;578.5930786132812;10
2024-12-10 12:29:00+01:00;578.5930786132812;578.5930786132812;578.5928955078125;578.5928955078125;578.5928955078125;46
2024-12-10 12:30:00+01:00;578.9481201171875;578.9481201171875;578.9481201171875;578.9481201171875;578.9481201171875;4
2024-12-10 12:31:00+01:00;578.9721069335938;578.9721069335938;578.9721069335938;578.9721069335938;578.9721069335938;1
2024-12-10 12:33:00+01:00;579.0800170898438;579.0800170898438;579.0800170898438;579.0800170898438;579.0800170898438;3
2024-12-10 12:34:00+01:00;579.1406860351562;579.1561889648438;579.1406860351562;579.1561889648438;579.1561889648438;5
2024-12-10 12:38:00+01:00;579.22802734375;579.22802734375;579.22802734375;579.22802734375;579.22802734375;2
2024-12-10 12:39:00+01:00;578.832275390625;579.1472778320312;578.832275390625;579.1472778320312;579.1472778320312;34
2024-12-10 12:40:00+01:00;579.1431274414062;579.1431274414062;579.1431274414062;579.1431274414062;579.1431274414062;2
2024-12-10 12:41:00+01:00;579.1881103515625;579.1881103515625;579.1832275390625;579.1834716796875;579.1834716796875;11
2024-12-10 12:44:00+01:00;579.126708984375;579.126708984375;579.1237182617188;579.1237182617188;579.1237182617188;3
2024-12-10 12:45:00+01:00;579.0927124023438;579.0927124023438;579.0927124023438;579.0927124023438;579.0927124023438;1
2024-12-10 12:47:00+01:00;579.0487060546875;579.0487060546875;578.8289794921875;579.0269165039062;579.0269165039062;3
2024-12-10 12:48:00+01:00;578.8291015625;578.8291015625;578.8291015625;578.8291015625;578.8291015625;21
2024-12-10 12:52:00+01:00;579.1005859375;579.1005859375;579.1005859375;579.1005859375;579.1005859375;1
2024-12-10 12:53:00+01:00;579.098388671875;579.098388671875;579.098388671875;579.098388671875;579.098388671875;1
2024-12-10 12:56:00+01:00;579.1950073242188;579.1951293945312;579.1950073242188;579.1951293945312;579.1951293945312;16
2024-12-10 13:03:00+01:00;579.1209106445312;579.1209106445312;579.1209106445312;579.1209106445312;579.1209106445312;30
2024-12-10 13:04:00+01:00;578.8505249023438;578.8505249023438;578.8505249023438;578.8505249023438;578.8505249023438;13
2024-12-10 13:07:00+01:00;579.0484008789062;579.0484008789062;579.0484008789062;579.0484008789062;579.0484008789062;1
2024-12-10 13:09:00+01:00;578.982177734375;578.982177734375;578.9766845703125;578.9766845703125;578.9766845703125;2
2024-12-10 13:10:00+01:00;578.8599853515625;578.8599853515625;578.8499755859375;578.8499755859375;578.8499755859375;8
2024-12-10 13:11:00+01:00;578.85009765625;578.85009765625;578.85009765625;578.85009765625;578.85009765625;45
2024-12-10 13:12:00+01:00;578.7999877929688;578.8807983398438;578.7999877929688;578.8807983398438;578.8807983398438;19
2024-12-10 13:13:00+01:00;578.8690185546875;578.8690185546875;578.8560180664062;578.8560180664062;578.8560180664062;7
2024-12-10 13:14:00+01:00;578.9746704101562;578.9747924804688;578.9746704101562;578.9747924804688;578.9747924804688;3
2024-12-10 13:15:00+01:00;579.2435302734375;579.2457885742188;579.2435302734375;579.2457885742188;579.2457885742188;66
2024-12-10 13:16:00+01:00;579.0;579.1870727539062;579.0;579.1870727539062;579.1870727539062;2
2024-12-10 13:17:00+01:00;578.9091796875;578.9091796875;578.869384765625;578.869384765625;578.869384765625;12
2024-12-10 13:19:00+01:00;579.30908203125;579.3092041015625;579.30908203125;579.3092041015625;579.3092041015625;5
2024-12-10 13:20:00+01:00;579.2700805664062;579.2700805664062;579.239501953125;579.239501953125;579.239501953125;14
2024-12-10 13:21:00+01:00;579.2017211914062;579.2017211914062;579.2017211914062;579.2017211914062;579.2017211914062;1
2024-12-10 13:23:00+01:00;579.3281860351562;579.3281860351562;579.3281860351562;579.3281860351562;579.3281860351562;2
2024-12-10 13:24:00+01:00;579.292724609375;579.292724609375;579.290283203125;579.290283203125;579.290283203125;9
2024-12-10 13:25:00+01:00;579.3942260742188;579.3942260742188;579.3942260742188;579.3942260742188;579.3942260742188;10
2024-12-10 13:26:00+01:00;579.3226928710938;579.3226928710938;579.3226928710938;579.3226928710938;579.3226928710938;10
2024-12-10 13:27:00+01:00;579.2567749023438;579.515625;579.256591796875;579.5012817382812;579.5012817382812;79
2024-12-10 13:28:00+01:00;579.4735717773438;579.4735717773438;579.4735717773438;579.4735717773438;579.4735717773438;1
2024-12-10 13:29:00+01:00;579.1091918945312;579.109375;579.1090698242188;579.1090698242188;579.1090698242188;65
2024-12-10 13:30:00+01:00;579.4140014648438;579.4146118164062;579.4140014648438;579.4146118164062;579.4146118164062;2
2024-12-10 13:31:00+01:00;579.3204956054688;579.443115234375;579.3203125;579.443115234375;579.443115234375;6
2024-12-10 13:32:00+01:00;579.41162109375;579.41162109375;579.41162109375;579.41162109375;579.41162109375;1
2024-12-10 13:33:00+01:00;579.3978881835938;579.3978881835938;579.3978881835938;579.3978881835938;579.3978881835938;10
2024-12-10 13:35:00+01:00;579.355712890625;579.355712890625;579.355712890625;579.355712890625;579.355712890625;2
2024-12-10 13:37:00+01:00;579.0999755859375;579.3204956054688;578.9083251953125;578.9083251953125;578.9083251953125;56
2024-12-10 13:38:00+01:00;579.1093139648438;579.1093139648438;579.1093139648438;579.1093139648438;579.1093139648438;1
2024-12-10 13:39:00+01:00;579.1093139648438;579.1093139648438;579.1093139648438;579.1093139648438;579.1093139648438;4
2024-12-10 13:40:00+01:00;579.0986938476562;579.0986938476562;579.0986938476562;579.0986938476562;579.0986938476562;25
2024-12-10 13:41:00+01:00;579.0910034179688;579.0910034179688;579.0825805664062;579.0825805664062;579.0825805664062;3
2024-12-10 13:42:00+01:00;579.0753784179688;579.0753784179688;579.0753784179688;579.0753784179688;579.0753784179688;1
2024-12-10 13:43:00+01:00;579.0684814453125;579.068603515625;579.0455932617188;579.0455932617188;579.0455932617188;21
2024-12-10 13:45:00+01:00;579.125;579.1666870117188;579.125;579.1666870117188;579.1666870117188;2
2024-12-10 13:46:00+01:00;579.2398071289062;579.2398071289062;579.2398071289062;579.2398071289062;579.2398071289062;1
2024-12-10 13:47:00+01:00;579.1611938476562;579.1611938476562;579.1328125;579.1412963867188;579.1412963867188;16
2024-12-10 13:48:00+01:00;579.1046142578125;579.1046142578125;579.1046142578125;579.1046142578125;579.1046142578125;1
2024-12-10 13:49:00+01:00;579.0922241210938;579.0922241210938;579.0562744140625;579.0562744140625;579.0562744140625;3
2024-12-10 13:50:00+01:00;578.7999877929688;578.7999877929688;578.7999877929688;578.7999877929688;578.7999877929688;2
2024-12-10 13:51:00+01:00;578.95361328125;578.95361328125;578.95361328125;578.95361328125;578.95361328125;1
2024-12-10 13:53:00+01:00;578.9721069335938;578.9721069335938;578.9721069335938;578.9721069335938;578.9721069335938;10
2024-12-10 13:55:00+01:00;578.9312133789062;578.9312133789062;578.9312133789062;578.9312133789062;578.9312133789062;11
2024-12-10 13:59:00+01:00;578.9000244140625;578.9000244140625;578.9000244140625;578.9000244140625;578.9000244140625;2
2024-12-10 14:00:00+01:00;578.9000244140625;578.9000244140625;578.7999877929688;578.9000244140625;578.9000244140625;7
2024-12-10 14:01:00+01:00;578.9000244140625;578.9000244140625;578.9000244140625;578.9000244140625;578.9000244140625;8
2024-12-10 14:04:00+01:00;579.1716918945312;579.1821899414062;579.1716918945312;579.1821899414062;579.1821899414062;7
2024-12-10 14:05:00+01:00;579.1259155273438;579.1259155273438;579.1259155273438;579.1259155273438;579.1259155273438;1
2024-12-10 14:09:00+01:00;579.228271484375;579.228271484375;579.2103271484375;579.2103271484375;579.2103271484375;2
2024-12-10 14:11:00+01:00;579.14599609375;579.14599609375;579.14599609375;579.14599609375;579.14599609375;1
2024-12-10 14:12:00+01:00;579.1992797851562;579.1992797851562;579.1478271484375;579.1478271484375;579.1478271484375;2
2024-12-10 14:13:00+01:00;579.1859741210938;579.1859741210938;579.1859741210938;579.1859741210938;579.1859741210938;1
2024-12-10 14:14:00+01:00;579.2239990234375;579.2239990234375;579.2239990234375;579.2239990234375;579.2239990234375;1
2024-12-10 14:15:00+01:00;579.3576049804688;579.3576049804688;579.3576049804688;579.3576049804688;579.3576049804688;1
2024-12-10 14:19:00+01:00;579.4373168945312;579.4990234375;579.4373168945312;579.4979248046875;579.4979248046875;6
2024-12-10 14:22:00+01:00;579.3529052734375;579.3529052734375;579.3529052734375;579.3529052734375;579.3529052734375;3
2024-12-10 14:24:00+01:00;579.0;579.2473754882812;579.0;579.2473754882812;579.2473754882812;14
2024-12-10 14:25:00+01:00;578.9000244140625;578.9000244140625;578.9000244140625;578.9000244140625;578.9000244140625;1
2024-12-10 14:26:00+01:00;579.1685180664062;579.1685180664062;579.1685180664062;579.1685180664062;579.1685180664062;1
2024-12-10 14:28:00+01:00;579.1527709960938;579.1527709960938;579.1527709960938;579.1527709960938;579.1527709960938;3
2024-12-10 14:29:00+01:00;579.1912231445312;579.1912231445312;579.1873779296875;579.1873779296875;579.1873779296875;6
2024-12-10 14:30:00+01:00;579.1701049804688;579.1701049804688;579.1701049804688;579.1701049804688;579.1701049804688;1
2024-12-10 14:32:00+01:00;578.7999877929688;579.0;578.7999877929688;578.8402709960938;578.8402709960938;14
2024-12-10 14:33:00+01:00;579.0106201171875;579.0106201171875;579.0106201171875;579.0106201171875;579.0106201171875;2
2024-12-10 14:34:00+01:00;578.9553833007812;578.9553833007812;578.9553833007812;578.9553833007812;578.9553833007812;1
2024-12-10 14:35:00+01:00;578.9468994140625;578.9468994140625;578.9390869140625;578.9390869140625;578.9390869140625;3
2024-12-10 14:37:00+01:00;578.7150268554688;578.7150268554688;578.7150268554688;578.7150268554688;578.7150268554688;5
2024-12-10 14:39:00+01:00;578.818603515625;578.818603515625;578.818603515625;578.818603515625;578.818603515625;2
2024-12-10 14:40:00+01:00;578.7938232421875;578.7938232421875;578.7938232421875;578.7938232421875;578.7938232421875;1
2024-12-10 14:41:00+01:00;578.8004760742188;578.9176025390625;578.8004760742188;578.9176025390625;578.9176025390625;3
2024-12-10 14:42:00+01:00;578.9058837890625;578.9058837890625;578.9058837890625;578.9058837890625;578.9058837890625;1
2024-12-10 14:43:00+01:00;578.8673095703125;578.8673095703125;578.8568725585938;578.8568725585938;578.8568725585938;3
2024-12-10 14:44:00+01:00;578.8670043945312;579.0521850585938;578.8670043945312;579.0521850585938;579.0521850585938;2
2024-12-10 14:45:00+01:00;579.0722045898438;579.0722045898438;579.0722045898438;579.0722045898438;579.0722045898438;6
2024-12-10 14:48:00+01:00;579.1347045898438;579.1347045898438;579.0;579.0;579.0;6
2024-12-10 14:50:00+01:00;579.1981811523438;579.1981811523438;579.1593017578125;579.1593017578125;579.1593017578125;2
2024-12-10 14:51:00+01:00;579.1292724609375;579.1292724609375;579.1292724609375;579.1292724609375;579.1292724609375;1
2024-12-10 14:54:00+01:00;579.0556030273438;579.0556030273438;579.0523071289062;579.0523071289062;579.0523071289062;2
2024-12-10 14:55:00+01:00;578.7999877929688;578.7999877929688;578.7999877929688;578.7999877929688;578.7999877929688;2
2024-12-10 14:56:00+01:00;578.75;578.75;578.75;578.75;578.75;1
2024-12-10 14:57:00+01:00;578.8621215820312;578.8621215820312;578.8621215820312;578.8621215820312;578.8621215820312;5
2024-12-10 14:58:00+01:00;578.8543701171875;578.8543701171875;578.8543701171875;578.8543701171875;578.8543701171875;1
2024-12-10 15:00:00+01:00;579.0172119140625;579.0172119140625;579.0172119140625;579.0172119140625;579.0172119140625;1
2024-12-10 15:02:00+01:00;578.980712890625;578.980712890625;578.980712890625;578.980712890625;578.980712890625;1
2024-12-10 15:04:00+01:00;578.9500122070312;578.9644165039062;578.9500122070312;578.95361328125;578.95361328125;9
2024-12-10 15:08:00+01:00;578.6660766601562;579.0930786132812;578.6660766601562;579.0930786132812;579.0930786132812;32
2024-12-10 15:11:00+01:00;579.1331787109375;579.1610717773438;578.6959228515625;578.6959228515625;578.6959228515625;137
2024-12-10 15:12:00+01:00;579.174072265625;579.174072265625;579.174072265625;579.174072265625;579.174072265625;1
2024-12-10 15:13:00+01:00;578.6900024414062;578.6900024414062;578.6900024414062;578.6900024414062;578.6900024414062;2
2024-12-10 15:14:00+01:00;578.6339111328125;578.6339111328125;578.6339111328125;578.6339111328125;578.6339111328125;2
2024-12-10 15:15:00+01:00;578.7000122070312;578.7000122070312;578.7000122070312;578.7000122070312;578.7000122070312;2
2024-12-10 15:18:00+01:00;579.1632080078125;579.1632080078125;579.1632080078125;579.1632080078125;579.1632080078125;3
2024-12-10 15:20:00+01:00;579.2432861328125;579.2432861328125;579.2432861328125;579.2432861328125;579.2432861328125;1
2024-12-10 15:23:00+01:00;579.343994140625;579.343994140625;579.2429809570312;579.2429809570312;579.2429809570312;20
2024-12-10 15:26:00+01:00;579.2241821289062;579.2243041992188;579.2241821289062;579.2243041992188;579.2243041992188;7
2024-12-10 15:28:00+01:00;579.2308959960938;579.2308959960938;579.2308959960938;579.2308959960938;579.2308959960938;1
2024-12-10 15:30:00+01:00;579.0;579.0;578.42529296875;578.42529296875;578.42529296875;32
2024-12-10 15:31:00+01:00;578.4445190429688;578.4445190429688;578.4445190429688;578.4445190429688;578.4445190429688;1
2024-12-10 15:32:00+01:00;578.6008911132812;578.6008911132812;578.6008911132812;578.6008911132812;578.6008911132812;1
2024-12-10 15:34:00+01:00;578.2000122070312;578.2000122070312;578.1799926757812;578.1799926757812;578.1799926757812;17
2024-12-10 15:35:00+01:00;578.3134155273438;578.3134155273438;578.3134155273438;578.3134155273438;578.3134155273438;5
2024-12-10 15:36:00+01:00;578.3073120117188;578.31787109375;578.3073120117188;578.31787109375;578.31787109375;3
2024-12-10 15:37:00+01:00;578.452392578125;578.452392578125;578.452392578125;578.452392578125;578.452392578125;2
2024-12-10 15:40:00+01:00;578.0003051757812;578.2984008789062;578.0003051757812;578.2984008789062;578.2984008789062;15
2024-12-10 15:42:00+01:00;578.3204956054688;578.3206176757812;578.3204956054688;578.3206176757812;578.3206176757812;10
2024-12-10 15:44:00+01:00;578.3211059570312;578.3211059570312;578.3211059570312;578.3211059570312;578.3211059570312;3
2024-12-10 15:45:00+01:00;578.7557983398438;578.7557983398438;578.7557983398438;578.7557983398438;578.7557983398438;10
2024-12-10 15:47:00+01:00;578.434814453125;578.434814453125;578.1920166015625;578.1920166015625;578.1920166015625;344
2024-12-10 15:48:00+01:00;578.8619995117188;578.8619995117188;578.560302734375;578.7932739257812;578.7932739257812;21
2024-12-10 15:49:00+01:00;578.4260864257812;578.4260864257812;578.4260864257812;578.4260864257812;578.4260864257812;1
2024-12-10 15:50:00+01:00;578.6544799804688;578.6557006835938;578.6544799804688;578.6557006835938;578.6557006835938;8
2024-12-10 15:51:00+01:00;578.426025390625;578.426025390625;578.2999877929688;578.2999877929688;578.2999877929688;2
2024-12-10 15:55:00+01:00;578.24560546875;578.3621215820312;578.24560546875;578.3621215820312;578.3621215820312;3
2024-12-10 15:56:00+01:00;578.2713012695312;578.2713012695312;578.2713012695312;578.2713012695312;578.2713012695312;17
2024-12-10 15:58:00+01:00;578.0667724609375;578.0667724609375;578.0654296875;578.0654296875;578.0654296875;121
2024-12-10 15:59:00+01:00;578.4664916992188;578.7719116210938;578.0661010742188;578.7719116210938;578.7719116210938;18
2024-12-10 16:00:00+01:00;578.7532958984375;578.7532958984375;578.7532958984375;578.7532958984375;578.7532958984375;8
2024-12-10 16:01:00+01:00;578.7435913085938;578.822021484375;578.7435913085938;578.822021484375;578.822021484375;28
2024-12-10 16:04:00+01:00;579.4622802734375;579.4622802734375;579.4622802734375;579.4622802734375;579.4622802734375;2
2024-12-10 16:05:00+01:00;579.4758911132812;579.4758911132812;579.4758911132812;579.4758911132812;579.4758911132812;11
2024-12-10 16:06:00+01:00;579.46240234375;579.4625244140625;579.46240234375;579.4625244140625;579.4625244140625;20
2024-12-10 16:09:00+01:00;579.7640991210938;579.7640991210938;579.7640991210938;579.7640991210938;579.7640991210938;1
2024-12-10 16:10:00+01:00;579.607421875;579.607421875;579.607421875;579.607421875;579.607421875;4
2024-12-10 16:12:00+01:00;579.4000244140625;579.4000244140625;579.4000244140625;579.4000244140625;579.4000244140625;1
2024-12-10 16:14:00+01:00;579.3137817382812;579.3137817382812;579.3137817382812;579.3137817382812;579.3137817382812;2
2024-12-10 16:18:00+01:00;579.4998168945312;579.5941162109375;579.4998168945312;579.5941162109375;579.5941162109375;8
2024-12-10 16:19:00+01:00;579.6597900390625;579.6597900390625;579.6597900390625;579.6597900390625;579.6597900390625;2
2024-12-10 16:20:00+01:00;579.619384765625;579.619384765625;579.619384765625;579.619384765625;579.619384765625;9
2024-12-10 16:21:00+01:00;579.5958251953125;579.5958251953125;579.5875854492188;579.5875854492188;579.5875854492188;4
2024-12-10 16:23:00+01:00;579.5175170898438;579.5175170898438;579.5175170898438;579.5175170898438;579.5175170898438;2
2024-12-10 16:24:00+01:00;579.7755737304688;579.7755737304688;579.7755737304688;579.7755737304688;579.7755737304688;1
2024-12-10 16:25:00+01:00;579.7286987304688;579.7286987304688;579.5999755859375;579.5999755859375;579.5999755859375;3
2024-12-10 16:26:00+01:00;579.7744140625;579.7744140625;579.7744140625;579.7744140625;579.7744140625;5
2024-12-10 16:29:00+01:00;579.5076293945312;579.5076293945312;579.5076293945312;579.5076293945312;579.5076293945312;1
2024-12-10 16:30:00+01:00;579.6978149414062;579.6978149414062;579.6951293945312;579.6951293945312;579.6951293945312;3
2024-12-10 16:31:00+01:00;579.598388671875;579.598388671875;579.598388671875;579.598388671875;579.598388671875;3
2024-12-10 16:32:00+01:00;579.8093872070312;579.8093872070312;579.8093872070312;579.8093872070312;579.8093872070312;1
2024-12-10 16:33:00+01:00;579.9014282226562;579.9014282226562;579.9014282226562;579.9014282226562;579.9014282226562;15
2024-12-10 16:35:00+01:00;579.9099731445312;579.9099731445312;579.5900268554688;579.5900268554688;579.5900268554688;106
2024-12-10 16:37:00+01:00;579.6047973632812;579.6047973632812;579.6047973632812;579.6047973632812;579.6047973632812;3
2024-12-10 16:39:00+01:00;579.590087890625;579.590087890625;579.590087890625;579.590087890625;579.590087890625;4
2024-12-10 16:40:00+01:00;579.5819091796875;579.6480102539062;579.5819091796875;579.6480102539062;579.6480102539062;2
2024-12-10 16:41:00+01:00;579.6434936523438;579.6434936523438;579.6434936523438;579.6434936523438;579.6434936523438;7
2024-12-10 16:42:00+01:00;579.5991821289062;579.5991821289062;579.5991821289062;579.5991821289062;579.5991821289062;164
2024-12-10 16:44:00+01:00;579.877197265625;579.877197265625;579.877197265625;579.877197265625;579.877197265625;1
2024-12-10 16:47:00+01:00;579.6524047851562;579.6524047851562;579.6524047851562;579.6524047851562;579.6524047851562;4
2024-12-10 16:49:00+01:00;579.569580078125;579.8455810546875;579.569580078125;579.8455810546875;579.8455810546875;184
2024-12-10 16:51:00+01:00;579.9862060546875;579.9862060546875;579.9852294921875;579.9852294921875;579.9852294921875;4
2024-12-10 16:52:00+01:00;579.9171142578125;579.9171142578125;579.9171142578125;579.9171142578125;579.9171142578125;1
2024-12-10 16:54:00+01:00;579.9808959960938;579.9808959960938;579.9805297851562;579.9805297851562;579.9805297851562;13
2024-12-10 16:55:00+01:00;579.9885864257812;579.9885864257812;579.9885864257812;579.9885864257812;579.9885864257812;3
2024-12-10 16:56:00+01:00;579.9935302734375;579.9935913085938;579.9832153320312;579.9832153320312;579.9832153320312;15
2024-12-10 16:57:00+01:00;579.893798828125;579.9329833984375;579.893798828125;579.9329833984375;579.9329833984375;2
2024-12-10 17:02:00+01:00;579.2271118164062;579.2271118164062;579.2271118164062;579.2271118164062;579.2271118164062;22
2024-12-10 17:03:00+01:00;579.7078247070312;579.7078247070312;579.7078247070312;579.7078247070312;579.7078247070312;12
2024-12-10 17:07:00+01:00;579.3953857421875;579.3953857421875;579.3953857421875;579.3953857421875;579.3953857421875;8
2024-12-10 17:08:00+01:00;579.5751953125;579.5751953125;579.4437255859375;579.4625244140625;579.4625244140625;3
2024-12-10 17:09:00+01:00;579.135009765625;579.135009765625;579.135009765625;579.135009765625;579.135009765625;8
2024-12-10 17:10:00+01:00;579.0;579.2313842773438;579.0;579.21728515625;579.21728515625;4
2024-12-10 17:12:00+01:00;578.90087890625;579.1279296875;578.90087890625;579.1279296875;579.1279296875;6
2024-12-10 17:13:00+01:00;579.2694702148438;579.2694702148438;579.2694702148438;579.2694702148438;579.2694702148438;2
2024-12-10 17:14:00+01:00;579.2506713867188;579.2506713867188;579.2506713867188;579.2506713867188;579.2506713867188;1
2024-12-10 17:15:00+01:00;579.2871704101562;579.2871704101562;579.2871704101562;579.2871704101562;579.2871704101562;2
2024-12-10 17:16:00+01:00;579.2756958007812;579.3707885742188;579.2756958007812;579.3707885742188;579.3707885742188;7
2024-12-10 17:18:00+01:00;579.3204956054688;579.3204956054688;579.3204956054688;579.3204956054688;579.3204956054688;2
2024-12-10 17:19:00+01:00;578.9429931640625;579.3607177734375;578.9429931640625;579.3607177734375;579.3607177734375;3
2024-12-10 17:21:00+01:00;579.2202758789062;579.2202758789062;579.2202758789062;579.2202758789062;579.2202758789062;12
2024-12-10 17:22:00+01:00;579.2288818359375;579.2288818359375;579.2288818359375;579.2288818359375;579.2288818359375;1
2024-12-10 17:23:00+01:00;579.2224731445312;579.2224731445312;579.2224731445312;579.2224731445312;579.2224731445312;1
2024-12-10 17:24:00+01:00;579.135498046875;579.2127075195312;579.135498046875;579.2127075195312;579.2127075195312;6
2024-12-10 17:26:00+01:00;579.0772094726562;579.0772094726562;579.0772094726562;579.0772094726562;579.0772094726562;18
2024-12-10 17:28:00+01:00;579.101806640625;579.1141967773438;579.101806640625;579.1126098632812;579.1126098632812;19
2024-12-10 17:29:00+01:00;579.1575927734375;579.1981201171875;579.1575927734375;579.1981201171875;579.1981201171875;123
