Datetime;Open;High;Low;Close;Adj Close;Volume
2024-10-10 09:04:00+02:00;539.37548828125;539.37548828125;539.37548828125;539.37548828125;539.37548828125;0
2024-10-10 09:07:00+02:00;539.59521484375;539.59521484375;539.59521484375;539.59521484375;539.59521484375;1
2024-10-10 09:08:00+02:00;539.5728149414062;539.5728149414062;539.5728149414062;539.5728149414062;539.5728149414062;1
2024-10-10 09:09:00+02:00;539.3200073242188;539.3200073242188;539.3200073242188;539.3200073242188;539.3200073242188;1
2024-10-10 09:10:00+02:00;539.2160034179688;539.2160034179688;539.2160034179688;539.2160034179688;539.2160034179688;2
2024-10-10 09:11:00+02:00;539.2996215820312;539.2996826171875;539.2996215820312;539.2996826171875;539.2996826171875;4
2024-10-10 09:12:00+02:00;539.2998046875;539.2998046875;539.2998046875;539.2998046875;539.2998046875;6
2024-10-10 09:14:00+02:00;539.2998046875;539.2998046875;539.2998046875;539.2998046875;539.2998046875;4
2024-10-10 09:17:00+02:00;539.2999267578125;539.351318359375;539.2999267578125;539.351318359375;539.351318359375;10
2024-10-10 09:18:00+02:00;539.231689453125;539.231689453125;539.231689453125;539.231689453125;539.231689453125;4
2024-10-10 09:19:00+02:00;539.3223266601562;539.3223266601562;539.1799926757812;539.1799926757812;539.1799926757812;9
2024-10-10 09:20:00+02:00;539.31591796875;539.31591796875;539.31591796875;539.31591796875;539.31591796875;1
2024-10-10 09:22:00+02:00;539.4376220703125;539.4376220703125;539.4376220703125;539.4376220703125;539.4376220703125;1
2024-10-10 09:23:00+02:00;539.22998046875;539.22998046875;539.22998046875;539.22998046875;539.22998046875;10
2024-10-10 09:24:00+02:00;539.3170776367188;539.3170776367188;539.3170776367188;539.3170776367188;539.3170776367188;1
2024-10-10 09:25:00+02:00;539.206787109375;539.285888671875;539.206787109375;539.285888671875;539.285888671875;3
2024-10-10 09:26:00+02:00;539.285888671875;539.285888671875;539.285888671875;539.285888671875;539.285888671875;2
2024-10-10 09:29:00+02:00;539.24267578125;539.24267578125;539.0;539.0;539.0;30
2024-10-10 09:30:00+02:00;538.9025268554688;539.0;538.8400268554688;538.8400268554688;538.8400268554688;64
2024-10-10 09:32:00+02:00;538.7554931640625;538.7554931640625;538.7554931640625;538.7554931640625;538.7554931640625;2
2024-10-10 09:33:00+02:00;538.718505859375;538.718505859375;538.718505859375;538.718505859375;538.718505859375;7
2024-10-10 09:34:00+02:00;538.6597900390625;538.6956787109375;538.6597900390625;538.6956787109375;538.6956787109375;16
2024-10-10 09:36:00+02:00;538.3499755859375;538.3499755859375;538.3499755859375;538.3499755859375;538.3499755859375;1
2024-10-10 09:37:00+02:00;538.6563720703125;538.680908203125;538.6563720703125;538.680908203125;538.680908203125;4
2024-10-10 09:38:00+02:00;538.7794189453125;538.7794189453125;538.7794189453125;538.7794189453125;538.7794189453125;5
2024-10-10 09:40:00+02:00;538.2951049804688;538.2951049804688;538.2951049804688;538.2951049804688;538.2951049804688;10
2024-10-10 09:42:00+02:00;538.5648193359375;538.5648193359375;538.5333251953125;538.5333251953125;538.5333251953125;2
2024-10-10 09:43:00+02:00;538.4827270507812;538.4827270507812;538.4827270507812;538.4827270507812;538.4827270507812;2
2024-10-10 09:45:00+02:00;538.5291748046875;538.5291748046875;538.5291748046875;538.5291748046875;538.5291748046875;1
2024-10-10 09:46:00+02:00;538.461669921875;538.461669921875;538.461669921875;538.461669921875;538.461669921875;2
2024-10-10 09:47:00+02:00;538.5317993164062;538.5317993164062;538.168701171875;538.168701171875;538.168701171875;3
2024-10-10 09:48:00+02:00;538.5228271484375;538.5228271484375;538.5228271484375;538.5228271484375;538.5228271484375;1
2024-10-10 09:49:00+02:00;538.5223999023438;538.5225219726562;538.5223999023438;538.5225219726562;538.5225219726562;8
2024-10-10 09:50:00+02:00;538.5223999023438;538.5223999023438;538.5223999023438;538.5223999023438;538.5223999023438;1
2024-10-10 09:51:00+02:00;538.5499877929688;538.5499877929688;538.5499877929688;538.5499877929688;538.5499877929688;2
2024-10-10 09:53:00+02:00;538.680908203125;538.8082275390625;538.680908203125;538.8082275390625;538.8082275390625;51
2024-10-10 09:54:00+02:00;538.5784301757812;538.6234130859375;538.5784301757812;538.6234130859375;538.6234130859375;13
2024-10-10 09:55:00+02:00;538.6304931640625;538.7183227539062;538.6304931640625;538.7183227539062;538.7183227539062;3
2024-10-10 09:56:00+02:00;538.594970703125;538.594970703125;538.493408203125;538.5838012695312;538.5838012695312;23
2024-10-10 09:58:00+02:00;538.6749877929688;538.6749877929688;538.6749877929688;538.6749877929688;538.6749877929688;2
2024-10-10 10:00:00+02:00;538.67822265625;538.67822265625;538.67822265625;538.67822265625;538.67822265625;20
2024-10-10 10:02:00+02:00;538.6900024414062;538.6900024414062;538.5927124023438;538.63818359375;538.63818359375;33
2024-10-10 10:03:00+02:00;538.621826171875;538.621826171875;538.621826171875;538.621826171875;538.621826171875;5
2024-10-10 10:04:00+02:00;538.3690185546875;538.6998291015625;538.3690185546875;538.68408203125;538.68408203125;24
2024-10-10 10:06:00+02:00;538.7249755859375;538.7249755859375;538.7249755859375;538.7249755859375;538.7249755859375;1
2024-10-10 10:11:00+02:00;538.8756103515625;538.8756103515625;538.8756103515625;538.8756103515625;538.8756103515625;1
2024-10-10 10:14:00+02:00;538.5604248046875;538.8873901367188;538.5604248046875;538.8873291015625;538.8873291015625;27
2024-10-10 10:16:00+02:00;538.8049926757812;538.8049926757812;538.8049926757812;538.8049926757812;538.8049926757812;1
2024-10-10 10:19:00+02:00;539.024169921875;539.024169921875;539.024169921875;539.024169921875;539.024169921875;1
2024-10-10 10:20:00+02:00;538.82861328125;538.8449096679688;538.82861328125;538.8449096679688;538.8449096679688;4
2024-10-10 10:22:00+02:00;538.8585815429688;538.8616943359375;538.8585815429688;538.8616943359375;538.8616943359375;4
2024-10-10 10:25:00+02:00;538.7985229492188;538.7985229492188;538.7985229492188;538.7985229492188;538.7985229492188;10
2024-10-10 10:26:00+02:00;538.8151245117188;538.8151245117188;538.8151245117188;538.8151245117188;538.8151245117188;3
2024-10-10 10:27:00+02:00;538.7067260742188;538.7067260742188;538.7067260742188;538.7067260742188;538.7067260742188;1
2024-10-10 10:29:00+02:00;538.751220703125;538.751220703125;538.751220703125;538.751220703125;538.751220703125;10
2024-10-10 10:30:00+02:00;538.8475952148438;538.856201171875;538.8475952148438;538.856201171875;538.856201171875;17
2024-10-10 10:32:00+02:00;538.903076171875;538.903076171875;538.903076171875;538.903076171875;538.903076171875;1
2024-10-10 10:33:00+02:00;538.897705078125;538.897705078125;538.897705078125;538.897705078125;538.897705078125;2
2024-10-10 10:34:00+02:00;538.868896484375;538.868896484375;538.868896484375;538.868896484375;538.868896484375;3
2024-10-10 10:35:00+02:00;538.9028930664062;538.9028930664062;538.9028930664062;538.9028930664062;538.9028930664062;1
2024-10-10 10:36:00+02:00;538.8602905273438;538.8602905273438;538.8602905273438;538.8602905273438;538.8602905273438;1
2024-10-10 10:39:00+02:00;538.8062744140625;538.8062744140625;538.8062744140625;538.8062744140625;538.8062744140625;1
2024-10-10 10:40:00+02:00;538.7999877929688;538.7999877929688;538.7999877929688;538.7999877929688;538.7999877929688;1
2024-10-10 10:41:00+02:00;538.8270263671875;538.8270263671875;538.74560546875;538.74560546875;538.74560546875;6
2024-10-10 10:42:00+02:00;538.7454833984375;538.7454833984375;538.7454833984375;538.7454833984375;538.7454833984375;2
2024-10-10 10:43:00+02:00;538.74072265625;538.74072265625;538.74072265625;538.74072265625;538.74072265625;1
2024-10-10 10:46:00+02:00;538.7639770507812;538.7639770507812;538.7639770507812;538.7639770507812;538.7639770507812;1
2024-10-10 10:48:00+02:00;538.7611083984375;538.7611083984375;538.7611083984375;538.7611083984375;538.7611083984375;6
2024-10-10 10:49:00+02:00;538.7037963867188;538.7037963867188;538.7037963867188;538.7037963867188;538.7037963867188;4
2024-10-10 10:50:00+02:00;538.7946166992188;538.7946166992188;538.7946166992188;538.7946166992188;538.7946166992188;4
2024-10-10 10:51:00+02:00;538.8283081054688;538.8283081054688;538.8283081054688;538.8283081054688;538.8283081054688;4
2024-10-10 10:54:00+02:00;538.75;538.75;538.6284790039062;538.6284790039062;538.6284790039062;40
2024-10-10 10:58:00+02:00;538.8129272460938;538.8129272460938;538.8129272460938;538.8129272460938;538.8129272460938;3
2024-10-10 11:00:00+02:00;538.7233276367188;538.7233276367188;538.7233276367188;538.7233276367188;538.7233276367188;1
2024-10-10 11:02:00+02:00;538.6901245117188;538.6901245117188;538.6901245117188;538.6901245117188;538.6901245117188;2
2024-10-10 11:03:00+02:00;538.7882080078125;538.7882080078125;538.7882080078125;538.7882080078125;538.7882080078125;1
2024-10-10 11:04:00+02:00;538.5;538.7415771484375;538.5;538.7415771484375;538.7415771484375;4
2024-10-10 11:06:00+02:00;538.75732421875;538.75732421875;538.6972045898438;538.6972045898438;538.6972045898438;6
2024-10-10 11:07:00+02:00;538.7056884765625;538.7573852539062;538.7056884765625;538.7573852539062;538.7573852539062;2
2024-10-10 11:08:00+02:00;538.751220703125;538.751220703125;538.751220703125;538.751220703125;538.751220703125;2
2024-10-10 11:10:00+02:00;538.7288208007812;538.7288208007812;538.717529296875;538.7188720703125;538.7188720703125;5
2024-10-10 11:11:00+02:00;538.7225952148438;538.7352294921875;538.4271240234375;538.4271240234375;538.4271240234375;38
2024-10-10 11:12:00+02:00;538.7786254882812;538.7786254882812;538.7197875976562;538.7197875976562;538.7197875976562;3
2024-10-10 11:14:00+02:00;538.7246704101562;538.7246704101562;538.6884765625;538.6884765625;538.6884765625;8
2024-10-10 11:15:00+02:00;538.7772216796875;538.7772216796875;538.7772216796875;538.7772216796875;538.7772216796875;1
2024-10-10 11:18:00+02:00;538.682373046875;538.682373046875;538.682373046875;538.682373046875;538.682373046875;13
2024-10-10 11:19:00+02:00;538.7192993164062;538.7192993164062;538.7192993164062;538.7192993164062;538.7192993164062;1
2024-10-10 11:22:00+02:00;538.728515625;538.728515625;538.728515625;538.728515625;538.728515625;3
2024-10-10 11:23:00+02:00;538.6298828125;538.6298828125;538.6298828125;538.6298828125;538.6298828125;1
2024-10-10 11:24:00+02:00;538.7216186523438;538.7216186523438;538.7216186523438;538.7216186523438;538.7216186523438;19
2024-10-10 11:25:00+02:00;538.7545166015625;538.7545166015625;538.7545166015625;538.7545166015625;538.7545166015625;19
2024-10-10 11:26:00+02:00;538.8114013671875;538.8314208984375;538.7172241210938;538.8220825195312;538.8220825195312;40
2024-10-10 11:28:00+02:00;538.7918090820312;538.8114013671875;538.7918090820312;538.8114013671875;538.8114013671875;3
2024-10-10 11:30:00+02:00;538.813720703125;538.9038696289062;538.813720703125;538.9038696289062;538.9038696289062;2
2024-10-10 11:31:00+02:00;538.894287109375;538.894287109375;538.894287109375;538.894287109375;538.894287109375;1
2024-10-10 11:32:00+02:00;538.9400024414062;538.9400024414062;538.9400024414062;538.9400024414062;538.9400024414062;2
2024-10-10 11:35:00+02:00;538.9400024414062;538.9400024414062;538.9400024414062;538.9400024414062;538.9400024414062;4
2024-10-10 11:37:00+02:00;538.9400024414062;538.9400024414062;538.9400024414062;538.9400024414062;538.9400024414062;4
2024-10-10 11:38:00+02:00;538.9400024414062;538.9400024414062;538.9400024414062;538.9400024414062;538.9400024414062;1
2024-10-10 11:39:00+02:00;538.9400024414062;538.9400024414062;538.9400024414062;538.9400024414062;538.9400024414062;1
2024-10-10 11:42:00+02:00;538.9500122070312;538.9500122070312;538.9500122070312;538.9500122070312;538.9500122070312;2
2024-10-10 11:43:00+02:00;539.1506958007812;539.1506958007812;539.150390625;539.150390625;539.150390625;6
2024-10-10 11:46:00+02:00;538.89697265625;538.89697265625;538.89697265625;538.89697265625;538.89697265625;4
2024-10-10 11:47:00+02:00;538.927490234375;538.927490234375;538.927490234375;538.927490234375;538.927490234375;1
2024-10-10 11:48:00+02:00;538.9569702148438;538.9569702148438;538.9569702148438;538.9569702148438;538.9569702148438;2
2024-10-10 11:50:00+02:00;539.049072265625;539.049072265625;539.049072265625;539.049072265625;539.049072265625;6
2024-10-10 11:51:00+02:00;538.9509887695312;538.962890625;538.9468994140625;538.947998046875;538.947998046875;19
2024-10-10 11:55:00+02:00;538.9605712890625;538.9605712890625;538.9605712890625;538.9605712890625;538.9605712890625;1
2024-10-10 11:56:00+02:00;538.9794921875;538.9794921875;538.9794921875;538.9794921875;538.9794921875;1
2024-10-10 11:57:00+02:00;538.9744873046875;539.0186767578125;538.9744873046875;539.0186767578125;539.0186767578125;3
2024-10-10 11:58:00+02:00;539.0167236328125;539.0167236328125;539.0167236328125;539.0167236328125;539.0167236328125;1
2024-10-10 11:59:00+02:00;539.0015869140625;539.0015869140625;539.0015869140625;539.0015869140625;539.0015869140625;1
2024-10-10 12:00:00+02:00;539.0220947265625;539.0220947265625;539.0220947265625;539.0220947265625;539.0220947265625;2
2024-10-10 12:05:00+02:00;538.9512939453125;538.9512939453125;538.9512939453125;538.9512939453125;538.9512939453125;1
2024-10-10 12:07:00+02:00;539.0;539.0;538.9000244140625;538.9000244140625;538.9000244140625;2
2024-10-10 12:08:00+02:00;538.9000244140625;539.0399169921875;538.9000244140625;539.0399169921875;539.0399169921875;24
2024-10-10 12:09:00+02:00;539.0;539.0;539.0;539.0;539.0;1
2024-10-10 12:12:00+02:00;539.05859375;539.05859375;539.05859375;539.05859375;539.05859375;1
2024-10-10 12:13:00+02:00;539.0479736328125;539.0479736328125;539.0479736328125;539.0479736328125;539.0479736328125;2
2024-10-10 12:14:00+02:00;539.0034790039062;539.0034790039062;539.0034790039062;539.0034790039062;539.0034790039062;2
2024-10-10 12:17:00+02:00;538.969482421875;539.0200805664062;538.969482421875;539.0136108398438;539.0136108398438;17
2024-10-10 12:18:00+02:00;539.0;539.0;539.0;539.0;539.0;1
2024-10-10 12:19:00+02:00;538.9522094726562;538.9522094726562;538.9522094726562;538.9522094726562;538.9522094726562;3
2024-10-10 12:24:00+02:00;538.5811157226562;538.8369140625;538.5811157226562;538.8369140625;538.8369140625;9
2024-10-10 12:25:00+02:00;538.9447021484375;538.9447021484375;538.8635864257812;538.8635864257812;538.8635864257812;3
2024-10-10 12:26:00+02:00;538.8677978515625;538.8677978515625;538.8612060546875;538.8612060546875;538.8612060546875;4
2024-10-10 12:27:00+02:00;538.8742065429688;538.8742065429688;538.8742065429688;538.8742065429688;538.8742065429688;2
2024-10-10 12:30:00+02:00;538.8554077148438;538.8554077148438;538.8554077148438;538.8554077148438;538.8554077148438;1
2024-10-10 12:33:00+02:00;538.839111328125;538.8939208984375;538.839111328125;538.8939208984375;538.8939208984375;3
2024-10-10 12:35:00+02:00;538.8594970703125;538.8594970703125;538.8594970703125;538.8594970703125;538.8594970703125;1
2024-10-10 12:36:00+02:00;538.9041137695312;538.9041137695312;538.9041137695312;538.9041137695312;538.9041137695312;3
2024-10-10 12:37:00+02:00;538.9848022460938;538.9848022460938;538.9848022460938;538.9848022460938;538.9848022460938;1
2024-10-10 12:38:00+02:00;538.9099731445312;539.107421875;538.9099731445312;539.107421875;539.107421875;2
2024-10-10 12:43:00+02:00;538.959228515625;538.959228515625;538.959228515625;538.959228515625;538.959228515625;2
2024-10-10 12:45:00+02:00;538.7000122070312;538.7000122070312;538.7000122070312;538.7000122070312;538.7000122070312;1
2024-10-10 12:46:00+02:00;538.7384033203125;538.7384033203125;538.7384033203125;538.7384033203125;538.7384033203125;10
2024-10-10 12:48:00+02:00;538.8281860351562;538.8281860351562;538.8281860351562;538.8281860351562;538.8281860351562;1
2024-10-10 12:49:00+02:00;538.8043212890625;538.8043212890625;538.75;538.75;538.75;6
2024-10-10 12:50:00+02:00;538.769775390625;538.769775390625;538.769775390625;538.769775390625;538.769775390625;1
2024-10-10 12:51:00+02:00;538.7559204101562;538.7559204101562;538.7559204101562;538.7559204101562;538.7559204101562;10
2024-10-10 12:53:00+02:00;538.7880859375;538.7880859375;538.7880859375;538.7880859375;538.7880859375;3
2024-10-10 12:54:00+02:00;538.7384033203125;538.755126953125;538.7384033203125;538.7498779296875;538.7498779296875;7
2024-10-10 12:55:00+02:00;538.5499877929688;538.5499877929688;538.5;538.5;538.5;5
2024-10-10 12:59:00+02:00;538.6004028320312;538.6004028320312;538.4000244140625;538.4000244140625;538.4000244140625;15
2024-10-10 13:00:00+02:00;538.5552978515625;538.556884765625;538.5552978515625;538.556884765625;538.556884765625;3
2024-10-10 13:02:00+02:00;538.5617065429688;538.5617065429688;538.5617065429688;538.5617065429688;538.5617065429688;1
2024-10-10 13:03:00+02:00;538.5617065429688;538.5617065429688;538.5617065429688;538.5617065429688;538.5617065429688;1
2024-10-10 13:04:00+02:00;538.5617065429688;538.5701904296875;538.5617065429688;538.5701904296875;538.5701904296875;23
2024-10-10 13:06:00+02:00;538.5598754882812;538.5598754882812;538.5598754882812;538.5598754882812;538.5598754882812;2
2024-10-10 13:12:00+02:00;538.559326171875;538.559326171875;538.3599853515625;538.3599853515625;538.3599853515625;3
2024-10-10 13:13:00+02:00;538.4854125976562;538.4854125976562;538.4854125976562;538.4854125976562;538.4854125976562;4
2024-10-10 13:17:00+02:00;538.2999877929688;538.2999877929688;538.2263793945312;538.2263793945312;538.2263793945312;2
2024-10-10 13:21:00+02:00;538.2235717773438;538.2235717773438;538.2235717773438;538.2235717773438;538.2235717773438;1
2024-10-10 13:25:00+02:00;538.7255249023438;538.7255249023438;538.7255249023438;538.7255249023438;538.7255249023438;2
2024-10-10 13:27:00+02:00;538.7418212890625;538.7418212890625;538.7418212890625;538.7418212890625;538.7418212890625;1
2024-10-10 13:28:00+02:00;538.7202758789062;538.7202758789062;538.7081909179688;538.7081909179688;538.7081909179688;4
2024-10-10 13:29:00+02:00;538.7177124023438;538.7177124023438;538.7177124023438;538.7177124023438;538.7177124023438;1
2024-10-10 13:31:00+02:00;538.7233276367188;538.7797241210938;538.7233276367188;538.7797241210938;538.7797241210938;7
2024-10-10 13:34:00+02:00;538.7576904296875;538.8768920898438;538.7576904296875;538.8768920898438;538.8768920898438;29
2024-10-10 13:35:00+02:00;539.0;539.0;539.0;539.0;539.0;1
2024-10-10 13:36:00+02:00;539.0;539.0;538.6264038085938;538.6264038085938;538.6264038085938;29
2024-10-10 13:37:00+02:00;538.9998779296875;538.9998779296875;538.9998779296875;538.9998779296875;538.9998779296875;1
2024-10-10 13:39:00+02:00;539.0;539.1998901367188;539.0;539.1998901367188;539.1998901367188;20
2024-10-10 13:40:00+02:00;539.1998901367188;539.1998901367188;539.1998901367188;539.1998901367188;539.1998901367188;4
2024-10-10 13:41:00+02:00;539.1995849609375;539.1995849609375;539.1995849609375;539.1995849609375;539.1995849609375;2
2024-10-10 13:42:00+02:00;539.1992797851562;539.1992797851562;539.1992797851562;539.1992797851562;539.1992797851562;2
2024-10-10 13:43:00+02:00;539.1998901367188;539.1998901367188;539.1998901367188;539.1998901367188;539.1998901367188;4
2024-10-10 13:44:00+02:00;539.1998901367188;539.1998901367188;539.1998901367188;539.1998901367188;539.1998901367188;7
2024-10-10 13:47:00+02:00;539.1947021484375;539.1947021484375;539.1947021484375;539.1947021484375;539.1947021484375;2
2024-10-10 13:52:00+02:00;539.1998901367188;539.1998901367188;539.1998901367188;539.1998901367188;539.1998901367188;1
2024-10-10 13:55:00+02:00;539.0999755859375;539.0999755859375;539.0999755859375;539.0999755859375;539.0999755859375;2
2024-10-10 13:58:00+02:00;539.097412109375;539.1619873046875;539.097412109375;539.1619873046875;539.1619873046875;2
2024-10-10 13:59:00+02:00;539.162109375;539.162109375;539.162109375;539.162109375;539.162109375;2
2024-10-10 14:01:00+02:00;539.2000122070312;539.269287109375;539.2000122070312;539.269287109375;539.269287109375;3
2024-10-10 14:04:00+02:00;539.25;539.2600708007812;539.25;539.2600708007812;539.2600708007812;4
2024-10-10 14:06:00+02:00;539.401611328125;539.401611328125;539.401611328125;539.401611328125;539.401611328125;2
2024-10-10 14:10:00+02:00;539.4935302734375;539.4935302734375;539.4935302734375;539.4935302734375;539.4935302734375;2
2024-10-10 14:12:00+02:00;539.4475708007812;539.4475708007812;539.4475708007812;539.4475708007812;539.4475708007812;2
2024-10-10 14:14:00+02:00;539.5;539.5;539.5;539.5;539.5;1
2024-10-10 14:15:00+02:00;539.4774780273438;539.4774780273438;539.4774780273438;539.4774780273438;539.4774780273438;1
2024-10-10 14:16:00+02:00;539.3958740234375;539.4423828125;539.3958740234375;539.4423828125;539.4423828125;56
2024-10-10 14:18:00+02:00;539.442626953125;539.442626953125;539.442626953125;539.442626953125;539.442626953125;1
2024-10-10 14:19:00+02:00;539.4442138671875;539.4442138671875;539.4442138671875;539.4442138671875;539.4442138671875;9
2024-10-10 14:20:00+02:00;539.4442138671875;539.4442138671875;539.4442138671875;539.4442138671875;539.4442138671875;4
2024-10-10 14:22:00+02:00;539.4381713867188;539.4384765625;539.4381713867188;539.4384765625;539.4384765625;37
2024-10-10 14:24:00+02:00;539.4442749023438;539.4442749023438;539.4442749023438;539.4442749023438;539.4442749023438;5
2024-10-10 14:27:00+02:00;539.174072265625;539.3367919921875;539.174072265625;539.3367919921875;539.3367919921875;14
2024-10-10 14:30:00+02:00;539.0;539.0;538.2999877929688;539.0;539.0;204
2024-10-10 14:31:00+02:00;539.4943237304688;539.4943237304688;539.4943237304688;539.4943237304688;539.4943237304688;18
2024-10-10 14:32:00+02:00;539.3367919921875;539.3367919921875;538.0001220703125;538.0001220703125;538.0001220703125;3
2024-10-10 14:34:00+02:00;538.240478515625;538.3359985351562;538.240478515625;538.3359985351562;538.3359985351562;21
2024-10-10 14:36:00+02:00;538.0001220703125;538.0001220703125;538.0001220703125;538.0001220703125;538.0001220703125;3
2024-10-10 14:37:00+02:00;538.3076171875;538.3076171875;538.0;538.1630249023438;538.1630249023438;56
2024-10-10 14:38:00+02:00;538.4033203125;538.4033203125;538.4033203125;538.4033203125;538.4033203125;3
2024-10-10 14:40:00+02:00;537.9500122070312;537.9500122070312;537.9000244140625;537.9000244140625;537.9000244140625;87
2024-10-10 14:42:00+02:00;537.947998046875;537.947998046875;537.7000122070312;537.7000122070312;537.7000122070312;3
2024-10-10 14:43:00+02:00;537.8065795898438;537.8065795898438;537.5;537.5;537.5;7
2024-10-10 14:44:00+02:00;537.8544921875;537.8544921875;537.8544921875;537.8544921875;537.8544921875;2
2024-10-10 14:46:00+02:00;537.90771484375;537.90771484375;537.90771484375;537.90771484375;537.90771484375;2
2024-10-10 14:47:00+02:00;537.9071044921875;537.9071044921875;537.9071044921875;537.9071044921875;537.9071044921875;4
2024-10-10 14:49:00+02:00;538.015380859375;538.015380859375;538.015380859375;538.015380859375;538.015380859375;2
2024-10-10 14:50:00+02:00;537.9011840820312;537.9013061523438;537.5;537.651611328125;537.651611328125;30
2024-10-10 14:53:00+02:00;537.2999877929688;537.2999877929688;537.2999877929688;537.2999877929688;537.2999877929688;2
2024-10-10 14:55:00+02:00;537.5809936523438;537.6976928710938;537.5809936523438;537.6976928710938;537.6976928710938;9
2024-10-10 14:56:00+02:00;537.1596069335938;537.4840087890625;537.1596069335938;537.4478759765625;537.4478759765625;6
2024-10-10 14:57:00+02:00;537.6060180664062;537.6060180664062;537.6060180664062;537.6060180664062;537.6060180664062;2
2024-10-10 14:58:00+02:00;537.4000244140625;537.4000244140625;537.2301025390625;537.2301025390625;537.2301025390625;76
2024-10-10 14:59:00+02:00;537.6683959960938;537.6683959960938;537.6683959960938;537.6683959960938;537.6683959960938;8
2024-10-10 15:00:00+02:00;537.6685180664062;537.6685180664062;537.5606079101562;537.5606079101562;537.5606079101562;16
2024-10-10 15:01:00+02:00;537.7946166992188;537.7946166992188;537.7946166992188;537.7946166992188;537.7946166992188;5
2024-10-10 15:05:00+02:00;537.8598022460938;537.8598022460938;537.8598022460938;537.8598022460938;537.8598022460938;6
2024-10-10 15:07:00+02:00;537.8472290039062;537.8472290039062;537.4713134765625;537.489013671875;537.489013671875;31
2024-10-10 15:08:00+02:00;537.488525390625;537.488525390625;537.488525390625;537.488525390625;537.488525390625;5
2024-10-10 15:09:00+02:00;537.864501953125;537.864501953125;537.864501953125;537.864501953125;537.864501953125;1
2024-10-10 15:10:00+02:00;537.8521728515625;537.8521728515625;537.8521728515625;537.8521728515625;537.8521728515625;1
2024-10-10 15:11:00+02:00;537.8521728515625;537.8521728515625;537.8521728515625;537.8521728515625;537.8521728515625;1
2024-10-10 15:12:00+02:00;537.8599243164062;537.872314453125;537.8599243164062;537.872314453125;537.872314453125;20
2024-10-10 15:13:00+02:00;537.8068237304688;537.8068237304688;537.8068237304688;537.8068237304688;537.8068237304688;4
2024-10-10 15:14:00+02:00;537.8068237304688;537.8068237304688;537.8068237304688;537.8068237304688;537.8068237304688;1
2024-10-10 15:16:00+02:00;537.4349975585938;537.810791015625;537.4349975585938;537.810791015625;537.810791015625;12
2024-10-10 15:17:00+02:00;537.7999877929688;537.7999877929688;537.7999877929688;537.7999877929688;537.7999877929688;1
2024-10-10 15:20:00+02:00;537.6416015625;537.6416015625;537.6416015625;537.6416015625;537.6416015625;1
2024-10-10 15:21:00+02:00;537.7399291992188;537.7399291992188;537.7399291992188;537.7399291992188;537.7399291992188;1
2024-10-10 15:22:00+02:00;537.7399291992188;537.7399291992188;537.7399291992188;537.7399291992188;537.7399291992188;6
2024-10-10 15:27:00+02:00;537.5213012695312;537.5213012695312;537.5213012695312;537.5213012695312;537.5213012695312;8
2024-10-10 15:29:00+02:00;537.3204956054688;537.8173217773438;537.0020751953125;537.8173217773438;537.8173217773438;101
2024-10-10 15:30:00+02:00;538.0297241210938;538.1638793945312;537.8729248046875;538.1638793945312;538.1638793945312;31
2024-10-10 15:31:00+02:00;537.9376831054688;537.9376831054688;537.9376831054688;537.9376831054688;537.9376831054688;1
2024-10-10 15:32:00+02:00;538.2199096679688;538.2288818359375;538.2199096679688;538.2288818359375;538.2288818359375;3
2024-10-10 15:34:00+02:00;537.75390625;537.75390625;537.3740234375;537.3740234375;537.3740234375;100
2024-10-10 15:36:00+02:00;537.7532958984375;537.7532958984375;537.7532958984375;537.7532958984375;537.7532958984375;6
2024-10-10 15:37:00+02:00;537.7546997070312;537.7546997070312;537.7546997070312;537.7546997070312;537.7546997070312;5
2024-10-10 15:39:00+02:00;537.2230834960938;537.2230834960938;537.2230224609375;537.2230224609375;537.2230224609375;40
2024-10-10 15:42:00+02:00;537.518310546875;537.5183715820312;537.518310546875;537.5183715820312;537.5183715820312;28
2024-10-10 15:47:00+02:00;537.260009765625;537.260009765625;537.260009765625;537.260009765625;537.260009765625;1
2024-10-10 15:48:00+02:00;537.452880859375;537.452880859375;537.0;537.0;537.0;32
2024-10-10 15:49:00+02:00;537.0;537.0316772460938;537.0;537.0316772460938;537.0316772460938;81
2024-10-10 15:50:00+02:00;537.11962890625;537.11962890625;537.11962890625;537.11962890625;537.11962890625;1
2024-10-10 15:51:00+02:00;537.377685546875;537.377685546875;537.377685546875;537.377685546875;537.377685546875;2
2024-10-10 15:52:00+02:00;537.414794921875;537.414794921875;537.414794921875;537.414794921875;537.414794921875;3
2024-10-10 15:54:00+02:00;537.8732299804688;537.8732299804688;537.8732299804688;537.8732299804688;537.8732299804688;5
2024-10-10 15:55:00+02:00;538.1185302734375;538.1185302734375;538.1185302734375;538.1185302734375;538.1185302734375;1
2024-10-10 15:56:00+02:00;538.1185302734375;538.1185302734375;538.1185302734375;538.1185302734375;538.1185302734375;8
2024-10-10 15:57:00+02:00;538.464599609375;538.53271484375;538.2537841796875;538.53271484375;538.53271484375;32
2024-10-10 15:58:00+02:00;538.1538696289062;538.1538696289062;538.1538696289062;538.1538696289062;538.1538696289062;27
2024-10-10 16:00:00+02:00;537.7653198242188;537.9183959960938;537.7653198242188;537.9183959960938;537.9183959960938;10
2024-10-10 16:01:00+02:00;538.0139770507812;538.0139770507812;537.9254760742188;537.9254760742188;537.9254760742188;22
2024-10-10 16:02:00+02:00;538.1723022460938;538.1987915039062;538.1723022460938;538.1987915039062;538.1987915039062;42
2024-10-10 16:05:00+02:00;538.4219970703125;538.4219970703125;538.4219970703125;538.4219970703125;538.4219970703125;2
2024-10-10 16:07:00+02:00;538.4384765625;538.4384765625;538.4384765625;538.4384765625;538.4384765625;1
2024-10-10 16:09:00+02:00;538.7192993164062;538.7192993164062;538.7192993164062;538.7192993164062;538.7192993164062;2
2024-10-10 16:12:00+02:00;539.0255737304688;539.0255737304688;539.0255737304688;539.0255737304688;539.0255737304688;1
2024-10-10 16:15:00+02:00;538.69140625;538.8878784179688;538.69140625;538.8878784179688;538.8878784179688;16
2024-10-10 16:17:00+02:00;538.9067993164062;538.9067993164062;538.888427734375;538.888427734375;538.888427734375;3
2024-10-10 16:19:00+02:00;538.5106811523438;538.5106811523438;538.5106811523438;538.5106811523438;538.5106811523438;8
2024-10-10 16:21:00+02:00;538.709228515625;538.709228515625;538.709228515625;538.709228515625;538.709228515625;10
2024-10-10 16:26:00+02:00;538.9722290039062;538.9722290039062;538.9722290039062;538.9722290039062;538.9722290039062;1
2024-10-10 16:29:00+02:00;539.089111328125;539.089111328125;539.089111328125;539.089111328125;539.089111328125;1
2024-10-10 16:31:00+02:00;539.3272705078125;539.3272705078125;539.3272705078125;539.3272705078125;539.3272705078125;8
2024-10-10 16:32:00+02:00;539.3491821289062;539.3491821289062;539.3491821289062;539.3491821289062;539.3491821289062;2
2024-10-10 16:33:00+02:00;539.2495727539062;539.2495727539062;539.2495727539062;539.2495727539062;539.2495727539062;3
2024-10-10 16:34:00+02:00;539.2380981445312;539.239990234375;539.2380981445312;539.239990234375;539.239990234375;51
2024-10-10 16:35:00+02:00;539.2000122070312;539.2000122070312;539.2000122070312;539.2000122070312;539.2000122070312;5
2024-10-10 16:36:00+02:00;539.2453002929688;539.2453002929688;538.8726196289062;539.0111083984375;539.0111083984375;25
2024-10-10 16:37:00+02:00;539.2186279296875;539.2186279296875;539.2186279296875;539.2186279296875;539.2186279296875;9
2024-10-10 16:38:00+02:00;539.36328125;539.36328125;539.36328125;539.36328125;539.36328125;5
2024-10-10 16:39:00+02:00;539.4365844726562;539.4365844726562;539.4365844726562;539.4365844726562;539.4365844726562;3
2024-10-10 16:40:00+02:00;539.3527221679688;539.3527221679688;539.35107421875;539.35107421875;539.35107421875;6
2024-10-10 16:42:00+02:00;539.3529052734375;539.3529052734375;539.3529052734375;539.3529052734375;539.3529052734375;1
2024-10-10 16:45:00+02:00;539.2091064453125;539.4998779296875;539.2091064453125;539.4998779296875;539.4998779296875;49
2024-10-10 16:46:00+02:00;539.1799926757812;539.1799926757812;539.1799926757812;539.1799926757812;539.1799926757812;1
2024-10-10 16:48:00+02:00;539.4998168945312;539.4998168945312;538.9876708984375;538.9876708984375;538.9876708984375;66
2024-10-10 16:50:00+02:00;539.019775390625;539.019775390625;539.019775390625;539.019775390625;539.019775390625;8
2024-10-10 16:53:00+02:00;538.7000122070312;538.8447265625;538.7000122070312;538.8447265625;538.8447265625;2
2024-10-10 16:57:00+02:00;538.8452758789062;538.9083862304688;538.8452758789062;538.9083862304688;538.9083862304688;4
2024-10-10 17:00:00+02:00;538.7448120117188;538.7448120117188;538.7448120117188;538.7448120117188;538.7448120117188;11
2024-10-10 17:01:00+02:00;538.6373901367188;538.6373901367188;538.6373901367188;538.6373901367188;538.6373901367188;1
2024-10-10 17:04:00+02:00;538.6441040039062;538.6441040039062;538.6441040039062;538.6441040039062;538.6441040039062;8
2024-10-10 17:07:00+02:00;539.4376831054688;539.4376831054688;539.4376831054688;539.4376831054688;539.4376831054688;2
2024-10-10 17:08:00+02:00;539.5;539.5;539.4400024414062;539.4400024414062;539.4400024414062;18
2024-10-10 17:11:00+02:00;539.4359741210938;539.4359741210938;539.4359741210938;539.4359741210938;539.4359741210938;1
2024-10-10 17:15:00+02:00;539.5;539.5;539.5;539.5;539.5;21
2024-10-10 17:16:00+02:00;539.7348022460938;539.7348022460938;539.7348022460938;539.7348022460938;539.7348022460938;1
2024-10-10 17:18:00+02:00;539.6478271484375;539.6478271484375;539.6478271484375;539.6478271484375;539.6478271484375;1
2024-10-10 17:19:00+02:00;539.5452270507812;539.5452270507812;539.5299072265625;539.5299072265625;539.5299072265625;3
2024-10-10 17:20:00+02:00;539.45751953125;539.45751953125;539.45751953125;539.45751953125;539.45751953125;8
2024-10-10 17:21:00+02:00;539.33837890625;539.33837890625;539.33837890625;539.33837890625;539.33837890625;27
2024-10-10 17:24:00+02:00;539.3400268554688;539.5712890625;539.3400268554688;539.5712890625;539.5712890625;78
2024-10-10 17:25:00+02:00;539.3438720703125;539.3438720703125;539.3438720703125;539.3438720703125;539.3438720703125;7
2024-10-10 17:26:00+02:00;539.07421875;539.36328125;539.0158081054688;539.36328125;539.36328125;31
