Datetime;Open;High;Low;Close;Adj Close;Volume
2024-10-04 09:04:00+02:00;44.720001220703125;44.720001220703125;44.720001220703125;44.720001220703125;44.720001220703125;0
2024-10-04 09:05:00+02:00;44.73500061035156;44.73699951171875;44.73500061035156;44.73500061035156;44.73500061035156;27
2024-10-04 09:06:00+02:00;44.72100067138672;44.7239990234375;44.70100021362305;44.7239990234375;44.7239990234375;133
2024-10-04 09:08:00+02:00;44.72100067138672;44.72100067138672;44.72100067138672;44.72100067138672;44.72100067138672;2
2024-10-04 09:09:00+02:00;44.71699905395508;44.71699905395508;44.71699905395508;44.71699905395508;44.71699905395508;15
2024-10-04 09:12:00+02:00;44.724998474121094;44.724998474121094;44.724998474121094;44.724998474121094;44.724998474121094;14
2024-10-04 09:14:00+02:00;44.74700164794922;44.749000549316406;44.74700164794922;44.749000549316406;44.749000549316406;24
2024-10-04 09:15:00+02:00;44.74700164794922;44.74700164794922;44.74599838256836;44.74599838256836;44.74599838256836;6
2024-10-04 09:16:00+02:00;44.736000061035156;44.736000061035156;44.736000061035156;44.736000061035156;44.736000061035156;113
2024-10-04 09:18:00+02:00;44.76599884033203;44.76599884033203;44.76599884033203;44.76599884033203;44.76599884033203;5
2024-10-04 09:20:00+02:00;44.76499938964844;44.77299880981445;44.76499938964844;44.77299880981445;44.77299880981445;18
2024-10-04 09:21:00+02:00;44.770999908447266;44.770999908447266;44.76900100708008;44.76900100708008;44.76900100708008;9
2024-10-04 09:25:00+02:00;44.77899932861328;44.77899932861328;44.77899932861328;44.77899932861328;44.77899932861328;14
2024-10-04 09:26:00+02:00;44.77399826049805;44.77399826049805;44.77399826049805;44.77399826049805;44.77399826049805;3
2024-10-04 09:29:00+02:00;44.777000427246094;44.777000427246094;44.777000427246094;44.777000427246094;44.777000427246094;2
2024-10-04 09:30:00+02:00;44.76900100708008;44.76900100708008;44.76900100708008;44.76900100708008;44.76900100708008;4
2024-10-04 09:32:00+02:00;44.76599884033203;44.76599884033203;44.763999938964844;44.763999938964844;44.763999938964844;4
2024-10-04 09:33:00+02:00;44.76499938964844;44.76499938964844;44.76499938964844;44.76499938964844;44.76499938964844;4
2024-10-04 09:38:00+02:00;44.77299880981445;44.77299880981445;44.77299880981445;44.77299880981445;44.77299880981445;6
2024-10-04 09:39:00+02:00;44.7760009765625;44.7760009765625;44.7760009765625;44.7760009765625;44.7760009765625;23
2024-10-04 09:40:00+02:00;44.76300048828125;44.76300048828125;44.76300048828125;44.76300048828125;44.76300048828125;3
2024-10-04 09:41:00+02:00;44.76300048828125;44.763999938964844;44.76300048828125;44.763999938964844;44.763999938964844;7
2024-10-04 09:42:00+02:00;44.763999938964844;44.77199935913086;44.763999938964844;44.77199935913086;44.77199935913086;10
2024-10-04 09:43:00+02:00;44.77000045776367;44.777000427246094;44.77000045776367;44.777000427246094;44.777000427246094;27
2024-10-04 09:44:00+02:00;44.77899932861328;44.77899932861328;44.77899932861328;44.77899932861328;44.77899932861328;17
2024-10-04 09:45:00+02:00;44.784000396728516;44.784000396728516;44.78200149536133;44.78200149536133;44.78200149536133;5
2024-10-04 09:49:00+02:00;44.792999267578125;44.792999267578125;44.792999267578125;44.792999267578125;44.792999267578125;11
2024-10-04 09:50:00+02:00;44.78900146484375;44.78900146484375;44.7869987487793;44.7869987487793;44.7869987487793;14
2024-10-04 09:51:00+02:00;44.819000244140625;44.819000244140625;44.819000244140625;44.819000244140625;44.819000244140625;5
2024-10-04 09:52:00+02:00;44.808998107910156;44.808998107910156;44.808998107910156;44.808998107910156;44.808998107910156;18
2024-10-04 09:54:00+02:00;44.82099914550781;44.82099914550781;44.805999755859375;44.805999755859375;44.805999755859375;34
2024-10-04 09:55:00+02:00;44.81999969482422;44.81999969482422;44.81800079345703;44.81800079345703;44.81800079345703;8
2024-10-04 09:56:00+02:00;44.81700134277344;44.823001861572266;44.8120002746582;44.823001861572266;44.823001861572266;17
2024-10-04 09:57:00+02:00;44.814998626708984;44.81800079345703;44.814998626708984;44.81800079345703;44.81800079345703;8
2024-10-04 09:58:00+02:00;44.821998596191406;44.821998596191406;44.821998596191406;44.821998596191406;44.821998596191406;65
2024-10-04 10:00:00+02:00;44.79999923706055;44.821998596191406;44.79999923706055;44.81999969482422;44.81999969482422;30
2024-10-04 10:01:00+02:00;44.81399917602539;44.81399917602539;44.81399917602539;44.81399917602539;44.81399917602539;11
2024-10-04 10:03:00+02:00;44.8129997253418;44.8129997253418;44.8129997253418;44.8129997253418;44.8129997253418;4
2024-10-04 10:04:00+02:00;44.81100082397461;44.81100082397461;44.81100082397461;44.81100082397461;44.81100082397461;11
2024-10-04 10:06:00+02:00;44.7859992980957;44.7859992980957;44.7859992980957;44.7859992980957;44.7859992980957;397
2024-10-04 10:07:00+02:00;44.78300094604492;44.78300094604492;44.78300094604492;44.78300094604492;44.78300094604492;2
2024-10-04 10:11:00+02:00;44.75;44.757999420166016;44.75;44.757999420166016;44.757999420166016;23
2024-10-04 10:12:00+02:00;44.7599983215332;44.7599983215332;44.7599983215332;44.7599983215332;44.7599983215332;4
2024-10-04 10:13:00+02:00;44.763999938964844;44.763999938964844;44.763999938964844;44.763999938964844;44.763999938964844;12
2024-10-04 10:14:00+02:00;44.763999938964844;44.763999938964844;44.76100158691406;44.76100158691406;44.76100158691406;12
2024-10-04 10:15:00+02:00;44.7760009765625;44.7760009765625;44.7760009765625;44.7760009765625;44.7760009765625;3
2024-10-04 10:16:00+02:00;44.78200149536133;44.78200149536133;44.78200149536133;44.78200149536133;44.78200149536133;89
2024-10-04 10:17:00+02:00;44.7859992980957;44.7859992980957;44.78099822998047;44.78499984741211;44.78499984741211;68
2024-10-04 10:18:00+02:00;44.7859992980957;44.7859992980957;44.7859992980957;44.7859992980957;44.7859992980957;3
2024-10-04 10:20:00+02:00;44.79600143432617;44.79600143432617;44.79499816894531;44.79499816894531;44.79499816894531;11
2024-10-04 10:21:00+02:00;44.79199981689453;44.79199981689453;44.79199981689453;44.79199981689453;44.79199981689453;9
2024-10-04 10:22:00+02:00;44.80400085449219;44.80400085449219;44.80400085449219;44.80400085449219;44.80400085449219;17
2024-10-04 10:25:00+02:00;44.80400085449219;44.80400085449219;44.80400085449219;44.80400085449219;44.80400085449219;20
2024-10-04 10:26:00+02:00;44.80500030517578;44.80500030517578;44.79999923706055;44.79999923706055;44.79999923706055;51
2024-10-04 10:27:00+02:00;44.79800033569336;44.79800033569336;44.79800033569336;44.79800033569336;44.79800033569336;131
2024-10-04 10:29:00+02:00;44.79899978637695;44.79899978637695;44.79899978637695;44.79899978637695;44.79899978637695;34
2024-10-04 10:31:00+02:00;44.808998107910156;44.808998107910156;44.79899978637695;44.79899978637695;44.79899978637695;42
2024-10-04 10:32:00+02:00;44.805999755859375;44.805999755859375;44.805999755859375;44.805999755859375;44.805999755859375;6
2024-10-04 10:33:00+02:00;44.80400085449219;44.80500030517578;44.80400085449219;44.80500030517578;44.80500030517578;2
2024-10-04 10:35:00+02:00;44.801998138427734;44.801998138427734;44.801998138427734;44.801998138427734;44.801998138427734;4
2024-10-04 10:36:00+02:00;44.805999755859375;44.805999755859375;44.805999755859375;44.805999755859375;44.805999755859375;3
2024-10-04 10:38:00+02:00;44.808998107910156;44.808998107910156;44.808998107910156;44.808998107910156;44.808998107910156;3
2024-10-04 10:39:00+02:00;44.80500030517578;44.80500030517578;44.803001403808594;44.803001403808594;44.803001403808594;12
2024-10-04 10:40:00+02:00;44.79999923706055;44.80799865722656;44.79999923706055;44.80799865722656;44.80799865722656;33
2024-10-04 10:41:00+02:00;44.80699920654297;44.80699920654297;44.80699920654297;44.80699920654297;44.80699920654297;25
2024-10-04 10:43:00+02:00;44.80699920654297;44.80699920654297;44.80699920654297;44.80699920654297;44.80699920654297;33
2024-10-04 10:46:00+02:00;44.7859992980957;44.7859992980957;44.77000045776367;44.77000045776367;44.77000045776367;44
2024-10-04 10:47:00+02:00;44.7599983215332;44.7599983215332;44.7599983215332;44.7599983215332;44.7599983215332;33
2024-10-04 10:48:00+02:00;44.770999908447266;44.770999908447266;44.770999908447266;44.770999908447266;44.770999908447266;65
2024-10-04 10:49:00+02:00;44.77299880981445;44.77299880981445;44.77299880981445;44.77299880981445;44.77299880981445;7
2024-10-04 10:50:00+02:00;44.78200149536133;44.78200149536133;44.78200149536133;44.78200149536133;44.78200149536133;5
2024-10-04 10:51:00+02:00;44.78099822998047;44.7869987487793;44.78099822998047;44.784000396728516;44.784000396728516;72
2024-10-04 10:52:00+02:00;44.78799819946289;44.78799819946289;44.78799819946289;44.78799819946289;44.78799819946289;885
2024-10-04 10:55:00+02:00;44.77000045776367;44.78300094604492;44.77000045776367;44.7760009765625;44.7760009765625;113
2024-10-04 10:56:00+02:00;44.77399826049805;44.77399826049805;44.77399826049805;44.77399826049805;44.77399826049805;1
2024-10-04 10:57:00+02:00;44.77399826049805;44.7760009765625;44.77399826049805;44.7760009765625;44.7760009765625;19
2024-10-04 10:58:00+02:00;44.77000045776367;44.77000045776367;44.77000045776367;44.77000045776367;44.77000045776367;111
2024-10-04 10:59:00+02:00;44.77000045776367;44.77000045776367;44.77000045776367;44.77000045776367;44.77000045776367;1
2024-10-04 11:00:00+02:00;44.7599983215332;44.7760009765625;44.7599983215332;44.7760009765625;44.7760009765625;9
2024-10-04 11:01:00+02:00;44.78300094604492;44.78300094604492;44.78300094604492;44.78300094604492;44.78300094604492;5
2024-10-04 11:05:00+02:00;44.79899978637695;44.79899978637695;44.79899978637695;44.79899978637695;44.79899978637695;50
2024-10-04 11:07:00+02:00;44.78300094604492;44.79999923706055;44.78300094604492;44.79999923706055;44.79999923706055;101
2024-10-04 11:09:00+02:00;44.80699920654297;44.80699920654297;44.80699920654297;44.80699920654297;44.80699920654297;33
2024-10-04 11:10:00+02:00;44.80699920654297;44.80699920654297;44.80699920654297;44.80699920654297;44.80699920654297;19
2024-10-04 11:11:00+02:00;44.80500030517578;44.80500030517578;44.80500030517578;44.80500030517578;44.80500030517578;70
2024-10-04 11:15:00+02:00;44.79499816894531;44.79499816894531;44.79499816894531;44.79499816894531;44.79499816894531;1
2024-10-04 11:16:00+02:00;44.79100036621094;44.79100036621094;44.79100036621094;44.79100036621094;44.79100036621094;6
2024-10-04 11:18:00+02:00;44.79600143432617;44.797000885009766;44.79600143432617;44.797000885009766;44.797000885009766;64
2024-10-04 11:19:00+02:00;44.797000885009766;44.797000885009766;44.797000885009766;44.797000885009766;44.797000885009766;2
2024-10-04 11:20:00+02:00;44.79399871826172;44.79399871826172;44.79399871826172;44.79399871826172;44.79399871826172;2
2024-10-04 11:22:00+02:00;44.78900146484375;44.78900146484375;44.78900146484375;44.78900146484375;44.78900146484375;11
2024-10-04 11:23:00+02:00;44.79899978637695;44.79899978637695;44.79899978637695;44.79899978637695;44.79899978637695;5
2024-10-04 11:25:00+02:00;44.78300094604492;44.78300094604492;44.78300094604492;44.78300094604492;44.78300094604492;4
2024-10-04 11:26:00+02:00;44.78200149536133;44.78200149536133;44.77899932861328;44.77899932861328;44.77899932861328;254
2024-10-04 11:27:00+02:00;44.78499984741211;44.78499984741211;44.78499984741211;44.78499984741211;44.78499984741211;4
2024-10-04 11:28:00+02:00;44.79499816894531;44.79499816894531;44.79499816894531;44.79499816894531;44.79499816894531;7
2024-10-04 11:29:00+02:00;44.7859992980957;44.7859992980957;44.7859992980957;44.7859992980957;44.7859992980957;7
2024-10-04 11:30:00+02:00;44.78300094604492;44.79600143432617;44.78300094604492;44.79600143432617;44.79600143432617;3
2024-10-04 11:31:00+02:00;44.79499816894531;44.797000885009766;44.79499816894531;44.797000885009766;44.797000885009766;303
2024-10-04 11:33:00+02:00;44.79899978637695;44.79899978637695;44.79899978637695;44.79899978637695;44.79899978637695;14
2024-10-04 11:34:00+02:00;44.78200149536133;44.78200149536133;44.78200149536133;44.78200149536133;44.78200149536133;6
2024-10-04 11:35:00+02:00;44.784000396728516;44.79399871826172;44.784000396728516;44.79399871826172;44.79399871826172;202
2024-10-04 11:37:00+02:00;44.78099822998047;44.78099822998047;44.78099822998047;44.78099822998047;44.78099822998047;16
2024-10-04 11:39:00+02:00;44.78499984741211;44.78499984741211;44.78499984741211;44.78499984741211;44.78499984741211;50
2024-10-04 11:40:00+02:00;44.77299880981445;44.77299880981445;44.77299880981445;44.77299880981445;44.77299880981445;2
2024-10-04 11:46:00+02:00;44.792999267578125;44.792999267578125;44.792999267578125;44.792999267578125;44.792999267578125;22
2024-10-04 11:47:00+02:00;44.79399871826172;44.79600143432617;44.79399871826172;44.79600143432617;44.79600143432617;13
2024-10-04 11:48:00+02:00;44.79399871826172;44.79399871826172;44.79399871826172;44.79399871826172;44.79399871826172;11
2024-10-04 11:50:00+02:00;44.79600143432617;44.79800033569336;44.79600143432617;44.79800033569336;44.79800033569336;5
2024-10-04 11:52:00+02:00;44.80699920654297;44.80799865722656;44.80699920654297;44.80799865722656;44.80799865722656;51
2024-10-04 11:53:00+02:00;44.810001373291016;44.819000244140625;44.810001373291016;44.816001892089844;44.816001892089844;248
2024-10-04 11:54:00+02:00;44.81399917602539;44.81399917602539;44.81399917602539;44.81399917602539;44.81399917602539;12
2024-10-04 11:55:00+02:00;44.81100082397461;44.81100082397461;44.81100082397461;44.81100082397461;44.81100082397461;3
2024-10-04 11:56:00+02:00;44.816001892089844;44.816001892089844;44.816001892089844;44.816001892089844;44.816001892089844;3
2024-10-04 11:57:00+02:00;44.814998626708984;44.814998626708984;44.814998626708984;44.814998626708984;44.814998626708984;493
2024-10-04 11:58:00+02:00;44.816001892089844;44.81700134277344;44.816001892089844;44.81700134277344;44.81700134277344;53
2024-10-04 11:59:00+02:00;44.810001373291016;44.810001373291016;44.810001373291016;44.810001373291016;44.810001373291016;15
2024-10-04 12:01:00+02:00;44.827999114990234;44.827999114990234;44.8120002746582;44.8120002746582;44.8120002746582;4
2024-10-04 12:02:00+02:00;44.82699966430664;44.83000183105469;44.82699966430664;44.83000183105469;44.83000183105469;4
2024-10-04 12:03:00+02:00;44.82699966430664;44.82699966430664;44.82699966430664;44.82699966430664;44.82699966430664;2
2024-10-04 12:04:00+02:00;44.82699966430664;44.83599853515625;44.82699966430664;44.83599853515625;44.83599853515625;4
2024-10-04 12:05:00+02:00;44.83000183105469;44.83000183105469;44.83000183105469;44.83000183105469;44.83000183105469;5
2024-10-04 12:07:00+02:00;44.81999969482422;44.81999969482422;44.81999969482422;44.81999969482422;44.81999969482422;2
2024-10-04 12:10:00+02:00;44.83399963378906;44.83399963378906;44.83399963378906;44.83399963378906;44.83399963378906;9
2024-10-04 12:15:00+02:00;44.84700012207031;44.85100173950195;44.84700012207031;44.85100173950195;44.85100173950195;80
2024-10-04 12:18:00+02:00;44.845001220703125;44.845001220703125;44.845001220703125;44.845001220703125;44.845001220703125;35
2024-10-04 12:19:00+02:00;44.85599899291992;44.85599899291992;44.8390007019043;44.8390007019043;44.8390007019043;120
2024-10-04 12:20:00+02:00;44.85200119018555;44.85200119018555;44.85200119018555;44.85200119018555;44.85200119018555;9
2024-10-04 12:21:00+02:00;44.85100173950195;44.85100173950195;44.85100173950195;44.85100173950195;44.85100173950195;15
2024-10-04 12:23:00+02:00;44.854000091552734;44.854000091552734;44.84000015258789;44.84000015258789;44.84000015258789;13
2024-10-04 12:29:00+02:00;44.84600067138672;44.84600067138672;44.84600067138672;44.84600067138672;44.84600067138672;6
2024-10-04 12:30:00+02:00;44.84000015258789;44.84000015258789;44.84000015258789;44.84000015258789;44.84000015258789;15
2024-10-04 12:32:00+02:00;44.854000091552734;44.854000091552734;44.84000015258789;44.84000015258789;44.84000015258789;51
2024-10-04 12:33:00+02:00;44.85300064086914;44.85300064086914;44.85300064086914;44.85300064086914;44.85300064086914;7
2024-10-04 12:36:00+02:00;44.85900115966797;44.85900115966797;44.85900115966797;44.85900115966797;44.85900115966797;3
2024-10-04 12:37:00+02:00;44.85300064086914;44.85300064086914;44.85300064086914;44.85300064086914;44.85300064086914;70
2024-10-04 12:38:00+02:00;44.86899948120117;44.86899948120117;44.86899948120117;44.86899948120117;44.86899948120117;50
2024-10-04 12:40:00+02:00;44.85300064086914;44.85300064086914;44.85300064086914;44.85300064086914;44.85300064086914;15
2024-10-04 12:41:00+02:00;44.85499954223633;44.85499954223633;44.85499954223633;44.85499954223633;44.85499954223633;19
2024-10-04 12:45:00+02:00;44.85100173950195;44.85100173950195;44.85100173950195;44.85100173950195;44.85100173950195;1
2024-10-04 12:47:00+02:00;44.83700180053711;44.83700180053711;44.83700180053711;44.83700180053711;44.83700180053711;1
2024-10-04 12:48:00+02:00;44.83399963378906;44.83399963378906;44.83399963378906;44.83399963378906;44.83399963378906;5
2024-10-04 12:50:00+02:00;44.82899856567383;44.82899856567383;44.8129997253418;44.8129997253418;44.8129997253418;14
2024-10-04 12:51:00+02:00;44.827999114990234;44.827999114990234;44.827999114990234;44.827999114990234;44.827999114990234;3
2024-10-04 12:53:00+02:00;44.8390007019043;44.8390007019043;44.8390007019043;44.8390007019043;44.8390007019043;5
2024-10-04 12:54:00+02:00;44.834999084472656;44.834999084472656;44.834999084472656;44.834999084472656;44.834999084472656;56
2024-10-04 12:57:00+02:00;44.84000015258789;44.84000015258789;44.84000015258789;44.84000015258789;44.84000015258789;3
2024-10-04 12:58:00+02:00;44.823001861572266;44.823001861572266;44.823001861572266;44.823001861572266;44.823001861572266;2
2024-10-04 12:59:00+02:00;44.84000015258789;44.84000015258789;44.84000015258789;44.84000015258789;44.84000015258789;5
2024-10-04 13:00:00+02:00;44.83300018310547;44.83300018310547;44.83300018310547;44.83300018310547;44.83300018310547;3
2024-10-04 13:01:00+02:00;44.83000183105469;44.83000183105469;44.83000183105469;44.83000183105469;44.83000183105469;1
2024-10-04 13:02:00+02:00;44.82500076293945;44.83000183105469;44.82500076293945;44.83000183105469;44.83000183105469;2143
2024-10-04 13:04:00+02:00;44.86000061035156;44.86000061035156;44.86000061035156;44.86000061035156;44.86000061035156;10
2024-10-04 13:05:00+02:00;44.8489990234375;44.8489990234375;44.84400177001953;44.84400177001953;44.84400177001953;27
2024-10-04 13:06:00+02:00;44.84600067138672;44.84600067138672;44.84600067138672;44.84600067138672;44.84600067138672;14
2024-10-04 13:07:00+02:00;44.84400177001953;44.84400177001953;44.82899856567383;44.8380012512207;44.8380012512207;20
2024-10-04 13:09:00+02:00;44.83700180053711;44.83700180053711;44.83700180053711;44.83700180053711;44.83700180053711;24
2024-10-04 13:10:00+02:00;44.84000015258789;44.85300064086914;44.84000015258789;44.85300064086914;44.85300064086914;68
2024-10-04 13:11:00+02:00;44.85499954223633;44.858001708984375;44.840999603271484;44.840999603271484;44.840999603271484;152
2024-10-04 13:12:00+02:00;44.85499954223633;44.85499954223633;44.8390007019043;44.84000015258789;44.84000015258789;77
2024-10-04 13:13:00+02:00;44.83700180053711;44.83700180053711;44.83700180053711;44.83700180053711;44.83700180053711;21
2024-10-04 13:16:00+02:00;44.85300064086914;44.85300064086914;44.85300064086914;44.85300064086914;44.85300064086914;1
2024-10-04 13:17:00+02:00;44.854000091552734;44.854000091552734;44.854000091552734;44.854000091552734;44.854000091552734;2
2024-10-04 13:18:00+02:00;44.86000061035156;44.861000061035156;44.86000061035156;44.861000061035156;44.861000061035156;156
2024-10-04 13:19:00+02:00;44.86399841308594;44.86399841308594;44.849998474121094;44.86399841308594;44.86399841308594;10
2024-10-04 13:20:00+02:00;44.8650016784668;44.8650016784668;44.8650016784668;44.8650016784668;44.8650016784668;2
2024-10-04 13:21:00+02:00;44.84600067138672;44.84600067138672;44.84600067138672;44.84600067138672;44.84600067138672;4
2024-10-04 13:23:00+02:00;44.86899948120117;44.86899948120117;44.86899948120117;44.86899948120117;44.86899948120117;3
2024-10-04 13:24:00+02:00;44.87799835205078;44.87799835205078;44.86000061035156;44.87300109863281;44.87300109863281;17
2024-10-04 13:26:00+02:00;44.87200164794922;44.87200164794922;44.86000061035156;44.86000061035156;44.86000061035156;24
2024-10-04 13:27:00+02:00;44.854000091552734;44.87099838256836;44.854000091552734;44.87099838256836;44.87099838256836;17
2024-10-04 13:29:00+02:00;44.85599899291992;44.86800003051758;44.85599899291992;44.86800003051758;44.86800003051758;32
2024-10-04 13:30:00+02:00;44.875999450683594;44.875999450683594;44.875999450683594;44.875999450683594;44.875999450683594;3
2024-10-04 13:31:00+02:00;44.87900161743164;44.87900161743164;44.87799835205078;44.87799835205078;44.87799835205078;5
2024-10-04 13:32:00+02:00;44.86399841308594;44.86399841308594;44.86399841308594;44.86399841308594;44.86399841308594;2
2024-10-04 13:33:00+02:00;44.849998474121094;44.849998474121094;44.83700180053711;44.83700180053711;44.83700180053711;16
2024-10-04 13:35:00+02:00;44.84199905395508;44.84199905395508;44.84199905395508;44.84199905395508;44.84199905395508;3
2024-10-04 13:39:00+02:00;44.83700180053711;44.83700180053711;44.83700180053711;44.83700180053711;44.83700180053711;2
2024-10-04 13:40:00+02:00;44.849998474121094;44.849998474121094;44.849998474121094;44.849998474121094;44.849998474121094;2
2024-10-04 13:41:00+02:00;44.847999572753906;44.847999572753906;44.847999572753906;44.847999572753906;44.847999572753906;11
2024-10-04 13:43:00+02:00;44.8380012512207;44.8380012512207;44.8380012512207;44.8380012512207;44.8380012512207;15
2024-10-04 13:45:00+02:00;44.849998474121094;44.849998474121094;44.849998474121094;44.849998474121094;44.849998474121094;1576
2024-10-04 13:47:00+02:00;44.84000015258789;44.856998443603516;44.84000015258789;44.856998443603516;44.856998443603516;67
2024-10-04 13:48:00+02:00;44.85499954223633;44.85499954223633;44.85499954223633;44.85499954223633;44.85499954223633;2
2024-10-04 13:53:00+02:00;44.869998931884766;44.869998931884766;44.869998931884766;44.869998931884766;44.869998931884766;10
2024-10-04 13:54:00+02:00;44.86000061035156;44.86000061035156;44.834999084472656;44.834999084472656;44.834999084472656;13
2024-10-04 13:55:00+02:00;44.85599899291992;44.85599899291992;44.85599899291992;44.85599899291992;44.85599899291992;150
2024-10-04 13:56:00+02:00;44.84000015258789;44.849998474121094;44.84000015258789;44.849998474121094;44.849998474121094;550
2024-10-04 13:57:00+02:00;44.856998443603516;44.856998443603516;44.856998443603516;44.856998443603516;44.856998443603516;24
2024-10-04 13:58:00+02:00;44.862998962402344;44.862998962402344;44.862998962402344;44.862998962402344;44.862998962402344;100
2024-10-04 14:00:00+02:00;44.86899948120117;44.86899948120117;44.84199905395508;44.84199905395508;44.84199905395508;10
2024-10-04 14:01:00+02:00;44.858001708984375;44.858001708984375;44.858001708984375;44.858001708984375;44.858001708984375;25
2024-10-04 14:02:00+02:00;44.84000015258789;44.84000015258789;44.84000015258789;44.84000015258789;44.84000015258789;4
2024-10-04 14:04:00+02:00;44.862998962402344;44.862998962402344;44.862998962402344;44.862998962402344;44.862998962402344;5
2024-10-04 14:05:00+02:00;44.8489990234375;44.8489990234375;44.8489990234375;44.8489990234375;44.8489990234375;2
2024-10-04 14:06:00+02:00;44.83000183105469;44.83000183105469;44.82600021362305;44.82600021362305;44.82600021362305;9
2024-10-04 14:08:00+02:00;44.840999603271484;44.84600067138672;44.82600021362305;44.84600067138672;44.84600067138672;53
2024-10-04 14:09:00+02:00;44.8380012512207;44.849998474121094;44.8380012512207;44.849998474121094;44.849998474121094;13
2024-10-04 14:12:00+02:00;44.86000061035156;44.86399841308594;44.86000061035156;44.862998962402344;44.862998962402344;269
2024-10-04 14:13:00+02:00;44.86000061035156;44.86800003051758;44.86000061035156;44.86800003051758;44.86800003051758;2
2024-10-04 14:14:00+02:00;44.875999450683594;44.875999450683594;44.858001708984375;44.858001708984375;44.858001708984375;31
2024-10-04 14:15:00+02:00;44.86600112915039;44.86800003051758;44.86600112915039;44.86800003051758;44.86800003051758;69
2024-10-04 14:16:00+02:00;44.88100051879883;44.88100051879883;44.88100051879883;44.88100051879883;44.88100051879883;5
2024-10-04 14:18:00+02:00;44.86600112915039;44.87200164794922;44.86600112915039;44.87200164794922;44.87200164794922;6
2024-10-04 14:21:00+02:00;44.87900161743164;44.87900161743164;44.87900161743164;44.87900161743164;44.87900161743164;13
2024-10-04 14:22:00+02:00;44.87099838256836;44.87099838256836;44.85900115966797;44.85900115966797;44.85900115966797;15
2024-10-04 14:24:00+02:00;44.869998931884766;44.88600158691406;44.86800003051758;44.86800003051758;44.86800003051758;33
2024-10-04 14:26:00+02:00;44.867000579833984;44.869998931884766;44.867000579833984;44.869998931884766;44.869998931884766;83
2024-10-04 14:29:00+02:00;44.88399887084961;44.88399887084961;44.88399887084961;44.88399887084961;44.88399887084961;35
2024-10-04 14:30:00+02:00;45.0;45.20000076293945;45.0;45.20000076293945;45.20000076293945;110
2024-10-04 14:32:00+02:00;45.17499923706055;45.20600128173828;45.17499923706055;45.20600128173828;45.20600128173828;1361
2024-10-04 14:33:00+02:00;45.17499923706055;45.17499923706055;45.172000885009766;45.172000885009766;45.172000885009766;3
2024-10-04 14:34:00+02:00;45.15800094604492;45.17100143432617;45.15700149536133;45.17100143432617;45.17100143432617;1363
2024-10-04 14:35:00+02:00;45.20000076293945;45.20000076293945;45.20000076293945;45.20000076293945;45.20000076293945;15
2024-10-04 14:36:00+02:00;45.23500061035156;45.23500061035156;45.23500061035156;45.23500061035156;45.23500061035156;650
2024-10-04 14:37:00+02:00;45.220001220703125;45.220001220703125;45.220001220703125;45.220001220703125;45.220001220703125;5
2024-10-04 14:39:00+02:00;45.25;45.266998291015625;45.25;45.26499938964844;45.26499938964844;563
2024-10-04 14:40:00+02:00;45.25199890136719;45.25199890136719;45.25199890136719;45.25199890136719;45.25199890136719;2
2024-10-04 14:41:00+02:00;45.236000061035156;45.236000061035156;45.224998474121094;45.233001708984375;45.233001708984375;14
2024-10-04 14:42:00+02:00;45.275001525878906;45.275001525878906;45.266998291015625;45.266998291015625;45.266998291015625;10
2024-10-04 14:43:00+02:00;45.29999923706055;45.29999923706055;45.29999923706055;45.29999923706055;45.29999923706055;6
2024-10-04 14:45:00+02:00;45.321998596191406;45.3390007019043;45.321998596191406;45.3390007019043;45.3390007019043;203
2024-10-04 14:46:00+02:00;45.314998626708984;45.354000091552734;45.314998626708984;45.34199905395508;45.34199905395508;106
2024-10-04 14:47:00+02:00;45.35100173950195;45.35100173950195;45.31999969482422;45.31999969482422;45.31999969482422;9
2024-10-04 14:48:00+02:00;45.33000183105469;45.33000183105469;45.33000183105469;45.33000183105469;45.33000183105469;50
2024-10-04 14:49:00+02:00;45.349998474121094;45.349998474121094;45.349998474121094;45.349998474121094;45.349998474121094;1
2024-10-04 14:50:00+02:00;45.33599853515625;45.375;45.33599853515625;45.37300109863281;45.37300109863281;46
2024-10-04 14:52:00+02:00;45.35499954223633;45.35499954223633;45.35499954223633;45.35499954223633;45.35499954223633;5
2024-10-04 14:53:00+02:00;45.39899826049805;45.39899826049805;45.39899826049805;45.39899826049805;45.39899826049805;9
2024-10-04 14:54:00+02:00;45.362998962402344;45.362998962402344;45.362998962402344;45.362998962402344;45.362998962402344;2
2024-10-04 14:57:00+02:00;45.41299819946289;45.41299819946289;45.41299819946289;45.41299819946289;45.41299819946289;10
2024-10-04 14:58:00+02:00;45.4109992980957;45.4109992980957;45.40999984741211;45.40999984741211;45.40999984741211;22
2024-10-04 14:59:00+02:00;45.40299987792969;45.40299987792969;45.40299987792969;45.40299987792969;45.40299987792969;44
2024-10-04 15:01:00+02:00;45.40999984741211;45.42499923706055;45.40999984741211;45.40999984741211;45.40999984741211;22
2024-10-04 15:02:00+02:00;45.40999984741211;45.40999984741211;45.39799880981445;45.39799880981445;45.39799880981445;10
2024-10-04 15:03:00+02:00;45.400001525878906;45.400001525878906;45.400001525878906;45.400001525878906;45.400001525878906;5
2024-10-04 15:04:00+02:00;45.38100051879883;45.38100051879883;45.38100051879883;45.38100051879883;45.38100051879883;1
2024-10-04 15:06:00+02:00;45.36399841308594;45.36399841308594;45.36399841308594;45.36399841308594;45.36399841308594;3
2024-10-04 15:07:00+02:00;45.35499954223633;45.35499954223633;45.33000183105469;45.33000183105469;45.33000183105469;21
2024-10-04 15:08:00+02:00;45.35599899291992;45.35599899291992;45.35300064086914;45.35300064086914;45.35300064086914;28
2024-10-04 15:10:00+02:00;45.36000061035156;45.36000061035156;45.33000183105469;45.33000183105469;45.33000183105469;124
2024-10-04 15:13:00+02:00;45.36899948120117;45.36899948120117;45.36899948120117;45.36899948120117;45.36899948120117;1
2024-10-04 15:15:00+02:00;45.35100173950195;45.35100173950195;45.35100173950195;45.35100173950195;45.35100173950195;10
2024-10-04 15:16:00+02:00;45.34400177001953;45.34400177001953;45.33000183105469;45.33000183105469;45.33000183105469;103
2024-10-04 15:20:00+02:00;45.3650016784668;45.3650016784668;45.3650016784668;45.3650016784668;45.3650016784668;100
2024-10-04 15:21:00+02:00;45.3650016784668;45.3650016784668;45.362998962402344;45.362998962402344;45.362998962402344;156
2024-10-04 15:24:00+02:00;45.369998931884766;45.369998931884766;45.36399841308594;45.36399841308594;45.36399841308594;5
2024-10-04 15:26:00+02:00;45.34299850463867;45.34299850463867;45.34299850463867;45.34299850463867;45.34299850463867;250
2024-10-04 15:27:00+02:00;45.347999572753906;45.347999572753906;45.34400177001953;45.34400177001953;45.34400177001953;580
2024-10-04 15:30:00+02:00;45.36399841308594;45.36399841308594;45.36399841308594;45.36399841308594;45.36399841308594;2
2024-10-04 15:32:00+02:00;45.25400161743164;45.279998779296875;45.25400161743164;45.279998779296875;45.279998779296875;24
2024-10-04 15:33:00+02:00;45.25199890136719;45.27899932861328;45.250999450683594;45.275001525878906;45.275001525878906;543
2024-10-04 15:34:00+02:00;45.28200149536133;45.31999969482422;45.28200149536133;45.31999969482422;45.31999969482422;167
2024-10-04 15:36:00+02:00;45.28900146484375;45.28900146484375;45.275001525878906;45.275001525878906;45.275001525878906;380
2024-10-04 15:38:00+02:00;45.25600051879883;45.2760009765625;45.25600051879883;45.2760009765625;45.2760009765625;49
2024-10-04 15:39:00+02:00;45.29100036621094;45.29100036621094;45.263999938964844;45.263999938964844;45.263999938964844;64
2024-10-04 15:43:00+02:00;45.26599884033203;45.26599884033203;45.26599884033203;45.26599884033203;45.26599884033203;2
2024-10-04 15:44:00+02:00;45.263999938964844;45.263999938964844;45.263999938964844;45.263999938964844;45.263999938964844;22
2024-10-04 15:45:00+02:00;45.2599983215332;45.29800033569336;45.2599983215332;45.29800033569336;45.29800033569336;45
2024-10-04 15:46:00+02:00;45.28300094604492;45.28300094604492;45.26599884033203;45.26599884033203;45.26599884033203;16
2024-10-04 15:48:00+02:00;45.29499816894531;45.29499816894531;45.28900146484375;45.28900146484375;45.28900146484375;24
2024-10-04 15:50:00+02:00;45.279998779296875;45.279998779296875;45.279998779296875;45.279998779296875;45.279998779296875;85
2024-10-04 15:51:00+02:00;45.25299835205078;45.28200149536133;45.231998443603516;45.231998443603516;45.231998443603516;59
2024-10-04 15:52:00+02:00;45.270999908447266;45.270999908447266;45.270999908447266;45.270999908447266;45.270999908447266;4
2024-10-04 15:53:00+02:00;45.25;45.25;45.25;45.25;45.25;1
2024-10-04 15:54:00+02:00;45.24100112915039;45.24100112915039;45.24100112915039;45.24100112915039;45.24100112915039;3
2024-10-04 15:56:00+02:00;45.17499923706055;45.17499923706055;45.17499923706055;45.17499923706055;45.17499923706055;4
2024-10-04 15:57:00+02:00;45.14799880981445;45.150001525878906;45.14799880981445;45.150001525878906;45.150001525878906;51
2024-10-04 15:58:00+02:00;45.15299987792969;45.165000915527344;45.15299987792969;45.165000915527344;45.165000915527344;203
2024-10-04 16:02:00+02:00;45.189998626708984;45.189998626708984;45.189998626708984;45.189998626708984;45.189998626708984;250
2024-10-04 16:03:00+02:00;45.185001373291016;45.185001373291016;45.178001403808594;45.178001403808594;45.178001403808594;9
2024-10-04 16:04:00+02:00;45.178001403808594;45.178001403808594;45.178001403808594;45.178001403808594;45.178001403808594;10
2024-10-04 16:05:00+02:00;45.19300079345703;45.19300079345703;45.19300079345703;45.19300079345703;45.19300079345703;2
2024-10-04 16:07:00+02:00;45.150001525878906;45.150001525878906;45.150001525878906;45.150001525878906;45.150001525878906;2
2024-10-04 16:08:00+02:00;45.150001525878906;45.150001525878906;45.099998474121094;45.099998474121094;45.099998474121094;16
2024-10-04 16:09:00+02:00;45.07600021362305;45.07600021362305;45.05099868774414;45.05099868774414;45.05099868774414;65
2024-10-04 16:10:00+02:00;45.0;45.0;45.0;45.0;45.0;6
2024-10-04 16:11:00+02:00;45.03200149536133;45.03200149536133;45.03200149536133;45.03200149536133;45.03200149536133;10
2024-10-04 16:14:00+02:00;45.06700134277344;45.06700134277344;45.06700134277344;45.06700134277344;45.06700134277344;1
2024-10-04 16:15:00+02:00;45.099998474121094;45.099998474121094;45.099998474121094;45.099998474121094;45.099998474121094;180
2024-10-04 16:16:00+02:00;45.090999603271484;45.090999603271484;45.090999603271484;45.090999603271484;45.090999603271484;36
2024-10-04 16:17:00+02:00;45.15999984741211;45.15999984741211;45.15999984741211;45.15999984741211;45.15999984741211;50
2024-10-04 16:18:00+02:00;45.15800094604492;45.15800094604492;45.15800094604492;45.15800094604492;45.15800094604492;29
2024-10-04 16:19:00+02:00;45.1510009765625;45.15299987792969;45.1510009765625;45.15299987792969;45.15299987792969;113
2024-10-04 16:20:00+02:00;45.12799835205078;45.12799835205078;45.12799835205078;45.12799835205078;45.12799835205078;1
2024-10-04 16:22:00+02:00;45.09600067138672;45.09600067138672;45.09600067138672;45.09600067138672;45.09600067138672;5
2024-10-04 16:23:00+02:00;45.060001373291016;45.060001373291016;45.05500030517578;45.05500030517578;45.05500030517578;27
2024-10-04 16:24:00+02:00;45.05500030517578;45.06700134277344;45.05500030517578;45.06700134277344;45.06700134277344;11
2024-10-04 16:26:00+02:00;45.082000732421875;45.082000732421875;45.082000732421875;45.082000732421875;45.082000732421875;3
2024-10-04 16:31:00+02:00;45.03300094604492;45.0369987487793;44.99599838256836;45.0369987487793;45.0369987487793;2929
2024-10-04 16:32:00+02:00;45.02799987792969;45.02799987792969;45.007999420166016;45.007999420166016;45.007999420166016;60
2024-10-04 16:33:00+02:00;45.02199935913086;45.02199935913086;45.012001037597656;45.020999908447266;45.020999908447266;3505
2024-10-04 16:34:00+02:00;45.03799819946289;45.03799819946289;45.03799819946289;45.03799819946289;45.03799819946289;15
2024-10-04 16:35:00+02:00;45.05400085449219;45.05400085449219;45.05400085449219;45.05400085449219;45.05400085449219;6
2024-10-04 16:36:00+02:00;45.00899887084961;45.03300094604492;45.0;45.0;45.0;3043
2024-10-04 16:37:00+02:00;44.98899841308594;44.98899841308594;44.98899841308594;44.98899841308594;44.98899841308594;4
2024-10-04 16:38:00+02:00;45.04399871826172;45.04399871826172;45.042999267578125;45.042999267578125;45.042999267578125;13
2024-10-04 16:42:00+02:00;45.069000244140625;45.069000244140625;45.069000244140625;45.069000244140625;45.069000244140625;22
2024-10-04 16:43:00+02:00;45.04999923706055;45.064998626708984;45.04999923706055;45.064998626708984;45.064998626708984;10
2024-10-04 16:46:00+02:00;45.066001892089844;45.066001892089844;45.066001892089844;45.066001892089844;45.066001892089844;1
2024-10-04 16:47:00+02:00;45.066001892089844;45.066001892089844;45.05099868774414;45.05099868774414;45.05099868774414;159
2024-10-04 16:49:00+02:00;45.08700180053711;45.08700180053711;45.08700180053711;45.08700180053711;45.08700180053711;3
2024-10-04 16:50:00+02:00;45.0890007019043;45.09000015258789;45.0890007019043;45.09000015258789;45.09000015258789;135
2024-10-04 16:53:00+02:00;45.108001708984375;45.108001708984375;45.108001708984375;45.108001708984375;45.108001708984375;42
2024-10-04 16:54:00+02:00;45.08000183105469;45.08000183105469;45.08000183105469;45.08000183105469;45.08000183105469;1
2024-10-04 16:55:00+02:00;45.11199951171875;45.11199951171875;45.11199951171875;45.11199951171875;45.11199951171875;7
2024-10-04 16:56:00+02:00;45.112998962402344;45.112998962402344;45.111000061035156;45.111000061035156;45.111000061035156;6
2024-10-04 16:57:00+02:00;45.10900115966797;45.10900115966797;45.10900115966797;45.10900115966797;45.10900115966797;6
2024-10-04 17:00:00+02:00;45.14500045776367;45.14500045776367;45.14500045776367;45.14500045776367;45.14500045776367;111
2024-10-04 17:02:00+02:00;45.178001403808594;45.178001403808594;45.178001403808594;45.178001403808594;45.178001403808594;5
2024-10-04 17:06:00+02:00;45.18600082397461;45.18600082397461;45.176998138427734;45.176998138427734;45.176998138427734;229
2024-10-04 17:07:00+02:00;45.19200134277344;45.19200134277344;45.19200134277344;45.19200134277344;45.19200134277344;22
2024-10-04 17:09:00+02:00;45.16999816894531;45.16999816894531;45.16999816894531;45.16999816894531;45.16999816894531;1959
2024-10-04 17:11:00+02:00;45.19300079345703;45.19300079345703;45.19300079345703;45.19300079345703;45.19300079345703;72
2024-10-04 17:12:00+02:00;45.18000030517578;45.18000030517578;45.18000030517578;45.18000030517578;45.18000030517578;10
2024-10-04 17:14:00+02:00;45.141998291015625;45.141998291015625;45.141998291015625;45.141998291015625;45.141998291015625;70
2024-10-04 17:15:00+02:00;45.09000015258789;45.10100173950195;45.09000015258789;45.10100173950195;45.10100173950195;139
2024-10-04 17:16:00+02:00;45.108001708984375;45.108001708984375;45.10200119018555;45.10200119018555;45.10200119018555;81
2024-10-04 17:17:00+02:00;45.13100051879883;45.13100051879883;45.13100051879883;45.13100051879883;45.13100051879883;2
2024-10-04 17:18:00+02:00;45.16600036621094;45.16600036621094;45.16600036621094;45.16600036621094;45.16600036621094;5
2024-10-04 17:20:00+02:00;45.14400100708008;45.14400100708008;45.0890007019043;45.0890007019043;45.0890007019043;5
2024-10-04 17:22:00+02:00;45.08000183105469;45.09000015258789;45.08000183105469;45.09000015258789;45.09000015258789;17
2024-10-04 17:23:00+02:00;45.08000183105469;45.08000183105469;45.08000183105469;45.08000183105469;45.08000183105469;5
2024-10-04 17:25:00+02:00;45.082000732421875;45.08300018310547;45.082000732421875;45.08300018310547;45.08300018310547;6
2024-10-04 17:26:00+02:00;45.08000183105469;45.08000183105469;45.08000183105469;45.08000183105469;45.08000183105469;17
