Datetime;Open;High;Low;Close;Adj Close;Volume
2024-09-12 09:04:00+02:00;43.75199890136719;43.75199890136719;43.75199890136719;43.75199890136719;43.75199890136719;0
2024-09-12 09:07:00+02:00;43.733001708984375;43.73899841308594;43.733001708984375;43.73899841308594;43.73899841308594;47
2024-09-12 09:10:00+02:00;43.72100067138672;43.72100067138672;43.72100067138672;43.72100067138672;43.72100067138672;3
2024-09-12 09:14:00+02:00;43.74399948120117;43.75899887084961;43.74399948120117;43.75899887084961;43.75899887084961;8
2024-09-12 09:15:00+02:00;43.73899841308594;43.7400016784668;43.73899841308594;43.7400016784668;43.7400016784668;10
2024-09-12 09:16:00+02:00;43.73699951171875;43.73699951171875;43.73699951171875;43.73699951171875;43.73699951171875;300
2024-09-12 09:17:00+02:00;43.72200012207031;43.72200012207031;43.72200012207031;43.72200012207031;43.72200012207031;148
2024-09-12 09:19:00+02:00;43.72200012207031;43.72200012207031;43.72200012207031;43.72200012207031;43.72200012207031;13
2024-09-12 09:20:00+02:00;43.73899841308594;43.73899841308594;43.73899841308594;43.73899841308594;43.73899841308594;6
2024-09-12 09:21:00+02:00;43.7400016784668;43.7400016784668;43.7400016784668;43.7400016784668;43.7400016784668;114
2024-09-12 09:22:00+02:00;43.72700119018555;43.72700119018555;43.72700119018555;43.72700119018555;43.72700119018555;3
2024-09-12 09:27:00+02:00;43.76900100708008;43.76900100708008;43.76900100708008;43.76900100708008;43.76900100708008;1
2024-09-12 09:29:00+02:00;43.78799819946289;43.78799819946289;43.76300048828125;43.76300048828125;43.76300048828125;52
2024-09-12 09:34:00+02:00;43.76100158691406;43.76100158691406;43.76100158691406;43.76100158691406;43.76100158691406;55
2024-09-12 09:35:00+02:00;43.75899887084961;43.75899887084961;43.74100112915039;43.757999420166016;43.757999420166016;493
2024-09-12 09:36:00+02:00;43.744998931884766;43.74800109863281;43.744998931884766;43.74800109863281;43.74800109863281;7
2024-09-12 09:37:00+02:00;43.744998931884766;43.744998931884766;43.744998931884766;43.744998931884766;43.744998931884766;115
2024-09-12 09:39:00+02:00;43.7400016784668;43.7400016784668;43.7400016784668;43.7400016784668;43.7400016784668;4
2024-09-12 09:40:00+02:00;43.722999572753906;43.722999572753906;43.722999572753906;43.722999572753906;43.722999572753906;7
2024-09-12 09:42:00+02:00;43.737998962402344;43.737998962402344;43.737998962402344;43.737998962402344;43.737998962402344;1
2024-09-12 09:44:00+02:00;43.729000091552734;43.729000091552734;43.729000091552734;43.729000091552734;43.729000091552734;250
2024-09-12 09:45:00+02:00;43.742000579833984;43.742000579833984;43.7130012512207;43.7130012512207;43.7130012512207;40
2024-09-12 09:46:00+02:00;43.709999084472656;43.709999084472656;43.709999084472656;43.709999084472656;43.709999084472656;30
2024-09-12 09:47:00+02:00;43.74100112915039;43.74100112915039;43.7239990234375;43.7239990234375;43.7239990234375;17
2024-09-12 09:50:00+02:00;43.720001220703125;43.720001220703125;43.720001220703125;43.720001220703125;43.720001220703125;11
2024-09-12 09:54:00+02:00;43.737998962402344;43.737998962402344;43.720001220703125;43.720001220703125;43.720001220703125;11
2024-09-12 09:55:00+02:00;43.70800018310547;43.70800018310547;43.70800018310547;43.70800018310547;43.70800018310547;100
2024-09-12 09:56:00+02:00;43.729000091552734;43.729000091552734;43.709999084472656;43.709999084472656;43.709999084472656;16
2024-09-12 09:57:00+02:00;43.70199966430664;43.70199966430664;43.70000076293945;43.70000076293945;43.70000076293945;87
2024-09-12 09:58:00+02:00;43.70399856567383;43.70399856567383;43.70399856567383;43.70399856567383;43.70399856567383;28
2024-09-12 10:01:00+02:00;43.71200180053711;43.71200180053711;43.71200180053711;43.71200180053711;43.71200180053711;2
2024-09-12 10:02:00+02:00;43.69200134277344;43.702999114990234;43.69200134277344;43.702999114990234;43.702999114990234;40
2024-09-12 10:04:00+02:00;43.70000076293945;43.71699905395508;43.70000076293945;43.71699905395508;43.71699905395508;12
2024-09-12 10:07:00+02:00;43.698001861572266;43.698001861572266;43.698001861572266;43.698001861572266;43.698001861572266;4
2024-09-12 10:13:00+02:00;43.722999572753906;43.722999572753906;43.722999572753906;43.722999572753906;43.722999572753906;11
2024-09-12 10:14:00+02:00;43.698001861572266;43.7140007019043;43.698001861572266;43.7140007019043;43.7140007019043;14
2024-09-12 10:15:00+02:00;43.71500015258789;43.71500015258789;43.71500015258789;43.71500015258789;43.71500015258789;1
2024-09-12 10:19:00+02:00;43.707000732421875;43.707000732421875;43.707000732421875;43.707000732421875;43.707000732421875;130
2024-09-12 10:20:00+02:00;43.709999084472656;43.709999084472656;43.709999084472656;43.709999084472656;43.709999084472656;256
2024-09-12 10:22:00+02:00;43.70199966430664;43.70199966430664;43.70199966430664;43.70199966430664;43.70199966430664;30
2024-09-12 10:23:00+02:00;43.70100021362305;43.70100021362305;43.70100021362305;43.70100021362305;43.70100021362305;4
2024-09-12 10:24:00+02:00;43.70500183105469;43.70500183105469;43.70500183105469;43.70500183105469;43.70500183105469;11
2024-09-12 10:25:00+02:00;43.68000030517578;43.68000030517578;43.68000030517578;43.68000030517578;43.68000030517578;11
2024-09-12 10:31:00+02:00;43.665000915527344;43.665000915527344;43.665000915527344;43.665000915527344;43.665000915527344;7
2024-09-12 10:33:00+02:00;43.68600082397461;43.6870002746582;43.68600082397461;43.6870002746582;43.6870002746582;25
2024-09-12 10:37:00+02:00;43.6870002746582;43.6870002746582;43.6870002746582;43.6870002746582;43.6870002746582;25
2024-09-12 10:41:00+02:00;43.69599914550781;43.69599914550781;43.69599914550781;43.69599914550781;43.69599914550781;22
2024-09-12 10:46:00+02:00;43.6879997253418;43.6879997253418;43.6879997253418;43.6879997253418;43.6879997253418;8
2024-09-12 10:49:00+02:00;43.709999084472656;43.709999084472656;43.709999084472656;43.709999084472656;43.709999084472656;12
2024-09-12 10:52:00+02:00;43.70000076293945;43.71200180053711;43.69200134277344;43.71200180053711;43.71200180053711;1746
2024-09-12 10:53:00+02:00;43.71699905395508;43.71699905395508;43.71699905395508;43.71699905395508;43.71699905395508;34
2024-09-12 10:55:00+02:00;43.7140007019043;43.7140007019043;43.7140007019043;43.7140007019043;43.7140007019043;4
2024-09-12 10:57:00+02:00;43.715999603271484;43.715999603271484;43.71500015258789;43.71500015258789;43.71500015258789;66
2024-09-12 10:59:00+02:00;43.70600128173828;43.707000732421875;43.70600128173828;43.707000732421875;43.707000732421875;56
2024-09-12 11:02:00+02:00;43.70100021362305;43.70100021362305;43.70100021362305;43.70100021362305;43.70100021362305;5
2024-09-12 11:03:00+02:00;43.69900131225586;43.69900131225586;43.69900131225586;43.69900131225586;43.69900131225586;3
2024-09-12 11:05:00+02:00;43.702999114990234;43.702999114990234;43.702999114990234;43.702999114990234;43.702999114990234;11
2024-09-12 11:06:00+02:00;43.6870002746582;43.709999084472656;43.6870002746582;43.709999084472656;43.709999084472656;43
2024-09-12 11:08:00+02:00;43.72800064086914;43.72800064086914;43.72800064086914;43.72800064086914;43.72800064086914;5
2024-09-12 11:13:00+02:00;43.74100112915039;43.74100112915039;43.74100112915039;43.74100112915039;43.74100112915039;2
2024-09-12 11:16:00+02:00;43.71900177001953;43.742000579833984;43.71900177001953;43.742000579833984;43.742000579833984;27
2024-09-12 11:25:00+02:00;43.7400016784668;43.7400016784668;43.7400016784668;43.7400016784668;43.7400016784668;8
2024-09-12 11:27:00+02:00;43.731998443603516;43.731998443603516;43.731998443603516;43.731998443603516;43.731998443603516;114
2024-09-12 11:28:00+02:00;43.72999954223633;43.72999954223633;43.72999954223633;43.72999954223633;43.72999954223633;3
2024-09-12 11:29:00+02:00;43.737998962402344;43.737998962402344;43.737998962402344;43.737998962402344;43.737998962402344;5
2024-09-12 11:30:00+02:00;43.737998962402344;43.7400016784668;43.737998962402344;43.7400016784668;43.7400016784668;73
2024-09-12 11:32:00+02:00;43.73899841308594;43.73899841308594;43.737998962402344;43.737998962402344;43.737998962402344;23
2024-09-12 11:33:00+02:00;43.73500061035156;43.73500061035156;43.73500061035156;43.73500061035156;43.73500061035156;600
2024-09-12 11:34:00+02:00;43.73500061035156;43.73500061035156;43.73500061035156;43.73500061035156;43.73500061035156;3
2024-09-12 11:43:00+02:00;43.73400115966797;43.73400115966797;43.73400115966797;43.73400115966797;43.73400115966797;11
2024-09-12 11:44:00+02:00;43.72999954223633;43.72999954223633;43.72999954223633;43.72999954223633;43.72999954223633;6
2024-09-12 11:47:00+02:00;43.71900177001953;43.71900177001953;43.71900177001953;43.71900177001953;43.71900177001953;10
2024-09-12 11:51:00+02:00;43.70000076293945;43.70000076293945;43.70000076293945;43.70000076293945;43.70000076293945;2
2024-09-12 11:52:00+02:00;43.709999084472656;43.709999084472656;43.709999084472656;43.709999084472656;43.709999084472656;3
2024-09-12 11:53:00+02:00;43.709999084472656;43.709999084472656;43.709999084472656;43.709999084472656;43.709999084472656;45
2024-09-12 11:54:00+02:00;43.709999084472656;43.709999084472656;43.709999084472656;43.709999084472656;43.709999084472656;205
2024-09-12 11:59:00+02:00;43.70000076293945;43.70000076293945;43.70000076293945;43.70000076293945;43.70000076293945;50
2024-09-12 12:02:00+02:00;43.70000076293945;43.70000076293945;43.70000076293945;43.70000076293945;43.70000076293945;9
2024-09-12 12:04:00+02:00;43.70000076293945;43.71799850463867;43.70000076293945;43.71799850463867;43.71799850463867;4
2024-09-12 12:07:00+02:00;43.71200180053711;43.71200180053711;43.71200180053711;43.71200180053711;43.71200180053711;7
2024-09-12 12:09:00+02:00;43.7140007019043;43.7140007019043;43.7140007019043;43.7140007019043;43.7140007019043;25
2024-09-12 12:18:00+02:00;43.69599914550781;43.69599914550781;43.69599914550781;43.69599914550781;43.69599914550781;2
2024-09-12 12:20:00+02:00;43.69300079345703;43.69300079345703;43.69300079345703;43.69300079345703;43.69300079345703;1
2024-09-12 12:21:00+02:00;43.69200134277344;43.69200134277344;43.69200134277344;43.69200134277344;43.69200134277344;4
2024-09-12 12:22:00+02:00;43.66699981689453;43.66699981689453;43.66699981689453;43.66699981689453;43.66699981689453;26
2024-09-12 12:23:00+02:00;43.691001892089844;43.691001892089844;43.691001892089844;43.691001892089844;43.691001892089844;1
2024-09-12 12:24:00+02:00;43.69499969482422;43.69499969482422;43.69499969482422;43.69499969482422;43.69499969482422;3
2024-09-12 12:25:00+02:00;43.694000244140625;43.694000244140625;43.694000244140625;43.694000244140625;43.694000244140625;10
2024-09-12 12:26:00+02:00;43.69200134277344;43.69200134277344;43.69200134277344;43.69200134277344;43.69200134277344;30
2024-09-12 12:27:00+02:00;43.68899917602539;43.68899917602539;43.68899917602539;43.68899917602539;43.68899917602539;10
2024-09-12 12:28:00+02:00;43.6870002746582;43.6870002746582;43.6870002746582;43.6870002746582;43.6870002746582;3
2024-09-12 12:29:00+02:00;43.6870002746582;43.6870002746582;43.6870002746582;43.6870002746582;43.6870002746582;7
2024-09-12 12:30:00+02:00;43.6870002746582;43.6870002746582;43.6870002746582;43.6870002746582;43.6870002746582;10
2024-09-12 12:31:00+02:00;43.70399856567383;43.70399856567383;43.70399856567383;43.70399856567383;43.70399856567383;12
2024-09-12 12:36:00+02:00;43.70000076293945;43.70000076293945;43.70000076293945;43.70000076293945;43.70000076293945;25
2024-09-12 12:43:00+02:00;43.71500015258789;43.71500015258789;43.71500015258789;43.71500015258789;43.71500015258789;13
2024-09-12 12:45:00+02:00;43.71900177001953;43.71900177001953;43.71900177001953;43.71900177001953;43.71900177001953;114
2024-09-12 12:46:00+02:00;43.7140007019043;43.7140007019043;43.7140007019043;43.7140007019043;43.7140007019043;3
2024-09-12 12:47:00+02:00;43.71200180053711;43.71200180053711;43.71200180053711;43.71200180053711;43.71200180053711;10
2024-09-12 12:48:00+02:00;43.709999084472656;43.709999084472656;43.70800018310547;43.70800018310547;43.70800018310547;15
2024-09-12 12:50:00+02:00;43.70399856567383;43.70399856567383;43.689998626708984;43.689998626708984;43.689998626708984;80
2024-09-12 12:51:00+02:00;43.66899871826172;43.66899871826172;43.66899871826172;43.66899871826172;43.66899871826172;13
2024-09-12 12:52:00+02:00;43.667999267578125;43.667999267578125;43.667999267578125;43.667999267578125;43.667999267578125;15
2024-09-12 12:55:00+02:00;43.6870002746582;43.6870002746582;43.6870002746582;43.6870002746582;43.6870002746582;79
2024-09-12 12:57:00+02:00;43.67599868774414;43.67599868774414;43.67599868774414;43.67599868774414;43.67599868774414;71
2024-09-12 12:59:00+02:00;43.69200134277344;43.69200134277344;43.69200134277344;43.69200134277344;43.69200134277344;11
2024-09-12 13:01:00+02:00;43.69200134277344;43.69200134277344;43.69200134277344;43.69200134277344;43.69200134277344;2
2024-09-12 13:06:00+02:00;43.67499923706055;43.67599868774414;43.67499923706055;43.67599868774414;43.67599868774414;139
2024-09-12 13:12:00+02:00;43.68600082397461;43.68600082397461;43.68600082397461;43.68600082397461;43.68600082397461;11
2024-09-12 13:17:00+02:00;43.69300079345703;43.69300079345703;43.69300079345703;43.69300079345703;43.69300079345703;1
2024-09-12 13:18:00+02:00;43.69300079345703;43.69300079345703;43.69300079345703;43.69300079345703;43.69300079345703;1380
2024-09-12 13:23:00+02:00;43.676998138427734;43.676998138427734;43.676998138427734;43.676998138427734;43.676998138427734;8
2024-09-12 13:25:00+02:00;43.6870002746582;43.6870002746582;43.6870002746582;43.6870002746582;43.6870002746582;8
2024-09-12 13:29:00+02:00;43.694000244140625;43.694000244140625;43.694000244140625;43.694000244140625;43.694000244140625;2
2024-09-12 13:30:00+02:00;43.694000244140625;43.694000244140625;43.69200134277344;43.69200134277344;43.69200134277344;67
2024-09-12 13:31:00+02:00;43.68899917602539;43.68899917602539;43.68899917602539;43.68899917602539;43.68899917602539;3
2024-09-12 13:32:00+02:00;43.691001892089844;43.691001892089844;43.691001892089844;43.691001892089844;43.691001892089844;30
2024-09-12 13:38:00+02:00;43.69499969482422;43.69499969482422;43.69200134277344;43.69200134277344;43.69200134277344;15
2024-09-12 13:44:00+02:00;43.70000076293945;43.70000076293945;43.70000076293945;43.70000076293945;43.70000076293945;450
2024-09-12 13:47:00+02:00;43.70399856567383;43.707000732421875;43.70399856567383;43.707000732421875;43.707000732421875;2000
2024-09-12 13:54:00+02:00;43.7140007019043;43.73099899291992;43.7140007019043;43.73099899291992;43.73099899291992;1331
2024-09-12 13:55:00+02:00;43.73099899291992;43.73099899291992;43.73099899291992;43.73099899291992;43.73099899291992;11
2024-09-12 13:57:00+02:00;43.731998443603516;43.731998443603516;43.731998443603516;43.731998443603516;43.731998443603516;4
2024-09-12 13:58:00+02:00;43.731998443603516;43.731998443603516;43.731998443603516;43.731998443603516;43.731998443603516;4
2024-09-12 14:00:00+02:00;43.731998443603516;43.73899841308594;43.731998443603516;43.73899841308594;43.73899841308594;3
2024-09-12 14:03:00+02:00;43.74399948120117;43.74399948120117;43.74399948120117;43.74399948120117;43.74399948120117;7
2024-09-12 14:04:00+02:00;43.74599838256836;43.74599838256836;43.74599838256836;43.74599838256836;43.74599838256836;346
2024-09-12 14:05:00+02:00;43.72999954223633;43.72999954223633;43.72999954223633;43.72999954223633;43.72999954223633;228
2024-09-12 14:21:00+02:00;43.742000579833984;43.742000579833984;43.72999954223633;43.72999954223633;43.72999954223633;16
2024-09-12 14:23:00+02:00;43.72999954223633;43.72999954223633;43.72100067138672;43.72100067138672;43.72100067138672;503
2024-09-12 14:24:00+02:00;43.73099899291992;43.73099899291992;43.73099899291992;43.73099899291992;43.73099899291992;12
2024-09-12 14:26:00+02:00;43.736000061035156;43.736000061035156;43.736000061035156;43.736000061035156;43.736000061035156;12
2024-09-12 14:27:00+02:00;43.729000091552734;43.729000091552734;43.729000091552734;43.729000091552734;43.729000091552734;3
2024-09-12 14:33:00+02:00;43.70100021362305;43.70100021362305;43.70100021362305;43.70100021362305;43.70100021362305;5
2024-09-12 14:34:00+02:00;43.66999816894531;43.66999816894531;43.66999816894531;43.66999816894531;43.66999816894531;3
2024-09-12 14:36:00+02:00;43.659000396728516;43.659000396728516;43.659000396728516;43.659000396728516;43.659000396728516;5
2024-09-12 14:39:00+02:00;43.61000061035156;43.62099838256836;43.61000061035156;43.61800003051758;43.61800003051758;14
2024-09-12 14:42:00+02:00;43.6510009765625;43.6510009765625;43.6510009765625;43.6510009765625;43.6510009765625;10
2024-09-12 14:46:00+02:00;43.69599914550781;43.69599914550781;43.69599914550781;43.69599914550781;43.69599914550781;2
2024-09-12 14:50:00+02:00;43.65299987792969;43.65299987792969;43.65299987792969;43.65299987792969;43.65299987792969;6
2024-09-12 14:51:00+02:00;43.63600158691406;43.63600158691406;43.63600158691406;43.63600158691406;43.63600158691406;10
2024-09-12 14:53:00+02:00;43.650001525878906;43.650001525878906;43.650001525878906;43.650001525878906;43.650001525878906;2
2024-09-12 15:06:00+02:00;43.64899826049805;43.64899826049805;43.64899826049805;43.64899826049805;43.64899826049805;7
2024-09-12 15:10:00+02:00;43.599998474121094;43.599998474121094;43.599998474121094;43.599998474121094;43.599998474121094;9
2024-09-12 15:18:00+02:00;43.625999450683594;43.625999450683594;43.58399963378906;43.58399963378906;43.58399963378906;25
2024-09-12 15:21:00+02:00;43.624000549316406;43.624000549316406;43.624000549316406;43.624000549316406;43.624000549316406;3
2024-09-12 15:26:00+02:00;43.61000061035156;43.61000061035156;43.61000061035156;43.61000061035156;43.61000061035156;2
2024-09-12 15:31:00+02:00;43.558998107910156;43.573001861572266;43.558998107910156;43.573001861572266;43.573001861572266;6
2024-09-12 15:32:00+02:00;43.56700134277344;43.56700134277344;43.56700134277344;43.56700134277344;43.56700134277344;50
2024-09-12 15:33:00+02:00;43.55799865722656;43.582000732421875;43.55799865722656;43.582000732421875;43.582000732421875;9
2024-09-12 15:36:00+02:00;43.604000091552734;43.608001708984375;43.604000091552734;43.608001708984375;43.608001708984375;62
2024-09-12 15:38:00+02:00;43.624000549316406;43.624000549316406;43.608001708984375;43.608001708984375;43.608001708984375;4
2024-09-12 15:39:00+02:00;43.56999969482422;43.56999969482422;43.56999969482422;43.56999969482422;43.56999969482422;2
2024-09-12 15:43:00+02:00;43.54399871826172;43.54399871826172;43.54399871826172;43.54399871826172;43.54399871826172;582
2024-09-12 15:46:00+02:00;43.55500030517578;43.55500030517578;43.525001525878906;43.525001525878906;43.525001525878906;585
2024-09-12 15:47:00+02:00;43.5;43.5;43.5;43.5;43.5;6
2024-09-12 15:48:00+02:00;43.439998626708984;43.46900177001953;43.439998626708984;43.46900177001953;43.46900177001953;627
2024-09-12 15:50:00+02:00;43.393001556396484;43.393001556396484;43.393001556396484;43.393001556396484;43.393001556396484;582
2024-09-12 15:51:00+02:00;43.435001373291016;43.435001373291016;43.43000030517578;43.43000030517578;43.43000030517578;85
2024-09-12 15:52:00+02:00;43.45800018310547;43.45800018310547;43.45800018310547;43.45800018310547;43.45800018310547;582
2024-09-12 15:54:00+02:00;43.47200012207031;43.47200012207031;43.47200012207031;43.47200012207031;43.47200012207031;5
2024-09-12 15:56:00+02:00;43.486000061035156;43.486000061035156;43.486000061035156;43.486000061035156;43.486000061035156;5
2024-09-12 15:58:00+02:00;43.47600173950195;43.481998443603516;43.47600173950195;43.481998443603516;43.481998443603516;300
2024-09-12 15:59:00+02:00;43.46799850463867;43.47600173950195;43.46799850463867;43.47600173950195;43.47600173950195;472
2024-09-12 16:01:00+02:00;43.49800109863281;43.49800109863281;43.49800109863281;43.49800109863281;43.49800109863281;70
2024-09-12 16:02:00+02:00;43.49100112915039;43.49100112915039;43.49100112915039;43.49100112915039;43.49100112915039;3
2024-09-12 16:05:00+02:00;43.47700119018555;43.47700119018555;43.47700119018555;43.47700119018555;43.47700119018555;5
2024-09-12 16:07:00+02:00;43.4630012512207;43.483001708984375;43.4630012512207;43.483001708984375;43.483001708984375;3
2024-09-12 16:08:00+02:00;43.47200012207031;43.47200012207031;43.47200012207031;43.47200012207031;43.47200012207031;7
2024-09-12 16:10:00+02:00;43.51300048828125;43.51300048828125;43.51300048828125;43.51300048828125;43.51300048828125;3
2024-09-12 16:12:00+02:00;43.56700134277344;43.56700134277344;43.56700134277344;43.56700134277344;43.56700134277344;135
2024-09-12 16:17:00+02:00;43.63999938964844;43.63999938964844;43.63999938964844;43.63999938964844;43.63999938964844;7
2024-09-12 16:18:00+02:00;43.64400100708008;43.64400100708008;43.64400100708008;43.64400100708008;43.64400100708008;7
2024-09-12 16:19:00+02:00;43.64400100708008;43.64400100708008;43.64400100708008;43.64400100708008;43.64400100708008;4
2024-09-12 16:23:00+02:00;43.65399932861328;43.65399932861328;43.650001525878906;43.650001525878906;43.650001525878906;45
2024-09-12 16:25:00+02:00;43.64500045776367;43.64500045776367;43.64500045776367;43.64500045776367;43.64500045776367;2
2024-09-12 16:26:00+02:00;43.64799880981445;43.64799880981445;43.64799880981445;43.64799880981445;43.64799880981445;1
2024-09-12 16:28:00+02:00;43.638999938964844;43.638999938964844;43.638999938964844;43.638999938964844;43.638999938964844;10
2024-09-12 16:29:00+02:00;43.632999420166016;43.632999420166016;43.632999420166016;43.632999420166016;43.632999420166016;3
2024-09-12 16:30:00+02:00;43.64500045776367;43.64500045776367;43.63999938964844;43.64099884033203;43.64099884033203;80
2024-09-12 16:33:00+02:00;43.64799880981445;43.65599822998047;43.64799880981445;43.65599822998047;43.65599822998047;1934
2024-09-12 16:35:00+02:00;43.599998474121094;43.599998474121094;43.599998474121094;43.599998474121094;43.599998474121094;20
2024-09-12 16:42:00+02:00;43.62200164794922;43.62200164794922;43.62200164794922;43.62200164794922;43.62200164794922;5
2024-09-12 16:43:00+02:00;43.599998474121094;43.599998474121094;43.599998474121094;43.599998474121094;43.599998474121094;15
2024-09-12 16:47:00+02:00;43.59199905395508;43.59199905395508;43.59199905395508;43.59199905395508;43.59199905395508;10
2024-09-12 16:48:00+02:00;43.577999114990234;43.577999114990234;43.577999114990234;43.577999114990234;43.577999114990234;163
2024-09-12 16:49:00+02:00;43.59700012207031;43.59700012207031;43.577999114990234;43.59600067138672;43.59600067138672;17
2024-09-12 16:52:00+02:00;43.57899856567383;43.57899856567383;43.57899856567383;43.57899856567383;43.57899856567383;70
2024-09-12 17:00:00+02:00;43.520999908447266;43.520999908447266;43.520999908447266;43.520999908447266;43.520999908447266;21
2024-09-12 17:01:00+02:00;43.52000045776367;43.52000045776367;43.52000045776367;43.52000045776367;43.52000045776367;10
2024-09-12 17:03:00+02:00;43.56999969482422;43.56999969482422;43.56999969482422;43.56999969482422;43.56999969482422;100
2024-09-12 17:04:00+02:00;43.58599853515625;43.58599853515625;43.58000183105469;43.58000183105469;43.58000183105469;158
2024-09-12 17:05:00+02:00;43.608001708984375;43.61000061035156;43.584999084472656;43.584999084472656;43.584999084472656;13
2024-09-12 17:06:00+02:00;43.58700180053711;43.58700180053711;43.58700180053711;43.58700180053711;43.58700180053711;582
2024-09-12 17:10:00+02:00;43.582000732421875;43.582000732421875;43.582000732421875;43.582000732421875;43.582000732421875;9
2024-09-12 17:11:00+02:00;43.63399887084961;43.63399887084961;43.63399887084961;43.63399887084961;43.63399887084961;100
2024-09-12 17:12:00+02:00;43.654998779296875;43.654998779296875;43.654998779296875;43.654998779296875;43.654998779296875;57
2024-09-12 17:17:00+02:00;43.61399841308594;43.61399841308594;43.61399841308594;43.61399841308594;43.61399841308594;1
2024-09-12 17:19:00+02:00;43.63800048828125;43.650001525878906;43.63800048828125;43.650001525878906;43.650001525878906;6
2024-09-12 17:22:00+02:00;43.599998474121094;43.599998474121094;43.599998474121094;43.599998474121094;43.599998474121094;1
2024-09-12 17:23:00+02:00;43.62200164794922;43.62200164794922;43.62200164794922;43.62200164794922;43.62200164794922;50
2024-09-12 17:26:00+02:00;43.58000183105469;43.58000183105469;43.58000183105469;43.58000183105469;43.58000183105469;1
2024-09-12 17:27:00+02:00;43.61800003051758;43.61800003051758;43.61800003051758;43.61800003051758;43.61800003051758;25
2024-09-12 17:28:00+02:00;43.630001068115234;43.630001068115234;43.630001068115234;43.630001068115234;43.630001068115234;5
2024-09-12 17:29:00+02:00;43.61000061035156;43.61000061035156;43.57099914550781;43.57099914550781;43.57099914550781;100
