Datetime;Open;High;Low;Close;Adj Close;Volume
2024-10-10 09:04:00+02:00;45.84199905395508;45.84199905395508;45.84000015258789;45.84199905395508;45.84199905395508;0
2024-10-10 09:05:00+02:00;45.84199905395508;45.84299850463867;45.84199905395508;45.84299850463867;45.84299850463867;130
2024-10-10 09:07:00+02:00;45.8390007019043;45.8390007019043;45.8390007019043;45.8390007019043;45.8390007019043;1
2024-10-10 09:08:00+02:00;45.8390007019043;45.8390007019043;45.8390007019043;45.8390007019043;45.8390007019043;7
2024-10-10 09:09:00+02:00;45.82899856567383;45.82899856567383;45.82899856567383;45.82899856567383;45.82899856567383;12
2024-10-10 09:10:00+02:00;45.82500076293945;45.82500076293945;45.82500076293945;45.82500076293945;45.82500076293945;27
2024-10-10 09:12:00+02:00;45.82400131225586;45.82500076293945;45.82400131225586;45.82500076293945;45.82500076293945;416
2024-10-10 09:13:00+02:00;45.82699966430664;45.82699966430664;45.82699966430664;45.82699966430664;45.82699966430664;10
2024-10-10 09:14:00+02:00;45.82600021362305;45.82600021362305;45.82600021362305;45.82600021362305;45.82600021362305;10
2024-10-10 09:15:00+02:00;45.82400131225586;45.82400131225586;45.82400131225586;45.82400131225586;45.82400131225586;9
2024-10-10 09:16:00+02:00;45.819000244140625;45.819000244140625;45.80400085449219;45.80400085449219;45.80400085449219;105
2024-10-10 09:18:00+02:00;45.823001861572266;45.823001861572266;45.823001861572266;45.823001861572266;45.823001861572266;102
2024-10-10 09:19:00+02:00;45.81999969482422;45.81999969482422;45.81999969482422;45.81999969482422;45.81999969482422;29
2024-10-10 09:20:00+02:00;45.823001861572266;45.823001861572266;45.823001861572266;45.823001861572266;45.823001861572266;50
2024-10-10 09:21:00+02:00;45.821998596191406;45.821998596191406;45.821998596191406;45.821998596191406;45.821998596191406;60
2024-10-10 09:23:00+02:00;45.82400131225586;45.82400131225586;45.82099914550781;45.82099914550781;45.82099914550781;18
2024-10-10 09:24:00+02:00;45.814998626708984;45.81999969482422;45.814998626708984;45.81999969482422;45.81999969482422;11
2024-10-10 09:25:00+02:00;45.819000244140625;45.81999969482422;45.819000244140625;45.81999969482422;45.81999969482422;23
2024-10-10 09:28:00+02:00;45.810001373291016;45.81399917602539;45.810001373291016;45.81399917602539;45.81399917602539;15
2024-10-10 09:29:00+02:00;45.79999923706055;45.79999923706055;45.79999923706055;45.79999923706055;45.79999923706055;88
2024-10-10 09:30:00+02:00;45.79399871826172;45.80099868774414;45.79399871826172;45.80099868774414;45.80099868774414;2297
2024-10-10 09:31:00+02:00;45.779998779296875;45.779998779296875;45.779998779296875;45.779998779296875;45.779998779296875;14
2024-10-10 09:33:00+02:00;45.78099822998047;45.78099822998047;45.78099822998047;45.78099822998047;45.78099822998047;1
2024-10-10 09:35:00+02:00;45.77000045776367;45.77000045776367;45.77000045776367;45.77000045776367;45.77000045776367;22
2024-10-10 09:36:00+02:00;45.77299880981445;45.775001525878906;45.75899887084961;45.775001525878906;45.775001525878906;76
2024-10-10 09:37:00+02:00;45.78099822998047;45.78099822998047;45.779998779296875;45.779998779296875;45.779998779296875;9
2024-10-10 09:38:00+02:00;45.78499984741211;45.78499984741211;45.78499984741211;45.78499984741211;45.78499984741211;5
2024-10-10 09:40:00+02:00;45.77199935913086;45.77199935913086;45.77199935913086;45.77199935913086;45.77199935913086;46
2024-10-10 09:42:00+02:00;45.77000045776367;45.77000045776367;45.77000045776367;45.77000045776367;45.77000045776367;3
2024-10-10 09:43:00+02:00;45.770999908447266;45.770999908447266;45.770999908447266;45.770999908447266;45.770999908447266;4
2024-10-10 09:44:00+02:00;45.77000045776367;45.77000045776367;45.77000045776367;45.77000045776367;45.77000045776367;3
2024-10-10 09:45:00+02:00;45.76100158691406;45.76100158691406;45.76100158691406;45.76100158691406;45.76100158691406;67
2024-10-10 09:46:00+02:00;45.76100158691406;45.76100158691406;45.76100158691406;45.76100158691406;45.76100158691406;10
2024-10-10 09:47:00+02:00;45.762001037597656;45.762001037597656;45.762001037597656;45.762001037597656;45.762001037597656;22
2024-10-10 09:48:00+02:00;45.76100158691406;45.76100158691406;45.76100158691406;45.76100158691406;45.76100158691406;22
2024-10-10 09:49:00+02:00;45.76300048828125;45.76300048828125;45.76300048828125;45.76300048828125;45.76300048828125;21
2024-10-10 09:51:00+02:00;45.76900100708008;45.76900100708008;45.76900100708008;45.76900100708008;45.76900100708008;10
2024-10-10 09:52:00+02:00;45.77000045776367;45.77000045776367;45.77000045776367;45.77000045776367;45.77000045776367;2294
2024-10-10 09:54:00+02:00;45.779998779296875;45.779998779296875;45.779998779296875;45.779998779296875;45.779998779296875;100
2024-10-10 09:55:00+02:00;45.777000427246094;45.777000427246094;45.775001525878906;45.775001525878906;45.775001525878906;9
2024-10-10 09:56:00+02:00;45.775001525878906;45.775001525878906;45.775001525878906;45.775001525878906;45.775001525878906;274
2024-10-10 09:57:00+02:00;45.78200149536133;45.78200149536133;45.78200149536133;45.78200149536133;45.78200149536133;100
2024-10-10 09:59:00+02:00;45.784000396728516;45.784000396728516;45.784000396728516;45.784000396728516;45.784000396728516;45
2024-10-10 10:00:00+02:00;45.78499984741211;45.78499984741211;45.78499984741211;45.78499984741211;45.78499984741211;3
2024-10-10 10:01:00+02:00;45.77199935913086;45.78499984741211;45.77199935913086;45.78499984741211;45.78499984741211;37
2024-10-10 10:03:00+02:00;45.797000885009766;45.797000885009766;45.797000885009766;45.797000885009766;45.797000885009766;21
2024-10-10 10:04:00+02:00;45.79899978637695;45.79899978637695;45.79800033569336;45.79800033569336;45.79800033569336;20
2024-10-10 10:05:00+02:00;45.797000885009766;45.797000885009766;45.797000885009766;45.797000885009766;45.797000885009766;2
2024-10-10 10:08:00+02:00;45.810001373291016;45.810001373291016;45.810001373291016;45.810001373291016;45.810001373291016;200
2024-10-10 10:11:00+02:00;45.81399917602539;45.81399917602539;45.81399917602539;45.81399917602539;45.81399917602539;11
2024-10-10 10:12:00+02:00;45.80699920654297;45.80699920654297;45.80699920654297;45.80699920654297;45.80699920654297;29
2024-10-10 10:13:00+02:00;45.79899978637695;45.80799865722656;45.79899978637695;45.80799865722656;45.80799865722656;130
2024-10-10 10:16:00+02:00;45.816001892089844;45.816001892089844;45.816001892089844;45.816001892089844;45.816001892089844;31
2024-10-10 10:19:00+02:00;45.81999969482422;45.832000732421875;45.81999969482422;45.832000732421875;45.832000732421875;40
2024-10-10 10:21:00+02:00;45.81999969482422;45.81999969482422;45.81999969482422;45.81999969482422;45.81999969482422;15
2024-10-10 10:22:00+02:00;45.82899856567383;45.82899856567383;45.82899856567383;45.82899856567383;45.82899856567383;1
2024-10-10 10:23:00+02:00;45.82600021362305;45.82600021362305;45.82600021362305;45.82600021362305;45.82600021362305;7
2024-10-10 10:24:00+02:00;45.823001861572266;45.823001861572266;45.823001861572266;45.823001861572266;45.823001861572266;3
2024-10-10 10:27:00+02:00;45.819000244140625;45.819000244140625;45.81399917602539;45.81399917602539;45.81399917602539;15
2024-10-10 10:28:00+02:00;45.81700134277344;45.81700134277344;45.81700134277344;45.81700134277344;45.81700134277344;1
2024-10-10 10:30:00+02:00;45.82699966430664;45.82699966430664;45.82699966430664;45.82699966430664;45.82699966430664;8
2024-10-10 10:33:00+02:00;45.82600021362305;45.82600021362305;45.82600021362305;45.82600021362305;45.82600021362305;100
2024-10-10 10:34:00+02:00;45.827999114990234;45.827999114990234;45.82699966430664;45.82699966430664;45.82699966430664;10
2024-10-10 10:36:00+02:00;45.81999969482422;45.81999969482422;45.81999969482422;45.81999969482422;45.81999969482422;3
2024-10-10 10:37:00+02:00;45.821998596191406;45.821998596191406;45.821998596191406;45.821998596191406;45.821998596191406;3
2024-10-10 10:38:00+02:00;45.819000244140625;45.819000244140625;45.819000244140625;45.819000244140625;45.819000244140625;2
2024-10-10 10:39:00+02:00;45.816001892089844;45.816001892089844;45.816001892089844;45.816001892089844;45.816001892089844;21
2024-10-10 10:40:00+02:00;45.81399917602539;45.81399917602539;45.80799865722656;45.80799865722656;45.80799865722656;12
2024-10-10 10:41:00+02:00;45.79999923706055;45.801998138427734;45.79499816894531;45.79499816894531;45.79499816894531;268
2024-10-10 10:42:00+02:00;45.79999923706055;45.80400085449219;45.79800033569336;45.80400085449219;45.80400085449219;22
2024-10-10 10:43:00+02:00;45.79999923706055;45.79999923706055;45.79999923706055;45.79999923706055;45.79999923706055;2
2024-10-10 10:46:00+02:00;45.790000915527344;45.8129997253418;45.790000915527344;45.8129997253418;45.8129997253418;8
2024-10-10 10:48:00+02:00;45.790000915527344;45.790000915527344;45.784000396728516;45.784000396728516;45.784000396728516;35
2024-10-10 10:49:00+02:00;45.80799865722656;45.80799865722656;45.80799865722656;45.80799865722656;45.80799865722656;1
2024-10-10 10:50:00+02:00;45.80799865722656;45.80799865722656;45.7869987487793;45.7869987487793;45.7869987487793;18
2024-10-10 10:51:00+02:00;45.78900146484375;45.8129997253418;45.78900146484375;45.8129997253418;45.8129997253418;27
2024-10-10 10:53:00+02:00;45.8129997253418;45.8129997253418;45.790000915527344;45.80699920654297;45.80699920654297;57
2024-10-10 10:58:00+02:00;45.79999923706055;45.79999923706055;45.79999923706055;45.79999923706055;45.79999923706055;3
2024-10-10 10:59:00+02:00;45.79999923706055;45.81399917602539;45.79999923706055;45.81399917602539;45.81399917602539;20
2024-10-10 11:00:00+02:00;45.8129997253418;45.8129997253418;45.8129997253418;45.8129997253418;45.8129997253418;3
2024-10-10 11:01:00+02:00;45.8120002746582;45.8120002746582;45.8120002746582;45.8120002746582;45.8120002746582;7
2024-10-10 11:02:00+02:00;45.8129997253418;45.8129997253418;45.8129997253418;45.8129997253418;45.8129997253418;5
2024-10-10 11:03:00+02:00;45.8129997253418;45.8129997253418;45.81100082397461;45.81100082397461;45.81100082397461;104
2024-10-10 11:04:00+02:00;45.790000915527344;45.790000915527344;45.784000396728516;45.784000396728516;45.784000396728516;9
2024-10-10 11:05:00+02:00;45.8129997253418;45.8129997253418;45.79999923706055;45.79999923706055;45.79999923706055;62
2024-10-10 11:06:00+02:00;45.8129997253418;45.8129997253418;45.8129997253418;45.8129997253418;45.8129997253418;1
2024-10-10 11:10:00+02:00;45.78499984741211;45.78499984741211;45.78499984741211;45.78499984741211;45.78499984741211;30
2024-10-10 11:11:00+02:00;45.8129997253418;45.8129997253418;45.81100082397461;45.81100082397461;45.81100082397461;523
2024-10-10 11:15:00+02:00;45.82500076293945;45.82500076293945;45.82500076293945;45.82500076293945;45.82500076293945;8
2024-10-10 11:17:00+02:00;45.82500076293945;45.82500076293945;45.810001373291016;45.81999969482422;45.81999969482422;105
2024-10-10 11:18:00+02:00;45.81700134277344;45.81700134277344;45.814998626708984;45.814998626708984;45.814998626708984;45
2024-10-10 11:19:00+02:00;45.79999923706055;45.79999923706055;45.79999923706055;45.79999923706055;45.79999923706055;3
2024-10-10 11:20:00+02:00;45.81100082397461;45.81100082397461;45.81100082397461;45.81100082397461;45.81100082397461;5
2024-10-10 11:21:00+02:00;45.81100082397461;45.81100082397461;45.79999923706055;45.79999923706055;45.79999923706055;65
2024-10-10 11:22:00+02:00;45.79999923706055;45.814998626708984;45.79999923706055;45.814998626708984;45.814998626708984;31
2024-10-10 11:24:00+02:00;45.81999969482422;45.81999969482422;45.81999969482422;45.81999969482422;45.81999969482422;4
2024-10-10 11:25:00+02:00;45.814998626708984;45.814998626708984;45.814998626708984;45.814998626708984;45.814998626708984;1
2024-10-10 11:26:00+02:00;45.8129997253418;45.8129997253418;45.8129997253418;45.8129997253418;45.8129997253418;3
2024-10-10 11:28:00+02:00;45.81399917602539;45.81399917602539;45.81399917602539;45.81399917602539;45.81399917602539;2
2024-10-10 11:30:00+02:00;45.819000244140625;45.819000244140625;45.819000244140625;45.819000244140625;45.819000244140625;17
2024-10-10 11:31:00+02:00;45.834999084472656;45.834999084472656;45.834999084472656;45.834999084472656;45.834999084472656;1
2024-10-10 11:33:00+02:00;45.83300018310547;45.83300018310547;45.83300018310547;45.83300018310547;45.83300018310547;3
2024-10-10 11:38:00+02:00;45.83399963378906;45.83399963378906;45.83399963378906;45.83399963378906;45.83399963378906;25
2024-10-10 11:39:00+02:00;45.82699966430664;45.82699966430664;45.80699920654297;45.823001861572266;45.823001861572266;236
2024-10-10 11:43:00+02:00;45.83399963378906;45.83399963378906;45.83399963378906;45.83399963378906;45.83399963378906;3
2024-10-10 11:44:00+02:00;45.80400085449219;45.82500076293945;45.80400085449219;45.82500076293945;45.82500076293945;72
2024-10-10 11:49:00+02:00;45.81800079345703;45.81800079345703;45.81800079345703;45.81800079345703;45.81800079345703;1
2024-10-10 11:50:00+02:00;45.81700134277344;45.81700134277344;45.803001403808594;45.803001403808594;45.803001403808594;161
2024-10-10 11:51:00+02:00;45.805999755859375;45.805999755859375;45.805999755859375;45.805999755859375;45.805999755859375;2
2024-10-10 11:52:00+02:00;45.823001861572266;45.823001861572266;45.82099914550781;45.82099914550781;45.82099914550781;60
2024-10-10 11:53:00+02:00;45.81999969482422;45.81999969482422;45.81999969482422;45.81999969482422;45.81999969482422;10
2024-10-10 11:55:00+02:00;45.82500076293945;45.82500076293945;45.82400131225586;45.82400131225586;45.82400131225586;55
2024-10-10 11:56:00+02:00;45.823001861572266;45.823001861572266;45.823001861572266;45.823001861572266;45.823001861572266;11
2024-10-10 11:58:00+02:00;45.80799865722656;45.80799865722656;45.80799865722656;45.80799865722656;45.80799865722656;276
2024-10-10 12:00:00+02:00;45.827999114990234;45.827999114990234;45.827999114990234;45.827999114990234;45.827999114990234;10
2024-10-10 12:02:00+02:00;45.82600021362305;45.82600021362305;45.82600021362305;45.82600021362305;45.82600021362305;10
2024-10-10 12:03:00+02:00;45.82500076293945;45.82500076293945;45.82500076293945;45.82500076293945;45.82500076293945;4
2024-10-10 12:04:00+02:00;45.827999114990234;45.82899856567383;45.827999114990234;45.827999114990234;45.827999114990234;8
2024-10-10 12:05:00+02:00;45.82600021362305;45.82600021362305;45.82600021362305;45.82600021362305;45.82600021362305;5
2024-10-10 12:06:00+02:00;45.83399963378906;45.834999084472656;45.83399963378906;45.834999084472656;45.834999084472656;29
2024-10-10 12:07:00+02:00;45.82600021362305;45.82600021362305;45.82600021362305;45.82600021362305;45.82600021362305;3
2024-10-10 12:08:00+02:00;45.83300018310547;45.83300018310547;45.83300018310547;45.83300018310547;45.83300018310547;2
2024-10-10 12:10:00+02:00;45.83000183105469;45.83000183105469;45.83000183105469;45.83000183105469;45.83000183105469;4
2024-10-10 12:12:00+02:00;45.832000732421875;45.832000732421875;45.83000183105469;45.83000183105469;45.83000183105469;18
2024-10-10 12:13:00+02:00;45.83000183105469;45.83000183105469;45.83000183105469;45.83000183105469;45.83000183105469;1
2024-10-10 12:14:00+02:00;45.82899856567383;45.82899856567383;45.827999114990234;45.827999114990234;45.827999114990234;28
2024-10-10 12:16:00+02:00;45.827999114990234;45.827999114990234;45.827999114990234;45.827999114990234;45.827999114990234;7
2024-10-10 12:17:00+02:00;45.82699966430664;45.82699966430664;45.82699966430664;45.82699966430664;45.82699966430664;10
2024-10-10 12:18:00+02:00;45.82699966430664;45.82699966430664;45.81999969482422;45.81999969482422;45.81999969482422;13
2024-10-10 12:19:00+02:00;45.823001861572266;45.823001861572266;45.823001861572266;45.823001861572266;45.823001861572266;4
2024-10-10 12:20:00+02:00;45.821998596191406;45.821998596191406;45.81399917602539;45.81399917602539;45.81399917602539;8
2024-10-10 12:21:00+02:00;45.81800079345703;45.81800079345703;45.81800079345703;45.81800079345703;45.81800079345703;22
2024-10-10 12:23:00+02:00;45.819000244140625;45.819000244140625;45.819000244140625;45.819000244140625;45.819000244140625;10
2024-10-10 12:28:00+02:00;45.823001861572266;45.823001861572266;45.823001861572266;45.823001861572266;45.823001861572266;2
2024-10-10 12:29:00+02:00;45.82099914550781;45.82099914550781;45.82099914550781;45.82099914550781;45.82099914550781;40
2024-10-10 12:30:00+02:00;45.8129997253418;45.8129997253418;45.79399871826172;45.79399871826172;45.79399871826172;412
2024-10-10 12:31:00+02:00;45.80500030517578;45.80500030517578;45.80500030517578;45.80500030517578;45.80500030517578;46
2024-10-10 12:32:00+02:00;45.81100082397461;45.81100082397461;45.81100082397461;45.81100082397461;45.81100082397461;10
2024-10-10 12:33:00+02:00;45.8129997253418;45.8129997253418;45.8129997253418;45.8129997253418;45.8129997253418;4
2024-10-10 12:34:00+02:00;45.814998626708984;45.814998626708984;45.814998626708984;45.814998626708984;45.814998626708984;65
2024-10-10 12:36:00+02:00;45.82500076293945;45.82500076293945;45.82500076293945;45.82500076293945;45.82500076293945;3
2024-10-10 12:37:00+02:00;45.80500030517578;45.80500030517578;45.80500030517578;45.80500030517578;45.80500030517578;26
2024-10-10 12:39:00+02:00;45.80400085449219;45.80400085449219;45.80400085449219;45.80400085449219;45.80400085449219;8
2024-10-10 12:41:00+02:00;45.81800079345703;45.81800079345703;45.81399917602539;45.81399917602539;45.81399917602539;26
2024-10-10 12:43:00+02:00;45.816001892089844;45.816001892089844;45.816001892089844;45.816001892089844;45.816001892089844;30
2024-10-10 12:44:00+02:00;45.79999923706055;45.79999923706055;45.79999923706055;45.79999923706055;45.79999923706055;10
2024-10-10 12:46:00+02:00;45.79999923706055;45.79999923706055;45.79999923706055;45.79999923706055;45.79999923706055;10
2024-10-10 12:47:00+02:00;45.801998138427734;45.801998138427734;45.79999923706055;45.79999923706055;45.79999923706055;5
2024-10-10 12:48:00+02:00;45.801998138427734;45.801998138427734;45.801998138427734;45.801998138427734;45.801998138427734;3
2024-10-10 12:50:00+02:00;45.79600143432617;45.79600143432617;45.79600143432617;45.79600143432617;45.79600143432617;3
2024-10-10 12:51:00+02:00;45.79600143432617;45.79600143432617;45.79600143432617;45.79600143432617;45.79600143432617;2
2024-10-10 12:52:00+02:00;45.790000915527344;45.790000915527344;45.790000915527344;45.790000915527344;45.790000915527344;9
2024-10-10 12:53:00+02:00;45.80799865722656;45.80799865722656;45.80799865722656;45.80799865722656;45.80799865722656;3
2024-10-10 12:54:00+02:00;45.80500030517578;45.80500030517578;45.801998138427734;45.801998138427734;45.801998138427734;6
2024-10-10 12:55:00+02:00;45.779998779296875;45.779998779296875;45.779998779296875;45.779998779296875;45.779998779296875;18
2024-10-10 12:56:00+02:00;45.79100036621094;45.79100036621094;45.79100036621094;45.79100036621094;45.79100036621094;3
2024-10-10 12:57:00+02:00;45.78900146484375;45.78900146484375;45.78900146484375;45.78900146484375;45.78900146484375;4
2024-10-10 12:59:00+02:00;45.7859992980957;45.7859992980957;45.77000045776367;45.77000045776367;45.77000045776367;188
2024-10-10 13:00:00+02:00;45.779998779296875;45.779998779296875;45.779998779296875;45.779998779296875;45.779998779296875;10
2024-10-10 13:02:00+02:00;45.78099822998047;45.78099822998047;45.78099822998047;45.78099822998047;45.78099822998047;2
2024-10-10 13:03:00+02:00;45.779998779296875;45.779998779296875;45.779998779296875;45.779998779296875;45.779998779296875;12
2024-10-10 13:06:00+02:00;45.78099822998047;45.78099822998047;45.77899932861328;45.77899932861328;45.77899932861328;39
2024-10-10 13:07:00+02:00;45.78099822998047;45.78099822998047;45.78099822998047;45.78099822998047;45.78099822998047;3
2024-10-10 13:09:00+02:00;45.78099822998047;45.78099822998047;45.78099822998047;45.78099822998047;45.78099822998047;2
2024-10-10 13:11:00+02:00;45.78099822998047;45.78099822998047;45.78099822998047;45.78099822998047;45.78099822998047;12
2024-10-10 13:12:00+02:00;45.77000045776367;45.775001525878906;45.77000045776367;45.775001525878906;45.775001525878906;51
2024-10-10 13:14:00+02:00;45.7760009765625;45.7760009765625;45.7760009765625;45.7760009765625;45.7760009765625;3
2024-10-10 13:15:00+02:00;45.77899932861328;45.77899932861328;45.77899932861328;45.77899932861328;45.77899932861328;2
2024-10-10 13:16:00+02:00;45.78499984741211;45.79100036621094;45.78499984741211;45.79100036621094;45.79100036621094;29
2024-10-10 13:18:00+02:00;45.80500030517578;45.80500030517578;45.80500030517578;45.80500030517578;45.80500030517578;4
2024-10-10 13:19:00+02:00;45.801998138427734;45.80699920654297;45.801998138427734;45.80699920654297;45.80699920654297;2
2024-10-10 13:22:00+02:00;45.808998107910156;45.808998107910156;45.808998107910156;45.808998107910156;45.808998107910156;250
2024-10-10 13:24:00+02:00;45.810001373291016;45.8129997253418;45.810001373291016;45.8129997253418;45.8129997253418;7
2024-10-10 13:25:00+02:00;45.814998626708984;45.819000244140625;45.814998626708984;45.819000244140625;45.819000244140625;31
2024-10-10 13:27:00+02:00;45.816001892089844;45.816001892089844;45.816001892089844;45.816001892089844;45.816001892089844;8
2024-10-10 13:28:00+02:00;45.814998626708984;45.814998626708984;45.8129997253418;45.8129997253418;45.8129997253418;129
2024-10-10 13:30:00+02:00;45.814998626708984;45.81700134277344;45.814998626708984;45.81700134277344;45.81700134277344;53
2024-10-10 13:32:00+02:00;45.816001892089844;45.816001892089844;45.816001892089844;45.816001892089844;45.816001892089844;2
2024-10-10 13:33:00+02:00;45.816001892089844;45.816001892089844;45.816001892089844;45.816001892089844;45.816001892089844;4
2024-10-10 13:39:00+02:00;45.84000015258789;45.84000015258789;45.84000015258789;45.84000015258789;45.84000015258789;2
2024-10-10 13:40:00+02:00;45.8390007019043;45.8390007019043;45.8390007019043;45.8390007019043;45.8390007019043;20
2024-10-10 13:41:00+02:00;45.84000015258789;45.84000015258789;45.84000015258789;45.84000015258789;45.84000015258789;2
2024-10-10 13:44:00+02:00;45.84000015258789;45.847999572753906;45.84000015258789;45.847999572753906;45.847999572753906;133
2024-10-10 13:45:00+02:00;45.84600067138672;45.84600067138672;45.84600067138672;45.84600067138672;45.84600067138672;3
2024-10-10 13:47:00+02:00;45.84600067138672;45.84600067138672;45.84600067138672;45.84600067138672;45.84600067138672;22
2024-10-10 13:50:00+02:00;45.840999603271484;45.840999603271484;45.840999603271484;45.840999603271484;45.840999603271484;4
2024-10-10 13:53:00+02:00;45.840999603271484;45.840999603271484;45.840999603271484;45.840999603271484;45.840999603271484;3
2024-10-10 13:54:00+02:00;45.845001220703125;45.845001220703125;45.84299850463867;45.84299850463867;45.84299850463867;5
2024-10-10 13:56:00+02:00;45.84000015258789;45.84000015258789;45.82500076293945;45.82500076293945;45.82500076293945;24
2024-10-10 13:58:00+02:00;45.84199905395508;45.84199905395508;45.84199905395508;45.84199905395508;45.84199905395508;3
2024-10-10 14:02:00+02:00;45.85100173950195;45.85100173950195;45.85100173950195;45.85100173950195;45.85100173950195;15
2024-10-10 14:03:00+02:00;45.845001220703125;45.845001220703125;45.84299850463867;45.84299850463867;45.84299850463867;25
2024-10-10 14:05:00+02:00;45.84299850463867;45.867000579833984;45.84299850463867;45.8650016784668;45.8650016784668;69
2024-10-10 14:06:00+02:00;45.862998962402344;45.862998962402344;45.862998962402344;45.862998962402344;45.862998962402344;125
2024-10-10 14:07:00+02:00;45.85900115966797;45.86399841308594;45.858001708984375;45.86399841308594;45.86399841308594;10
2024-10-10 14:11:00+02:00;45.875;45.875;45.875;45.875;45.875;4
2024-10-10 14:12:00+02:00;45.86899948120117;45.86899948120117;45.86899948120117;45.86899948120117;45.86899948120117;2
2024-10-10 14:14:00+02:00;45.867000579833984;45.867000579833984;45.867000579833984;45.867000579833984;45.867000579833984;22
2024-10-10 14:16:00+02:00;45.86000061035156;45.86000061035156;45.86000061035156;45.86000061035156;45.86000061035156;1
2024-10-10 14:18:00+02:00;45.856998443603516;45.86000061035156;45.856998443603516;45.86000061035156;45.86000061035156;3
2024-10-10 14:21:00+02:00;45.847999572753906;45.847999572753906;45.847999572753906;45.847999572753906;45.847999572753906;2
2024-10-10 14:22:00+02:00;45.856998443603516;45.856998443603516;45.856998443603516;45.856998443603516;45.856998443603516;10
2024-10-10 14:27:00+02:00;45.82600021362305;45.82600021362305;45.82600021362305;45.82600021362305;45.82600021362305;5
2024-10-10 14:29:00+02:00;45.86399841308594;45.86399841308594;45.86399841308594;45.86399841308594;45.86399841308594;10
2024-10-10 14:30:00+02:00;45.803001403808594;45.803001403808594;45.73899841308594;45.73899841308594;45.73899841308594;564
2024-10-10 14:31:00+02:00;45.81800079345703;45.81800079345703;45.81800079345703;45.81800079345703;45.81800079345703;20
2024-10-10 14:32:00+02:00;45.77199935913086;45.77199935913086;45.70500183105469;45.70500183105469;45.70500183105469;7442
2024-10-10 14:33:00+02:00;45.72600173950195;45.72600173950195;45.72600173950195;45.72600173950195;45.72600173950195;487
2024-10-10 14:35:00+02:00;45.75199890136719;45.75199890136719;45.75199890136719;45.75199890136719;45.75199890136719;9
2024-10-10 14:36:00+02:00;45.74100112915039;45.75600051879883;45.74100112915039;45.75600051879883;45.75600051879883;22
2024-10-10 14:37:00+02:00;45.74100112915039;45.74100112915039;45.74100112915039;45.74100112915039;45.74100112915039;4
2024-10-10 14:38:00+02:00;45.777000427246094;45.777000427246094;45.777000427246094;45.777000427246094;45.777000427246094;1
2024-10-10 14:39:00+02:00;45.75600051879883;45.75600051879883;45.755001068115234;45.755001068115234;45.755001068115234;14
2024-10-10 14:42:00+02:00;45.70600128173828;45.70600128173828;45.70000076293945;45.70000076293945;45.70000076293945;122
2024-10-10 14:43:00+02:00;45.70000076293945;45.70000076293945;45.70000076293945;45.70000076293945;45.70000076293945;10
2024-10-10 14:46:00+02:00;45.722999572753906;45.722999572753906;45.70000076293945;45.709999084472656;45.709999084472656;69
2024-10-10 14:48:00+02:00;45.7239990234375;45.7239990234375;45.7239990234375;45.7239990234375;45.7239990234375;22
2024-10-10 14:52:00+02:00;45.69200134277344;45.69200134277344;45.69200134277344;45.69200134277344;45.69200134277344;3
2024-10-10 14:54:00+02:00;45.650001525878906;45.650001525878906;45.650001525878906;45.650001525878906;45.650001525878906;20
2024-10-10 14:55:00+02:00;45.6879997253418;45.6879997253418;45.6879997253418;45.6879997253418;45.6879997253418;3
2024-10-10 14:58:00+02:00;45.680999755859375;45.680999755859375;45.67900085449219;45.67900085449219;45.67900085449219;164
2024-10-10 14:59:00+02:00;45.680999755859375;45.680999755859375;45.680999755859375;45.680999755859375;45.680999755859375;3
2024-10-10 15:05:00+02:00;45.70800018310547;45.70800018310547;45.70199966430664;45.70199966430664;45.70199966430664;55
2024-10-10 15:06:00+02:00;45.71099853515625;45.71099853515625;45.71099853515625;45.71099853515625;45.71099853515625;100
2024-10-10 15:07:00+02:00;45.71099853515625;45.71099853515625;45.70399856567383;45.70399856567383;45.70399856567383;425
2024-10-10 15:09:00+02:00;45.680999755859375;45.680999755859375;45.680999755859375;45.680999755859375;45.680999755859375;10
2024-10-10 15:10:00+02:00;45.68000030517578;45.68000030517578;45.68000030517578;45.68000030517578;45.68000030517578;30
2024-10-10 15:11:00+02:00;45.68299865722656;45.68299865722656;45.68299865722656;45.68299865722656;45.68299865722656;30
2024-10-10 15:13:00+02:00;45.702999114990234;45.702999114990234;45.702999114990234;45.702999114990234;45.702999114990234;487
2024-10-10 15:14:00+02:00;45.685001373291016;45.70399856567383;45.685001373291016;45.70399856567383;45.70399856567383;105
2024-10-10 15:15:00+02:00;45.70600128173828;45.70600128173828;45.70600128173828;45.70600128173828;45.70600128173828;487
2024-10-10 15:16:00+02:00;45.70600128173828;45.70600128173828;45.70600128173828;45.70600128173828;45.70600128173828;35
2024-10-10 15:17:00+02:00;45.702999114990234;45.702999114990234;45.702999114990234;45.702999114990234;45.702999114990234;40
2024-10-10 15:20:00+02:00;45.68899917602539;45.694000244140625;45.68899917602539;45.694000244140625;45.694000244140625;1607
2024-10-10 15:23:00+02:00;45.67900085449219;45.67900085449219;45.6609992980957;45.6609992980957;45.6609992980957;60
2024-10-10 15:25:00+02:00;45.689998626708984;45.689998626708984;45.689998626708984;45.689998626708984;45.689998626708984;355
2024-10-10 15:26:00+02:00;45.68600082397461;45.68600082397461;45.66400146484375;45.68000030517578;45.68000030517578;72
2024-10-10 15:29:00+02:00;45.71900177001953;45.71900177001953;45.71900177001953;45.71900177001953;45.71900177001953;235
2024-10-10 15:30:00+02:00;45.715999603271484;45.715999603271484;45.715999603271484;45.715999603271484;45.715999603271484;3
2024-10-10 15:32:00+02:00;45.733001708984375;45.733001708984375;45.733001708984375;45.733001708984375;45.733001708984375;1
2024-10-10 15:34:00+02:00;45.71500015258789;45.72800064086914;45.71500015258789;45.72800064086914;45.72800064086914;2299
2024-10-10 15:35:00+02:00;45.720001220703125;45.720001220703125;45.720001220703125;45.720001220703125;45.720001220703125;7
2024-10-10 15:36:00+02:00;45.70000076293945;45.70000076293945;45.70000076293945;45.70000076293945;45.70000076293945;4
2024-10-10 15:37:00+02:00;45.70800018310547;45.70800018310547;45.70800018310547;45.70800018310547;45.70800018310547;131
2024-10-10 15:38:00+02:00;45.69900131225586;45.69900131225586;45.69599914550781;45.69599914550781;45.69599914550781;6
2024-10-10 15:40:00+02:00;45.70399856567383;45.70399856567383;45.70399856567383;45.70399856567383;45.70399856567383;2294
2024-10-10 15:41:00+02:00;45.691001892089844;45.70000076293945;45.691001892089844;45.70000076293945;45.70000076293945;2298
2024-10-10 15:44:00+02:00;45.724998474121094;45.72800064086914;45.724998474121094;45.724998474121094;45.724998474121094;1036
2024-10-10 15:45:00+02:00;45.724998474121094;45.724998474121094;45.724998474121094;45.724998474121094;45.724998474121094;15
2024-10-10 15:46:00+02:00;45.70000076293945;45.70000076293945;45.70000076293945;45.70000076293945;45.70000076293945;10
2024-10-10 15:47:00+02:00;45.7130012512207;45.7130012512207;45.68000030517578;45.68000030517578;45.68000030517578;21
2024-10-10 15:48:00+02:00;45.6879997253418;45.68899917602539;45.68000030517578;45.68899917602539;45.68899917602539;40
2024-10-10 15:50:00+02:00;45.650001525878906;45.654998779296875;45.650001525878906;45.654998779296875;45.654998779296875;2410
2024-10-10 15:51:00+02:00;45.689998626708984;45.689998626708984;45.689998626708984;45.689998626708984;45.689998626708984;10
2024-10-10 15:52:00+02:00;45.683998107910156;45.683998107910156;45.683998107910156;45.683998107910156;45.683998107910156;2294
2024-10-10 15:54:00+02:00;45.71699905395508;45.71699905395508;45.71699905395508;45.71699905395508;45.71699905395508;22
2024-10-10 15:58:00+02:00;45.7760009765625;45.7760009765625;45.7760009765625;45.7760009765625;45.7760009765625;11
2024-10-10 15:59:00+02:00;45.75;45.75;45.71699905395508;45.71699905395508;45.71699905395508;6
2024-10-10 16:00:00+02:00;45.73500061035156;45.73500061035156;45.722999572753906;45.722999572753906;45.722999572753906;53
2024-10-10 16:04:00+02:00;45.75;45.75;45.75;45.75;45.75;16
2024-10-10 16:07:00+02:00;45.75600051879883;45.775001525878906;45.75299835205078;45.775001525878906;45.775001525878906;2305
2024-10-10 16:08:00+02:00;45.792999267578125;45.792999267578125;45.792999267578125;45.792999267578125;45.792999267578125;105
2024-10-10 16:09:00+02:00;45.8120002746582;45.8120002746582;45.8120002746582;45.8120002746582;45.8120002746582;3
2024-10-10 16:13:00+02:00;45.80699920654297;45.80699920654297;45.790000915527344;45.790000915527344;45.790000915527344;37
2024-10-10 16:16:00+02:00;45.790000915527344;45.790000915527344;45.78300094604492;45.78300094604492;45.78300094604492;2298
2024-10-10 16:18:00+02:00;45.797000885009766;45.797000885009766;45.797000885009766;45.797000885009766;45.797000885009766;3
2024-10-10 16:20:00+02:00;45.7760009765625;45.7760009765625;45.7760009765625;45.7760009765625;45.7760009765625;2294
2024-10-10 16:22:00+02:00;45.78499984741211;45.78499984741211;45.78499984741211;45.78499984741211;45.78499984741211;110
2024-10-10 16:25:00+02:00;45.797000885009766;45.797000885009766;45.797000885009766;45.797000885009766;45.797000885009766;13
2024-10-10 16:26:00+02:00;45.79499816894531;45.801998138427734;45.79499816894531;45.801998138427734;45.801998138427734;2303
2024-10-10 16:27:00+02:00;45.79499816894531;45.83000183105469;45.79499816894531;45.83000183105469;45.83000183105469;277
2024-10-10 16:29:00+02:00;45.810001373291016;45.8129997253418;45.810001373291016;45.8129997253418;45.8129997253418;2305
2024-10-10 16:32:00+02:00;45.83399963378906;45.83399963378906;45.83399963378906;45.83399963378906;45.83399963378906;44
2024-10-10 16:33:00+02:00;45.82500076293945;45.82500076293945;45.82500076293945;45.82500076293945;45.82500076293945;22
2024-10-10 16:34:00+02:00;45.82899856567383;45.82899856567383;45.816001892089844;45.816001892089844;45.816001892089844;67
2024-10-10 16:35:00+02:00;45.83599853515625;45.83599853515625;45.83599853515625;45.83599853515625;45.83599853515625;8
2024-10-10 16:36:00+02:00;45.816001892089844;45.82400131225586;45.810001373291016;45.82400131225586;45.82400131225586;2315
2024-10-10 16:37:00+02:00;45.85300064086914;45.85300064086914;45.85300064086914;45.85300064086914;45.85300064086914;100
2024-10-10 16:39:00+02:00;45.84199905395508;45.84700012207031;45.84199905395508;45.84700012207031;45.84700012207031;105
2024-10-10 16:40:00+02:00;45.84299850463867;45.84299850463867;45.83700180053711;45.83700180053711;45.83700180053711;28
2024-10-10 16:41:00+02:00;45.83700180053711;45.83700180053711;45.83700180053711;45.83700180053711;45.83700180053711;21
2024-10-10 16:45:00+02:00;45.8380012512207;45.85599899291992;45.8380012512207;45.85599899291992;45.85599899291992;379
2024-10-10 16:47:00+02:00;45.849998474121094;45.849998474121094;45.849998474121094;45.849998474121094;45.849998474121094;5
2024-10-10 16:48:00+02:00;45.86000061035156;45.86000061035156;45.849998474121094;45.849998474121094;45.849998474121094;695
2024-10-10 16:49:00+02:00;45.832000732421875;45.832000732421875;45.81999969482422;45.81999969482422;45.81999969482422;7
2024-10-10 16:50:00+02:00;45.82600021362305;45.82600021362305;45.82600021362305;45.82600021362305;45.82600021362305;151
2024-10-10 16:51:00+02:00;45.810001373291016;45.810001373291016;45.810001373291016;45.810001373291016;45.810001373291016;4
2024-10-10 16:52:00+02:00;45.810001373291016;45.810001373291016;45.80099868774414;45.80099868774414;45.80099868774414;20
2024-10-10 16:53:00+02:00;45.78200149536133;45.78200149536133;45.779998779296875;45.779998779296875;45.779998779296875;12
2024-10-10 16:54:00+02:00;45.77199935913086;45.77199935913086;45.77199935913086;45.77199935913086;45.77199935913086;2294
2024-10-10 17:00:00+02:00;45.7859992980957;45.7859992980957;45.7859992980957;45.7859992980957;45.7859992980957;30
2024-10-10 17:01:00+02:00;45.7760009765625;45.7760009765625;45.7760009765625;45.7760009765625;45.7760009765625;10
2024-10-10 17:02:00+02:00;45.775001525878906;45.775001525878906;45.775001525878906;45.775001525878906;45.775001525878906;33
2024-10-10 17:04:00+02:00;45.79199981689453;45.79199981689453;45.79199981689453;45.79199981689453;45.79199981689453;10
2024-10-10 17:08:00+02:00;45.845001220703125;45.845001220703125;45.845001220703125;45.845001220703125;45.845001220703125;5
2024-10-10 17:09:00+02:00;45.83300018310547;45.83300018310547;45.83300018310547;45.83300018310547;45.83300018310547;436
2024-10-10 17:11:00+02:00;45.85100173950195;45.85100173950195;45.85100173950195;45.85100173950195;45.85100173950195;3
2024-10-10 17:12:00+02:00;45.845001220703125;45.845001220703125;45.845001220703125;45.845001220703125;45.845001220703125;11
2024-10-10 17:18:00+02:00;45.84400177001953;45.84400177001953;45.84400177001953;45.84400177001953;45.84400177001953;3
2024-10-10 17:22:00+02:00;45.83700180053711;45.83700180053711;45.83700180053711;45.83700180053711;45.83700180053711;5
2024-10-10 17:23:00+02:00;45.84400177001953;45.84400177001953;45.84400177001953;45.84400177001953;45.84400177001953;4
2024-10-10 17:25:00+02:00;45.821998596191406;45.821998596191406;45.821998596191406;45.821998596191406;45.821998596191406;20
2024-10-10 17:26:00+02:00;45.84299850463867;45.84299850463867;45.840999603271484;45.84299850463867;45.84299850463867;82
