Datetime;Open;High;Low;Close;Adj Close;Volume
2024-12-16 09:04:00+01:00;49.95399856567383;49.959999084472656;49.94900131225586;49.959999084472656;49.959999084472656;0
2024-12-16 09:05:00+01:00;49.97100067138672;49.97100067138672;49.97100067138672;49.97100067138672;49.97100067138672;2
2024-12-16 09:06:00+01:00;49.970001220703125;49.970001220703125;49.96500015258789;49.96500015258789;49.96500015258789;145
2024-12-16 09:07:00+01:00;49.9630012512207;49.9630012512207;49.959999084472656;49.96200180053711;49.96200180053711;118
2024-12-16 09:08:00+01:00;49.96200180053711;49.965999603271484;49.94200134277344;49.965999603271484;49.965999603271484;82
2024-12-16 09:10:00+01:00;49.970001220703125;49.97600173950195;49.970001220703125;49.97600173950195;49.97600173950195;43
2024-12-16 09:11:00+01:00;49.974998474121094;49.974998474121094;49.94900131225586;49.970001220703125;49.970001220703125;1005
2024-12-16 09:12:00+01:00;49.9739990234375;49.9739990234375;49.9739990234375;49.9739990234375;49.9739990234375;10
2024-12-16 09:13:00+01:00;49.97999954223633;49.97999954223633;49.97999954223633;49.97999954223633;49.97999954223633;1
2024-12-16 09:14:00+01:00;49.99700164794922;50.0;49.99700164794922;50.0;50.0;201
2024-12-16 09:15:00+01:00;49.97999954223633;49.97999954223633;49.97700119018555;49.97700119018555;49.97700119018555;33
2024-12-16 09:16:00+01:00;49.970001220703125;49.970001220703125;49.970001220703125;49.970001220703125;49.970001220703125;2
2024-12-16 09:17:00+01:00;49.95000076293945;49.970001220703125;49.95000076293945;49.96699905395508;49.96699905395508;17
2024-12-16 09:18:00+01:00;49.98099899291992;49.98099899291992;49.98099899291992;49.98099899291992;49.98099899291992;11
2024-12-16 09:19:00+01:00;49.974998474121094;49.974998474121094;49.972999572753906;49.972999572753906;49.972999572753906;37
2024-12-16 09:20:00+01:00;49.97700119018555;49.97700119018555;49.97200012207031;49.97200012207031;49.97200012207031;106
2024-12-16 09:21:00+01:00;49.970001220703125;49.970001220703125;49.959999084472656;49.96699905395508;49.96699905395508;239
2024-12-16 09:22:00+01:00;49.9630012512207;49.96500015258789;49.9630012512207;49.96500015258789;49.96500015258789;45
2024-12-16 09:23:00+01:00;49.95899963378906;49.96900177001953;49.95899963378906;49.96900177001953;49.96900177001953;23
2024-12-16 09:24:00+01:00;49.9640007019043;49.97100067138672;49.9640007019043;49.97100067138672;49.97100067138672;103
2024-12-16 09:26:00+01:00;49.96200180053711;49.96200180053711;49.96200180053711;49.96200180053711;49.96200180053711;13
2024-12-16 09:27:00+01:00;49.95000076293945;49.95600128173828;49.95000076293945;49.95600128173828;49.95600128173828;34
2024-12-16 09:28:00+01:00;49.959999084472656;49.959999084472656;49.959999084472656;49.959999084472656;49.959999084472656;419
2024-12-16 09:29:00+01:00;49.957000732421875;49.957000732421875;49.957000732421875;49.957000732421875;49.957000732421875;4
2024-12-16 09:30:00+01:00;49.93000030517578;49.9379997253418;49.900001525878906;49.900001525878906;49.900001525878906;578
2024-12-16 09:31:00+01:00;49.915000915527344;49.915000915527344;49.915000915527344;49.915000915527344;49.915000915527344;22
2024-12-16 09:32:00+01:00;49.88999938964844;49.917999267578125;49.88999938964844;49.917999267578125;49.917999267578125;254
2024-12-16 09:33:00+01:00;49.917999267578125;49.917999267578125;49.917999267578125;49.917999267578125;49.917999267578125;219
2024-12-16 09:34:00+01:00;49.89099884033203;49.922000885009766;49.89099884033203;49.922000885009766;49.922000885009766;23
2024-12-16 09:35:00+01:00;49.91699981689453;49.91699981689453;49.915000915527344;49.915000915527344;49.915000915527344;10
2024-12-16 09:36:00+01:00;49.930999755859375;49.930999755859375;49.930999755859375;49.930999755859375;49.930999755859375;4
2024-12-16 09:37:00+01:00;49.91999816894531;49.91999816894531;49.91999816894531;49.91999816894531;49.91999816894531;4
2024-12-16 09:39:00+01:00;49.91400146484375;49.91400146484375;49.90700149536133;49.90700149536133;49.90700149536133;201
2024-12-16 09:40:00+01:00;49.89699935913086;49.89699935913086;49.88999938964844;49.89699935913086;49.89699935913086;241
2024-12-16 09:41:00+01:00;49.89799880981445;49.90700149536133;49.89799880981445;49.90700149536133;49.90700149536133;50
2024-12-16 09:42:00+01:00;49.9119987487793;49.935001373291016;49.9109992980957;49.926998138427734;49.926998138427734;14495
2024-12-16 09:43:00+01:00;49.93000030517578;49.939998626708984;49.93000030517578;49.939998626708984;49.939998626708984;257
2024-12-16 09:44:00+01:00;49.93199920654297;49.948001861572266;49.93199920654297;49.948001861572266;49.948001861572266;7
2024-12-16 09:45:00+01:00;49.944000244140625;49.944000244140625;49.944000244140625;49.944000244140625;49.944000244140625;39
2024-12-16 09:46:00+01:00;49.95399856567383;49.95899963378906;49.95399856567383;49.95899963378906;49.95899963378906;24
2024-12-16 09:48:00+01:00;49.970001220703125;49.970001220703125;49.939998626708984;49.94499969482422;49.94499969482422;272
2024-12-16 09:49:00+01:00;49.94499969482422;49.94499969482422;49.93899917602539;49.93899917602539;49.93899917602539;37
2024-12-16 09:51:00+01:00;49.9379997253418;49.9379997253418;49.9379997253418;49.9379997253418;49.9379997253418;1
2024-12-16 09:52:00+01:00;49.92599868774414;49.948001861572266;49.92599868774414;49.948001861572266;49.948001861572266;2426
2024-12-16 09:53:00+01:00;49.939998626708984;49.939998626708984;49.939998626708984;49.939998626708984;49.939998626708984;6
2024-12-16 09:54:00+01:00;49.95399856567383;49.95399856567383;49.952999114990234;49.952999114990234;49.952999114990234;30
2024-12-16 09:56:00+01:00;49.96699905395508;49.96699905395508;49.95500183105469;49.95500183105469;49.95500183105469;111
2024-12-16 09:57:00+01:00;49.95000076293945;49.95000076293945;49.95000076293945;49.95000076293945;49.95000076293945;34
2024-12-16 09:58:00+01:00;49.95600128173828;49.95600128173828;49.95600128173828;49.95600128173828;49.95600128173828;30
2024-12-16 09:59:00+01:00;49.952999114990234;49.95600128173828;49.952999114990234;49.95600128173828;49.95600128173828;7
2024-12-16 10:00:00+01:00;49.939998626708984;49.939998626708984;49.93000030517578;49.9370002746582;49.9370002746582;87
2024-12-16 10:01:00+01:00;49.94499969482422;49.94499969482422;49.94499969482422;49.94499969482422;49.94499969482422;171
2024-12-16 10:05:00+01:00;49.93600082397461;49.93600082397461;49.93600082397461;49.93600082397461;49.93600082397461;87
2024-12-16 10:06:00+01:00;49.9370002746582;49.939998626708984;49.93000030517578;49.939998626708984;49.939998626708984;105
2024-12-16 10:07:00+01:00;49.93299865722656;49.93299865722656;49.93199920654297;49.93199920654297;49.93199920654297;8
2024-12-16 10:08:00+01:00;49.94499969482422;49.94499969482422;49.94499969482422;49.94499969482422;49.94499969482422;8
2024-12-16 10:09:00+01:00;49.922000885009766;49.933998107910156;49.91899871826172;49.91899871826172;49.91899871826172;1095
2024-12-16 10:10:00+01:00;49.92599868774414;49.928001403808594;49.91999816894531;49.91999816894531;49.91999816894531;737
2024-12-16 10:11:00+01:00;49.92499923706055;49.92499923706055;49.92399978637695;49.92399978637695;49.92399978637695;409
2024-12-16 10:12:00+01:00;49.92300033569336;49.93000030517578;49.92300033569336;49.93000030517578;49.93000030517578;9
2024-12-16 10:13:00+01:00;49.92100143432617;49.92100143432617;49.90800094604492;49.90800094604492;49.90800094604492;53
2024-12-16 10:14:00+01:00;49.91899871826172;49.92900085449219;49.91899871826172;49.92900085449219;49.92900085449219;501
2024-12-16 10:15:00+01:00;49.92900085449219;49.92900085449219;49.926998138427734;49.926998138427734;49.926998138427734;15
2024-12-16 10:16:00+01:00;49.935001373291016;49.935001373291016;49.928001403808594;49.928001403808594;49.928001403808594;226
2024-12-16 10:17:00+01:00;49.93199920654297;49.93199920654297;49.93199920654297;49.93199920654297;49.93199920654297;9
2024-12-16 10:19:00+01:00;49.9370002746582;49.94200134277344;49.9370002746582;49.939998626708984;49.939998626708984;45
2024-12-16 10:20:00+01:00;49.9379997253418;49.9379997253418;49.935001373291016;49.935001373291016;49.935001373291016;87
2024-12-16 10:22:00+01:00;49.94900131225586;49.95399856567383;49.94900131225586;49.95399856567383;49.95399856567383;20
2024-12-16 10:23:00+01:00;49.95100021362305;49.95100021362305;49.95000076293945;49.95000076293945;49.95000076293945;5
2024-12-16 10:24:00+01:00;49.95000076293945;49.95000076293945;49.95000076293945;49.95000076293945;49.95000076293945;90
2024-12-16 10:26:00+01:00;49.928001403808594;49.95000076293945;49.928001403808594;49.95000076293945;49.95000076293945;50
2024-12-16 10:27:00+01:00;49.95000076293945;49.95399856567383;49.930999755859375;49.95399856567383;49.95399856567383;17
2024-12-16 10:28:00+01:00;49.952999114990234;49.95600128173828;49.95000076293945;49.95600128173828;49.95600128173828;30
2024-12-16 10:30:00+01:00;49.95600128173828;49.95600128173828;49.95100021362305;49.95100021362305;49.95100021362305;11
2024-12-16 10:31:00+01:00;49.95000076293945;49.95100021362305;49.95000076293945;49.95100021362305;49.95100021362305;202
2024-12-16 10:32:00+01:00;49.95500183105469;49.95500183105469;49.95500183105469;49.95500183105469;49.95500183105469;5
2024-12-16 10:34:00+01:00;49.95500183105469;49.95500183105469;49.94300079345703;49.94300079345703;49.94300079345703;30
2024-12-16 10:36:00+01:00;49.933998107910156;49.946998596191406;49.933998107910156;49.946998596191406;49.946998596191406;209
2024-12-16 10:37:00+01:00;49.9640007019043;49.97100067138672;49.9640007019043;49.97100067138672;49.97100067138672;89
2024-12-16 10:38:00+01:00;49.96900177001953;49.9739990234375;49.96900177001953;49.972999572753906;49.972999572753906;52
2024-12-16 10:39:00+01:00;49.97100067138672;49.974998474121094;49.97100067138672;49.974998474121094;49.974998474121094;6
2024-12-16 10:40:00+01:00;49.97600173950195;49.97700119018555;49.97600173950195;49.97700119018555;49.97700119018555;3
2024-12-16 10:41:00+01:00;49.979000091552734;49.979000091552734;49.979000091552734;49.979000091552734;49.979000091552734;4
2024-12-16 10:43:00+01:00;49.979000091552734;49.97999954223633;49.979000091552734;49.97999954223633;49.97999954223633;223
2024-12-16 10:44:00+01:00;49.992000579833984;50.000999450683594;49.992000579833984;50.000999450683594;50.000999450683594;471
2024-12-16 10:45:00+01:00;49.99100112915039;49.99100112915039;49.97999954223633;49.97999954223633;49.97999954223633;208
2024-12-16 10:46:00+01:00;49.98400115966797;49.98500061035156;49.98400115966797;49.98500061035156;49.98500061035156;13
2024-12-16 10:47:00+01:00;49.98500061035156;49.98500061035156;49.98500061035156;49.98500061035156;49.98500061035156;3
2024-12-16 10:48:00+01:00;49.98400115966797;49.98400115966797;49.981998443603516;49.981998443603516;49.981998443603516;48
2024-12-16 10:49:00+01:00;49.99399948120117;49.99800109863281;49.99100112915039;49.99100112915039;49.99100112915039;323
2024-12-16 10:50:00+01:00;49.983001708984375;49.983001708984375;49.983001708984375;49.983001708984375;49.983001708984375;1
2024-12-16 10:52:00+01:00;49.98699951171875;49.98699951171875;49.98699951171875;49.98699951171875;49.98699951171875;49
2024-12-16 10:53:00+01:00;50.00600051879883;50.01100158691406;50.00600051879883;50.01100158691406;50.01100158691406;38
2024-12-16 10:54:00+01:00;50.013999938964844;50.013999938964844;50.013999938964844;50.013999938964844;50.013999938964844;100
2024-12-16 10:55:00+01:00;50.00600051879883;50.00600051879883;50.0;50.000999450683594;50.000999450683594;26
2024-12-16 10:56:00+01:00;50.0;50.0;50.0;50.0;50.0;86
2024-12-16 10:57:00+01:00;49.9900016784668;49.99599838256836;49.9900016784668;49.99599838256836;49.99599838256836;62
2024-12-16 10:58:00+01:00;50.00299835205078;50.00299835205078;50.00299835205078;50.00299835205078;50.00299835205078;8
2024-12-16 10:59:00+01:00;50.00600051879883;50.00899887084961;50.00600051879883;50.00899887084961;50.00899887084961;42
2024-12-16 11:00:00+01:00;50.02000045776367;50.02000045776367;50.0099983215332;50.0099983215332;50.0099983215332;85
2024-12-16 11:01:00+01:00;50.01900100708008;50.02199935913086;50.01900100708008;50.02000045776367;50.02000045776367;18
2024-12-16 11:02:00+01:00;50.00899887084961;50.00899887084961;50.00899887084961;50.00899887084961;50.00899887084961;26
2024-12-16 11:03:00+01:00;50.02000045776367;50.02000045776367;50.02000045776367;50.02000045776367;50.02000045776367;6
2024-12-16 11:04:00+01:00;50.01900100708008;50.02299880981445;50.01900100708008;50.02299880981445;50.02299880981445;275
2024-12-16 11:05:00+01:00;50.02199935913086;50.02199935913086;50.020999908447266;50.020999908447266;50.020999908447266;244
2024-12-16 11:06:00+01:00;50.029998779296875;50.03499984741211;50.029998779296875;50.034000396728516;50.034000396728516;74
2024-12-16 11:07:00+01:00;50.03200149536133;50.03499984741211;50.0260009765625;50.0260009765625;50.0260009765625;10
2024-12-16 11:08:00+01:00;50.0260009765625;50.027000427246094;50.025001525878906;50.027000427246094;50.027000427246094;87
2024-12-16 11:09:00+01:00;50.02799987792969;50.02799987792969;50.025001525878906;50.025001525878906;50.025001525878906;86
2024-12-16 11:10:00+01:00;50.02399826049805;50.027000427246094;50.02399826049805;50.027000427246094;50.027000427246094;209
2024-12-16 11:11:00+01:00;50.03200149536133;50.03900146484375;50.029998779296875;50.029998779296875;50.029998779296875;10
2024-12-16 11:12:00+01:00;50.047000885009766;50.047000885009766;50.047000885009766;50.047000885009766;50.047000885009766;110
2024-12-16 11:13:00+01:00;50.047000885009766;50.047000885009766;50.04600143432617;50.04600143432617;50.04600143432617;15
2024-12-16 11:14:00+01:00;50.03300094604492;50.060001373291016;50.03300094604492;50.060001373291016;50.060001373291016;37
2024-12-16 11:15:00+01:00;50.05699920654297;50.060001373291016;50.05699920654297;50.05699920654297;50.05699920654297;104
2024-12-16 11:16:00+01:00;50.058998107910156;50.06100082397461;50.05699920654297;50.05699920654297;50.05699920654297;64
2024-12-16 11:17:00+01:00;50.05400085449219;50.05400085449219;50.05400085449219;50.05400085449219;50.05400085449219;2
2024-12-16 11:18:00+01:00;50.04600143432617;50.04600143432617;50.04600143432617;50.04600143432617;50.04600143432617;20
2024-12-16 11:19:00+01:00;50.04600143432617;50.04600143432617;50.04600143432617;50.04600143432617;50.04600143432617;4
2024-12-16 11:20:00+01:00;50.055999755859375;50.055999755859375;50.040000915527344;50.040000915527344;50.040000915527344;9
2024-12-16 11:21:00+01:00;50.04600143432617;50.04600143432617;50.02199935913086;50.02199935913086;50.02199935913086;2400
2024-12-16 11:22:00+01:00;50.040000915527344;50.04600143432617;50.040000915527344;50.04399871826172;50.04399871826172;423
2024-12-16 11:23:00+01:00;50.03200149536133;50.03200149536133;50.03200149536133;50.03200149536133;50.03200149536133;2
2024-12-16 11:24:00+01:00;50.0359992980957;50.04100036621094;50.0359992980957;50.04100036621094;50.04100036621094;15
2024-12-16 11:25:00+01:00;50.04100036621094;50.04499816894531;50.04100036621094;50.04499816894531;50.04499816894531;213
2024-12-16 11:26:00+01:00;50.047000885009766;50.04800033569336;50.047000885009766;50.04800033569336;50.04800033569336;51
2024-12-16 11:27:00+01:00;50.05799865722656;50.073001861572266;50.05799865722656;50.073001861572266;50.073001861572266;26
2024-12-16 11:28:00+01:00;50.0629997253418;50.0629997253418;50.04899978637695;50.04899978637695;50.04899978637695;473
2024-12-16 11:29:00+01:00;50.06700134277344;50.06700134277344;50.06700134277344;50.06700134277344;50.06700134277344;1158
2024-12-16 11:30:00+01:00;50.06700134277344;50.071998596191406;50.064998626708984;50.071998596191406;50.071998596191406;4
2024-12-16 11:31:00+01:00;50.08100128173828;50.08100128173828;50.07400131225586;50.077999114990234;50.077999114990234;27
2024-12-16 11:32:00+01:00;50.06999969482422;50.06999969482422;50.06999969482422;50.06999969482422;50.06999969482422;220
2024-12-16 11:33:00+01:00;50.082000732421875;50.082000732421875;50.082000732421875;50.082000732421875;50.082000732421875;30
2024-12-16 11:34:00+01:00;50.064998626708984;50.064998626708984;50.064998626708984;50.064998626708984;50.064998626708984;6
2024-12-16 11:35:00+01:00;50.07500076293945;50.07500076293945;50.07500076293945;50.07500076293945;50.07500076293945;9
2024-12-16 11:36:00+01:00;50.084999084472656;50.084999084472656;50.08100128173828;50.08100128173828;50.08100128173828;23
2024-12-16 11:37:00+01:00;50.06999969482422;50.084999084472656;50.06999969482422;50.06999969482422;50.06999969482422;228
2024-12-16 11:38:00+01:00;50.07400131225586;50.07400131225586;50.0620002746582;50.0620002746582;50.0620002746582;313
2024-12-16 11:39:00+01:00;50.07400131225586;50.07400131225586;50.07400131225586;50.07400131225586;50.07400131225586;10
2024-12-16 11:40:00+01:00;50.058998107910156;50.07400131225586;50.058998107910156;50.07400131225586;50.07400131225586;319
2024-12-16 11:42:00+01:00;50.07600021362305;50.07600021362305;50.07600021362305;50.07600021362305;50.07600021362305;8
2024-12-16 11:43:00+01:00;50.07899856567383;50.07899856567383;50.07899856567383;50.07899856567383;50.07899856567383;5
2024-12-16 11:45:00+01:00;50.099998474121094;50.099998474121094;50.09600067138672;50.09600067138672;50.09600067138672;53
2024-12-16 11:46:00+01:00;50.09400177001953;50.099998474121094;50.09400177001953;50.099998474121094;50.099998474121094;16
2024-12-16 11:47:00+01:00;50.0880012512207;50.099998474121094;50.08100128173828;50.099998474121094;50.099998474121094;114
2024-12-16 11:49:00+01:00;50.09600067138672;50.09600067138672;50.09600067138672;50.09600067138672;50.09600067138672;3
2024-12-16 11:50:00+01:00;50.10200119018555;50.10200119018555;50.099998474121094;50.099998474121094;50.099998474121094;100
2024-12-16 11:51:00+01:00;50.108001708984375;50.108001708984375;50.108001708984375;50.108001708984375;50.108001708984375;35
2024-12-16 11:52:00+01:00;50.10599899291992;50.10599899291992;50.10599899291992;50.10599899291992;50.10599899291992;66
2024-12-16 11:53:00+01:00;50.10499954223633;50.10499954223633;50.10499954223633;50.10499954223633;50.10499954223633;2
2024-12-16 11:54:00+01:00;50.1150016784668;50.11600112915039;50.09400177001953;50.11600112915039;50.11600112915039;23
2024-12-16 11:55:00+01:00;50.099998474121094;50.099998474121094;50.099998474121094;50.099998474121094;50.099998474121094;2
2024-12-16 11:56:00+01:00;50.11600112915039;50.11600112915039;50.11600112915039;50.11600112915039;50.11600112915039;1
2024-12-16 11:58:00+01:00;50.099998474121094;50.099998474121094;50.099998474121094;50.099998474121094;50.099998474121094;111
2024-12-16 11:59:00+01:00;50.106998443603516;50.106998443603516;50.0880012512207;50.0890007019043;50.0890007019043;113
2024-12-16 12:00:00+01:00;50.09199905395508;50.0989990234375;50.09199905395508;50.097999572753906;50.097999572753906;41
2024-12-16 12:02:00+01:00;50.10100173950195;50.104000091552734;50.10100173950195;50.104000091552734;50.104000091552734;36
2024-12-16 12:03:00+01:00;50.10200119018555;50.10200119018555;50.084999084472656;50.097999572753906;50.097999572753906;11
2024-12-16 12:04:00+01:00;50.09700012207031;50.09700012207031;50.084999084472656;50.084999084472656;50.084999084472656;21
2024-12-16 12:05:00+01:00;50.07099914550781;50.08599853515625;50.07099914550781;50.084999084472656;50.084999084472656;20
2024-12-16 12:06:00+01:00;50.09400177001953;50.09400177001953;50.09400177001953;50.09400177001953;50.09400177001953;2
2024-12-16 12:07:00+01:00;50.0880012512207;50.0880012512207;50.08599853515625;50.08599853515625;50.08599853515625;22
2024-12-16 12:09:00+01:00;50.08599853515625;50.08599853515625;50.08000183105469;50.08000183105469;50.08000183105469;33
2024-12-16 12:12:00+01:00;50.08000183105469;50.08000183105469;50.05799865722656;50.06999969482422;50.06999969482422;90
2024-12-16 12:14:00+01:00;50.073001861572266;50.073001861572266;50.073001861572266;50.073001861572266;50.073001861572266;4
2024-12-16 12:15:00+01:00;50.07400131225586;50.08100128173828;50.07400131225586;50.08000183105469;50.08000183105469;210
2024-12-16 12:17:00+01:00;50.05500030517578;50.06700134277344;50.05500030517578;50.06700134277344;50.06700134277344;31
2024-12-16 12:18:00+01:00;50.06700134277344;50.06700134277344;50.06700134277344;50.06700134277344;50.06700134277344;3
2024-12-16 12:19:00+01:00;50.073001861572266;50.073001861572266;50.073001861572266;50.073001861572266;50.073001861572266;3
2024-12-16 12:20:00+01:00;50.069000244140625;50.069000244140625;50.06700134277344;50.06700134277344;50.06700134277344;4
2024-12-16 12:21:00+01:00;50.06999969482422;50.06999969482422;50.06800079345703;50.06800079345703;50.06800079345703;28
2024-12-16 12:23:00+01:00;50.07699966430664;50.07699966430664;50.07600021362305;50.07600021362305;50.07600021362305;22
2024-12-16 12:25:00+01:00;50.06999969482422;50.06999969482422;50.06999969482422;50.06999969482422;50.06999969482422;17
2024-12-16 12:26:00+01:00;50.06700134277344;50.06700134277344;50.06700134277344;50.06700134277344;50.06700134277344;4
2024-12-16 12:27:00+01:00;50.05099868774414;50.05099868774414;50.05099868774414;50.05099868774414;50.05099868774414;19
2024-12-16 12:28:00+01:00;50.07400131225586;50.07400131225586;50.07400131225586;50.07400131225586;50.07400131225586;10
2024-12-16 12:29:00+01:00;50.07699966430664;50.07699966430664;50.07699966430664;50.07699966430664;50.07699966430664;2
2024-12-16 12:30:00+01:00;50.09000015258789;50.09000015258789;50.09000015258789;50.09000015258789;50.09000015258789;2
2024-12-16 12:33:00+01:00;50.09000015258789;50.09400177001953;50.09000015258789;50.09400177001953;50.09400177001953;37
2024-12-16 12:34:00+01:00;50.0890007019043;50.0890007019043;50.08000183105469;50.0890007019043;50.0890007019043;26
2024-12-16 12:36:00+01:00;50.08100128173828;50.08100128173828;50.08100128173828;50.08100128173828;50.08100128173828;19
2024-12-16 12:37:00+01:00;50.06700134277344;50.07699966430664;50.06700134277344;50.07400131225586;50.07400131225586;132
2024-12-16 12:39:00+01:00;50.08100128173828;50.08100128173828;50.08100128173828;50.08100128173828;50.08100128173828;2
2024-12-16 12:40:00+01:00;50.077999114990234;50.077999114990234;50.077999114990234;50.077999114990234;50.077999114990234;10
2024-12-16 12:41:00+01:00;50.07899856567383;50.084999084472656;50.07899856567383;50.084999084472656;50.084999084472656;12
2024-12-16 12:42:00+01:00;50.095001220703125;50.09600067138672;50.07899856567383;50.09600067138672;50.09600067138672;67
2024-12-16 12:44:00+01:00;50.106998443603516;50.106998443603516;50.106998443603516;50.106998443603516;50.106998443603516;3
2024-12-16 12:45:00+01:00;50.11000061035156;50.11000061035156;50.108001708984375;50.108001708984375;50.108001708984375;21
2024-12-16 12:47:00+01:00;50.117000579833984;50.11800003051758;50.117000579833984;50.11800003051758;50.11800003051758;76
2024-12-16 12:48:00+01:00;50.095001220703125;50.095001220703125;50.095001220703125;50.095001220703125;50.095001220703125;1000
2024-12-16 12:49:00+01:00;50.11899948120117;50.11899948120117;50.11899948120117;50.11899948120117;50.11899948120117;2
2024-12-16 12:50:00+01:00;50.11800003051758;50.12099838256836;50.11800003051758;50.12099838256836;50.12099838256836;16
2024-12-16 12:51:00+01:00;50.125999450683594;50.125999450683594;50.125999450683594;50.125999450683594;50.125999450683594;4
2024-12-16 12:53:00+01:00;50.137001037597656;50.137001037597656;50.137001037597656;50.137001037597656;50.137001037597656;1
2024-12-16 12:54:00+01:00;50.125;50.125;50.125;50.125;50.125;298
2024-12-16 12:55:00+01:00;50.124000549316406;50.124000549316406;50.11000061035156;50.11000061035156;50.11000061035156;68
2024-12-16 12:56:00+01:00;50.11899948120117;50.11899948120117;50.11899948120117;50.11899948120117;50.11899948120117;3
2024-12-16 12:58:00+01:00;50.099998474121094;50.11199951171875;50.099998474121094;50.11199951171875;50.11199951171875;48
2024-12-16 12:59:00+01:00;50.104000091552734;50.104000091552734;50.099998474121094;50.099998474121094;50.099998474121094;5
2024-12-16 13:00:00+01:00;50.0989990234375;50.104000091552734;50.0989990234375;50.104000091552734;50.104000091552734;11
2024-12-16 13:01:00+01:00;50.0989990234375;50.0989990234375;50.0989990234375;50.0989990234375;50.0989990234375;1
2024-12-16 13:02:00+01:00;50.0989990234375;50.0989990234375;50.0989990234375;50.0989990234375;50.0989990234375;2
2024-12-16 13:03:00+01:00;50.0989990234375;50.0989990234375;50.0989990234375;50.0989990234375;50.0989990234375;6
2024-12-16 13:04:00+01:00;50.0989990234375;50.0989990234375;50.0989990234375;50.0989990234375;50.0989990234375;11
2024-12-16 13:05:00+01:00;50.09600067138672;50.09600067138672;50.09199905395508;50.09199905395508;50.09199905395508;15
2024-12-16 13:09:00+01:00;50.08599853515625;50.0890007019043;50.08300018310547;50.0890007019043;50.0890007019043;72
2024-12-16 13:11:00+01:00;50.09000015258789;50.09000015258789;50.07099914550781;50.07099914550781;50.07099914550781;5
2024-12-16 13:12:00+01:00;50.08399963378906;50.08700180053711;50.073001861572266;50.08700180053711;50.08700180053711;24
2024-12-16 13:13:00+01:00;50.09299850463867;50.09299850463867;50.09299850463867;50.09299850463867;50.09299850463867;2
2024-12-16 13:16:00+01:00;50.104000091552734;50.104000091552734;50.104000091552734;50.104000091552734;50.104000091552734;50
2024-12-16 13:17:00+01:00;50.104000091552734;50.104000091552734;50.104000091552734;50.104000091552734;50.104000091552734;2
2024-12-16 13:18:00+01:00;50.104000091552734;50.104000091552734;50.104000091552734;50.104000091552734;50.104000091552734;2
2024-12-16 13:19:00+01:00;50.099998474121094;50.099998474121094;50.097999572753906;50.097999572753906;50.097999572753906;102
2024-12-16 13:20:00+01:00;50.10499954223633;50.119998931884766;50.10499954223633;50.119998931884766;50.119998931884766;35
2024-12-16 13:21:00+01:00;50.117000579833984;50.117000579833984;50.10499954223633;50.11000061035156;50.11000061035156;37
2024-12-16 13:22:00+01:00;50.1150016784668;50.1150016784668;50.097999572753906;50.097999572753906;50.097999572753906;15
2024-12-16 13:23:00+01:00;50.104000091552734;50.104000091552734;50.090999603271484;50.090999603271484;50.090999603271484;1006
2024-12-16 13:24:00+01:00;50.10499954223633;50.10499954223633;50.10499954223633;50.10499954223633;50.10499954223633;1
2024-12-16 13:26:00+01:00;50.09600067138672;50.09600067138672;50.09600067138672;50.09600067138672;50.09600067138672;15
2024-12-16 13:27:00+01:00;50.08100128173828;50.08100128173828;50.08100128173828;50.08100128173828;50.08100128173828;10
2024-12-16 13:28:00+01:00;50.0989990234375;50.0989990234375;50.0989990234375;50.0989990234375;50.0989990234375;2
2024-12-16 13:29:00+01:00;50.10100173950195;50.108001708984375;50.10100173950195;50.104000091552734;50.104000091552734;34
2024-12-16 13:30:00+01:00;50.10599899291992;50.10599899291992;50.10599899291992;50.10599899291992;50.10599899291992;10
2024-12-16 13:31:00+01:00;50.099998474121094;50.099998474121094;50.099998474121094;50.099998474121094;50.099998474121094;2
2024-12-16 13:32:00+01:00;50.119998931884766;50.119998931884766;50.11000061035156;50.11899948120117;50.11899948120117;54
2024-12-16 13:34:00+01:00;50.099998474121094;50.108001708984375;50.09299850463867;50.10200119018555;50.10200119018555;68
2024-12-16 13:35:00+01:00;50.10200119018555;50.10200119018555;50.09299850463867;50.09299850463867;50.09299850463867;19
2024-12-16 13:36:00+01:00;50.08000183105469;50.09400177001953;50.07600021362305;50.09400177001953;50.09400177001953;118
2024-12-16 13:37:00+01:00;50.0880012512207;50.0880012512207;50.084999084472656;50.084999084472656;50.084999084472656;4
2024-12-16 13:39:00+01:00;50.0890007019043;50.0890007019043;50.0890007019043;50.0890007019043;50.0890007019043;3
2024-12-16 13:40:00+01:00;50.09000015258789;50.09000015258789;50.09000015258789;50.09000015258789;50.09000015258789;103
2024-12-16 13:41:00+01:00;50.10200119018555;50.10200119018555;50.090999603271484;50.090999603271484;50.090999603271484;10
2024-12-16 13:42:00+01:00;50.090999603271484;50.09199905395508;50.09000015258789;50.09000015258789;50.09000015258789;27
2024-12-16 13:43:00+01:00;50.08300018310547;50.09600067138672;50.08300018310547;50.09600067138672;50.09600067138672;85
2024-12-16 13:44:00+01:00;50.0989990234375;50.0989990234375;50.09600067138672;50.09600067138672;50.09600067138672;17
2024-12-16 13:45:00+01:00;50.08100128173828;50.08100128173828;50.08100128173828;50.08100128173828;50.08100128173828;99
2024-12-16 13:46:00+01:00;50.069000244140625;50.090999603271484;50.06700134277344;50.06700134277344;50.06700134277344;58
2024-12-16 13:47:00+01:00;50.082000732421875;50.082000732421875;50.07899856567383;50.07899856567383;50.07899856567383;403
2024-12-16 13:50:00+01:00;50.08599853515625;50.08599853515625;50.08599853515625;50.08599853515625;50.08599853515625;11
2024-12-16 13:52:00+01:00;50.09000015258789;50.09000015258789;50.09000015258789;50.09000015258789;50.09000015258789;206
2024-12-16 13:53:00+01:00;50.071998596191406;50.071998596191406;50.071998596191406;50.071998596191406;50.071998596191406;14
2024-12-16 13:54:00+01:00;50.097999572753906;50.097999572753906;50.097999572753906;50.097999572753906;50.097999572753906;29
2024-12-16 13:57:00+01:00;50.104000091552734;50.111000061035156;50.104000091552734;50.111000061035156;50.111000061035156;21
2024-12-16 14:01:00+01:00;50.104000091552734;50.104000091552734;50.10200119018555;50.10200119018555;50.10200119018555;7
2024-12-16 14:03:00+01:00;50.08100128173828;50.08100128173828;50.08100128173828;50.08100128173828;50.08100128173828;40
2024-12-16 14:06:00+01:00;50.08700180053711;50.08700180053711;50.08700180053711;50.08700180053711;50.08700180053711;410
2024-12-16 14:09:00+01:00;50.06999969482422;50.08700180053711;50.06999969482422;50.08700180053711;50.08700180053711;140
2024-12-16 14:10:00+01:00;50.07400131225586;50.07400131225586;50.053001403808594;50.055999755859375;50.055999755859375;123
2024-12-16 14:12:00+01:00;50.08700180053711;50.08700180053711;50.0620002746582;50.08399963378906;50.08399963378906;51
2024-12-16 14:13:00+01:00;50.08700180053711;50.08700180053711;50.08599853515625;50.08599853515625;50.08599853515625;47
2024-12-16 14:14:00+01:00;50.09400177001953;50.09400177001953;50.09400177001953;50.09400177001953;50.09400177001953;4
2024-12-16 14:16:00+01:00;50.10599899291992;50.10599899291992;50.10599899291992;50.10599899291992;50.10599899291992;3
2024-12-16 14:18:00+01:00;50.117000579833984;50.117000579833984;50.117000579833984;50.117000579833984;50.117000579833984;15
2024-12-16 14:19:00+01:00;50.106998443603516;50.106998443603516;50.106998443603516;50.106998443603516;50.106998443603516;10
2024-12-16 14:20:00+01:00;50.104000091552734;50.104000091552734;50.104000091552734;50.104000091552734;50.104000091552734;2
2024-12-16 14:21:00+01:00;50.099998474121094;50.099998474121094;50.099998474121094;50.099998474121094;50.099998474121094;2
2024-12-16 14:22:00+01:00;50.106998443603516;50.106998443603516;50.106998443603516;50.106998443603516;50.106998443603516;120
2024-12-16 14:23:00+01:00;50.090999603271484;50.090999603271484;50.090999603271484;50.090999603271484;50.090999603271484;7
2024-12-16 14:24:00+01:00;50.0880012512207;50.0880012512207;50.0880012512207;50.0880012512207;50.0880012512207;49
2024-12-16 14:26:00+01:00;50.12900161743164;50.12900161743164;50.12900161743164;50.12900161743164;50.12900161743164;2
2024-12-16 14:28:00+01:00;50.1150016784668;50.1150016784668;50.11199951171875;50.11199951171875;50.11199951171875;43
2024-12-16 14:30:00+01:00;50.099998474121094;50.099998474121094;50.099998474121094;50.099998474121094;50.099998474121094;12
2024-12-16 14:32:00+01:00;50.12200164794922;50.12200164794922;50.12200164794922;50.12200164794922;50.12200164794922;100
2024-12-16 14:33:00+01:00;50.11800003051758;50.11800003051758;50.11800003051758;50.11800003051758;50.11800003051758;41
2024-12-16 14:34:00+01:00;50.1150016784668;50.11800003051758;50.112998962402344;50.117000579833984;50.117000579833984;29
2024-12-16 14:35:00+01:00;50.11000061035156;50.11000061035156;50.11000061035156;50.11000061035156;50.11000061035156;20
2024-12-16 14:36:00+01:00;50.11199951171875;50.11199951171875;50.11199951171875;50.11199951171875;50.11199951171875;150
2024-12-16 14:37:00+01:00;50.119998931884766;50.12200164794922;50.119998931884766;50.12200164794922;50.12200164794922;14
2024-12-16 14:38:00+01:00;50.124000549316406;50.124000549316406;50.12200164794922;50.12200164794922;50.12200164794922;80
2024-12-16 14:39:00+01:00;50.12699890136719;50.12699890136719;50.12699890136719;50.12699890136719;50.12699890136719;200
2024-12-16 14:40:00+01:00;50.117000579833984;50.117000579833984;50.11399841308594;50.11399841308594;50.11399841308594;30
2024-12-16 14:41:00+01:00;50.099998474121094;50.11800003051758;50.099998474121094;50.11800003051758;50.11800003051758;51
2024-12-16 14:42:00+01:00;50.099998474121094;50.099998474121094;50.099998474121094;50.099998474121094;50.099998474121094;13
2024-12-16 14:43:00+01:00;50.11600112915039;50.11600112915039;50.11600112915039;50.11600112915039;50.11600112915039;10
2024-12-16 14:45:00+01:00;50.13100051879883;50.13100051879883;50.13100051879883;50.13100051879883;50.13100051879883;2
2024-12-16 14:46:00+01:00;50.112998962402344;50.12900161743164;50.112998962402344;50.12900161743164;50.12900161743164;91
2024-12-16 14:47:00+01:00;50.143001556396484;50.143001556396484;50.143001556396484;50.143001556396484;50.143001556396484;90
2024-12-16 14:48:00+01:00;50.143001556396484;50.143001556396484;50.14099884033203;50.14099884033203;50.14099884033203;49
2024-12-16 14:50:00+01:00;50.11000061035156;50.11000061035156;50.11000061035156;50.11000061035156;50.11000061035156;2
2024-12-16 14:52:00+01:00;50.11899948120117;50.11899948120117;50.11800003051758;50.11800003051758;50.11800003051758;34
2024-12-16 14:53:00+01:00;50.11199951171875;50.11199951171875;50.11199951171875;50.11199951171875;50.11199951171875;15
2024-12-16 14:54:00+01:00;50.11800003051758;50.11800003051758;50.11800003051758;50.11800003051758;50.11800003051758;2
2024-12-16 14:56:00+01:00;50.11199951171875;50.1150016784668;50.11199951171875;50.1150016784668;50.1150016784668;30
2024-12-16 14:59:00+01:00;50.11199951171875;50.11199951171875;50.099998474121094;50.10499954223633;50.10499954223633;68
2024-12-16 15:00:00+01:00;50.10300064086914;50.10300064086914;50.10300064086914;50.10300064086914;50.10300064086914;10
2024-12-16 15:03:00+01:00;50.117000579833984;50.117000579833984;50.117000579833984;50.117000579833984;50.117000579833984;3
2024-12-16 15:04:00+01:00;50.12200164794922;50.12200164794922;50.12200164794922;50.12200164794922;50.12200164794922;12
2024-12-16 15:05:00+01:00;50.11000061035156;50.12799835205078;50.106998443603516;50.12799835205078;50.12799835205078;76
2024-12-16 15:06:00+01:00;50.12200164794922;50.12200164794922;50.106998443603516;50.106998443603516;50.106998443603516;98
2024-12-16 15:07:00+01:00;50.111000061035156;50.11399841308594;50.111000061035156;50.11399841308594;50.11399841308594;12
2024-12-16 15:08:00+01:00;50.10900115966797;50.10900115966797;50.09000015258789;50.09000015258789;50.09000015258789;153
2024-12-16 15:09:00+01:00;50.10200119018555;50.10599899291992;50.10200119018555;50.10599899291992;50.10599899291992;81
2024-12-16 15:11:00+01:00;50.10499954223633;50.10499954223633;50.099998474121094;50.099998474121094;50.099998474121094;149
2024-12-16 15:14:00+01:00;50.11399841308594;50.11899948120117;50.097999572753906;50.11800003051758;50.11800003051758;214
2024-12-16 15:15:00+01:00;50.125;50.125;50.12099838256836;50.12099838256836;50.12099838256836;26
2024-12-16 15:18:00+01:00;50.132999420166016;50.132999420166016;50.12699890136719;50.12699890136719;50.12699890136719;22
2024-12-16 15:19:00+01:00;50.125;50.13199996948242;50.11000061035156;50.13199996948242;50.13199996948242;13
2024-12-16 15:20:00+01:00;50.125;50.13399887084961;50.125;50.13399887084961;50.13399887084961;50
2024-12-16 15:21:00+01:00;50.12699890136719;50.141998291015625;50.12699890136719;50.141998291015625;50.141998291015625;24
2024-12-16 15:22:00+01:00;50.13999938964844;50.150001525878906;50.13999938964844;50.150001525878906;50.150001525878906;70
2024-12-16 15:23:00+01:00;50.150001525878906;50.150001525878906;50.150001525878906;50.150001525878906;50.150001525878906;1
2024-12-16 15:24:00+01:00;50.14500045776367;50.150001525878906;50.14500045776367;50.14500045776367;50.14500045776367;18
2024-12-16 15:25:00+01:00;50.14500045776367;50.14500045776367;50.14500045776367;50.14500045776367;50.14500045776367;71
2024-12-16 15:26:00+01:00;50.13999938964844;50.13999938964844;50.13999938964844;50.13999938964844;50.13999938964844;4
2024-12-16 15:27:00+01:00;50.14099884033203;50.14099884033203;50.11899948120117;50.11899948120117;50.11899948120117;88
2024-12-16 15:29:00+01:00;50.14500045776367;50.150001525878906;50.14500045776367;50.150001525878906;50.150001525878906;210
2024-12-16 15:31:00+01:00;50.17499923706055;50.17499923706055;50.17499923706055;50.17499923706055;50.17499923706055;5
2024-12-16 15:32:00+01:00;50.19200134277344;50.19200134277344;50.150001525878906;50.15599822998047;50.15599822998047;111
2024-12-16 15:34:00+01:00;50.17300033569336;50.17300033569336;50.17300033569336;50.17300033569336;50.17300033569336;65
2024-12-16 15:37:00+01:00;50.16600036621094;50.16899871826172;50.150001525878906;50.150001525878906;50.150001525878906;51
2024-12-16 15:38:00+01:00;50.15299987792969;50.15299987792969;50.14899826049805;50.152000427246094;50.152000427246094;45
2024-12-16 15:39:00+01:00;50.15399932861328;50.165000915527344;50.15399932861328;50.165000915527344;50.165000915527344;5
2024-12-16 15:40:00+01:00;50.17399978637695;50.19599914550781;50.17399978637695;50.19599914550781;50.19599914550781;165
2024-12-16 15:42:00+01:00;50.16999816894531;50.16999816894531;50.14500045776367;50.15299987792969;50.15299987792969;20
2024-12-16 15:43:00+01:00;50.152000427246094;50.15399932861328;50.14500045776367;50.15399932861328;50.15399932861328;400
2024-12-16 15:44:00+01:00;50.15800094604492;50.15800094604492;50.150001525878906;50.150001525878906;50.150001525878906;83
2024-12-16 15:45:00+01:00;50.20000076293945;50.29999923706055;50.20000076293945;50.29999923706055;50.29999923706055;8
2024-12-16 15:46:00+01:00;50.176998138427734;50.189998626708984;50.176998138427734;50.189998626708984;50.189998626708984;26
2024-12-16 15:47:00+01:00;50.202999114990234;50.202999114990234;50.202999114990234;50.202999114990234;50.202999114990234;2
2024-12-16 15:48:00+01:00;50.20000076293945;50.20000076293945;50.19599914550781;50.19599914550781;50.19599914550781;6
2024-12-16 15:50:00+01:00;50.2130012512207;50.22100067138672;50.2130012512207;50.22100067138672;50.22100067138672;5
2024-12-16 15:52:00+01:00;50.21500015258789;50.21500015258789;50.21500015258789;50.21500015258789;50.21500015258789;3
2024-12-16 15:53:00+01:00;50.20800018310547;50.20800018310547;50.20800018310547;50.20800018310547;50.20800018310547;1
2024-12-16 15:54:00+01:00;50.22999954223633;50.22999954223633;50.22999954223633;50.22999954223633;50.22999954223633;2
2024-12-16 15:55:00+01:00;50.2140007019043;50.2140007019043;50.2140007019043;50.2140007019043;50.2140007019043;24
2024-12-16 15:56:00+01:00;50.21200180053711;50.21200180053711;50.20000076293945;50.20000076293945;50.20000076293945;47
2024-12-16 15:57:00+01:00;50.191001892089844;50.191001892089844;50.189998626708984;50.189998626708984;50.189998626708984;23
2024-12-16 15:58:00+01:00;50.19599914550781;50.21699905395508;50.19499969482422;50.207000732421875;50.207000732421875;351
2024-12-16 15:59:00+01:00;50.21099853515625;50.21200180053711;50.209999084472656;50.21200180053711;50.21200180053711;91
2024-12-16 16:00:00+01:00;50.2239990234375;50.2239990234375;50.2239990234375;50.2239990234375;50.2239990234375;4
2024-12-16 16:01:00+01:00;50.229000091552734;50.229000091552734;50.229000091552734;50.229000091552734;50.229000091552734;8
2024-12-16 16:02:00+01:00;50.236000061035156;50.236000061035156;50.236000061035156;50.236000061035156;50.236000061035156;17
2024-12-16 16:03:00+01:00;50.23099899291992;50.23099899291992;50.23099899291992;50.23099899291992;50.23099899291992;5
2024-12-16 16:04:00+01:00;50.21699905395508;50.21699905395508;50.21699905395508;50.21699905395508;50.21699905395508;50
2024-12-16 16:05:00+01:00;50.21900177001953;50.21900177001953;50.196998596191406;50.2130012512207;50.2130012512207;947
2024-12-16 16:06:00+01:00;50.21200180053711;50.21200180053711;50.21200180053711;50.21200180053711;50.21200180053711;1000
2024-12-16 16:08:00+01:00;50.20399856567383;50.20399856567383;50.20399856567383;50.20399856567383;50.20399856567383;29
2024-12-16 16:11:00+01:00;50.20399856567383;50.20399856567383;50.17399978637695;50.17399978637695;50.17399978637695;64
2024-12-16 16:12:00+01:00;50.18199920654297;50.18199920654297;50.14400100708008;50.14400100708008;50.14400100708008;53
2024-12-16 16:13:00+01:00;50.15999984741211;50.176998138427734;50.15999984741211;50.176998138427734;50.176998138427734;63
2024-12-16 16:14:00+01:00;50.1609992980957;50.1609992980957;50.1609992980957;50.1609992980957;50.1609992980957;2
2024-12-16 16:16:00+01:00;50.14899826049805;50.14899826049805;50.14899826049805;50.14899826049805;50.14899826049805;3
2024-12-16 16:17:00+01:00;50.16699981689453;50.17399978637695;50.16699981689453;50.17300033569336;50.17300033569336;38
2024-12-16 16:18:00+01:00;50.17599868774414;50.17599868774414;50.17599868774414;50.17599868774414;50.17599868774414;5
2024-12-16 16:19:00+01:00;50.17499923706055;50.17499923706055;50.16600036621094;50.16600036621094;50.16600036621094;210
2024-12-16 16:20:00+01:00;50.165000915527344;50.16600036621094;50.150001525878906;50.1510009765625;50.1510009765625;197
2024-12-16 16:21:00+01:00;50.1510009765625;50.1510009765625;50.11000061035156;50.11000061035156;50.11000061035156;388
2024-12-16 16:22:00+01:00;50.1150016784668;50.117000579833984;50.1150016784668;50.1150016784668;50.1150016784668;40
2024-12-16 16:23:00+01:00;50.10900115966797;50.13600158691406;50.10900115966797;50.13600158691406;50.13600158691406;110
2024-12-16 16:24:00+01:00;50.130001068115234;50.130001068115234;50.130001068115234;50.130001068115234;50.130001068115234;5
2024-12-16 16:25:00+01:00;50.152000427246094;50.152000427246094;50.13800048828125;50.13800048828125;50.13800048828125;94
2024-12-16 16:26:00+01:00;50.154998779296875;50.154998779296875;50.154998779296875;50.154998779296875;50.154998779296875;3
2024-12-16 16:27:00+01:00;50.145999908447266;50.1619987487793;50.145999908447266;50.1619987487793;50.1619987487793;125
2024-12-16 16:29:00+01:00;50.16400146484375;50.16699981689453;50.16400146484375;50.16699981689453;50.16699981689453;112
2024-12-16 16:31:00+01:00;50.16400146484375;50.16400146484375;50.16400146484375;50.16400146484375;50.16400146484375;100
2024-12-16 16:32:00+01:00;50.18000030517578;50.18000030517578;50.17300033569336;50.17300033569336;50.17300033569336;13
2024-12-16 16:34:00+01:00;50.191001892089844;50.19200134277344;50.191001892089844;50.19200134277344;50.19200134277344;5
2024-12-16 16:35:00+01:00;50.18600082397461;50.20399856567383;50.18600082397461;50.20399856567383;50.20399856567383;2
2024-12-16 16:36:00+01:00;50.191001892089844;50.19900131225586;50.191001892089844;50.19900131225586;50.19900131225586;49
2024-12-16 16:37:00+01:00;50.19300079345703;50.19300079345703;50.19300079345703;50.19300079345703;50.19300079345703;100
2024-12-16 16:38:00+01:00;50.18899917602539;50.20199966430664;50.18899917602539;50.20199966430664;50.20199966430664;14
2024-12-16 16:39:00+01:00;50.18000030517578;50.1879997253418;50.18000030517578;50.18000030517578;50.18000030517578;21
2024-12-16 16:40:00+01:00;50.16400146484375;50.16400146484375;50.16400146484375;50.16400146484375;50.16400146484375;9
2024-12-16 16:41:00+01:00;50.15999984741211;50.15999984741211;50.15999984741211;50.15999984741211;50.15999984741211;10
2024-12-16 16:42:00+01:00;50.145999908447266;50.145999908447266;50.14099884033203;50.14400100708008;50.14400100708008;95
2024-12-16 16:43:00+01:00;50.141998291015625;50.141998291015625;50.130001068115234;50.130001068115234;50.130001068115234;49
2024-12-16 16:44:00+01:00;50.14400100708008;50.14400100708008;50.12200164794922;50.12200164794922;50.12200164794922;64
2024-12-16 16:45:00+01:00;50.13999938964844;50.13999938964844;50.13999938964844;50.13999938964844;50.13999938964844;4
2024-12-16 16:47:00+01:00;50.1510009765625;50.1510009765625;50.14699935913086;50.14699935913086;50.14699935913086;9
2024-12-16 16:48:00+01:00;50.141998291015625;50.143001556396484;50.141998291015625;50.143001556396484;50.143001556396484;44
2024-12-16 16:50:00+01:00;50.13399887084961;50.13399887084961;50.13399887084961;50.13399887084961;50.13399887084961;5
2024-12-16 16:52:00+01:00;50.14099884033203;50.14099884033203;50.14099884033203;50.14099884033203;50.14099884033203;100
2024-12-16 16:53:00+01:00;50.13100051879883;50.13100051879883;50.13100051879883;50.13100051879883;50.13100051879883;2
2024-12-16 16:54:00+01:00;50.11899948120117;50.141998291015625;50.11899948120117;50.141998291015625;50.141998291015625;44
2024-12-16 16:55:00+01:00;50.13100051879883;50.13100051879883;50.13100051879883;50.13100051879883;50.13100051879883;100
2024-12-16 16:56:00+01:00;50.150001525878906;50.150001525878906;50.150001525878906;50.150001525878906;50.150001525878906;2
2024-12-16 16:58:00+01:00;50.1619987487793;50.16400146484375;50.15299987792969;50.15299987792969;50.15299987792969;141
2024-12-16 17:00:00+01:00;50.14799880981445;50.14799880981445;50.14500045776367;50.14500045776367;50.14500045776367;40
2024-12-16 17:01:00+01:00;50.130001068115234;50.132999420166016;50.130001068115234;50.132999420166016;50.132999420166016;6
2024-12-16 17:03:00+01:00;50.117000579833984;50.117000579833984;50.117000579833984;50.117000579833984;50.117000579833984;2
2024-12-16 17:07:00+01:00;50.11399841308594;50.13800048828125;50.11399841308594;50.13600158691406;50.13600158691406;72
2024-12-16 17:08:00+01:00;50.143001556396484;50.143001556396484;50.143001556396484;50.143001556396484;50.143001556396484;50
2024-12-16 17:10:00+01:00;50.14899826049805;50.152000427246094;50.14899826049805;50.152000427246094;50.152000427246094;182
2024-12-16 17:11:00+01:00;50.138999938964844;50.138999938964844;50.138999938964844;50.138999938964844;50.138999938964844;5
2024-12-16 17:12:00+01:00;50.14400100708008;50.14400100708008;50.14400100708008;50.14400100708008;50.14400100708008;3
2024-12-16 17:15:00+01:00;50.178001403808594;50.178001403808594;50.178001403808594;50.178001403808594;50.178001403808594;9
2024-12-16 17:16:00+01:00;50.15599822998047;50.15599822998047;50.15599822998047;50.15599822998047;50.15599822998047;2
2024-12-16 17:17:00+01:00;50.1609992980957;50.1609992980957;50.1609992980957;50.1609992980957;50.1609992980957;3
2024-12-16 17:19:00+01:00;50.15599822998047;50.16299819946289;50.15599822998047;50.16299819946289;50.16299819946289;11
2024-12-16 17:21:00+01:00;50.16999816894531;50.16999816894531;50.150001525878906;50.150001525878906;50.150001525878906;17
2024-12-16 17:22:00+01:00;50.17100143432617;50.17100143432617;50.150001525878906;50.150001525878906;50.150001525878906;181
2024-12-16 17:23:00+01:00;50.15399932861328;50.15999984741211;50.15399932861328;50.15999984741211;50.15999984741211;10
2024-12-16 17:24:00+01:00;50.16299819946289;50.16299819946289;50.16299819946289;50.16299819946289;50.16299819946289;20
2024-12-16 17:25:00+01:00;50.180999755859375;50.180999755859375;50.180999755859375;50.180999755859375;50.180999755859375;2
2024-12-16 17:26:00+01:00;50.18299865722656;50.18299865722656;50.18299865722656;50.18299865722656;50.18299865722656;1
2024-12-16 17:28:00+01:00;50.194000244140625;50.194000244140625;50.185001373291016;50.185001373291016;50.185001373291016;11
2024-12-16 17:29:00+01:00;50.17300033569336;50.17300033569336;50.17300033569336;50.17300033569336;50.17300033569336;54
