Datetime;Open;High;Low;Close;Adj Close;Volume
2024-09-26 09:04:00+02:00;44.73500061035156;44.74700164794922;44.71200180053711;44.71200180053711;44.71200180053711;0
2024-09-26 09:06:00+02:00;44.7239990234375;44.749000549316406;44.7239990234375;44.749000549316406;44.749000549316406;6
2024-09-26 09:09:00+02:00;44.742000579833984;44.742000579833984;44.72999954223633;44.72999954223633;44.72999954223633;43
2024-09-26 09:10:00+02:00;44.737998962402344;44.737998962402344;44.737998962402344;44.737998962402344;44.737998962402344;110
2024-09-26 09:11:00+02:00;44.73400115966797;44.73400115966797;44.73400115966797;44.73400115966797;44.73400115966797;5
2024-09-26 09:15:00+02:00;44.73099899291992;44.73099899291992;44.73099899291992;44.73099899291992;44.73099899291992;100
2024-09-26 09:16:00+02:00;44.749000549316406;44.749000549316406;44.72999954223633;44.73500061035156;44.73500061035156;34
2024-09-26 09:18:00+02:00;44.736000061035156;44.736000061035156;44.736000061035156;44.736000061035156;44.736000061035156;1
2024-09-26 09:21:00+02:00;44.74700164794922;44.74700164794922;44.74399948120117;44.74399948120117;44.74399948120117;43
2024-09-26 09:23:00+02:00;44.75;44.75;44.75;44.75;44.75;11
2024-09-26 09:24:00+02:00;44.75;44.75;44.75;44.75;44.75;595
2024-09-26 09:26:00+02:00;44.77299880981445;44.77299880981445;44.77299880981445;44.77299880981445;44.77299880981445;3
2024-09-26 09:30:00+02:00;44.74700164794922;44.762001037597656;44.74700164794922;44.762001037597656;44.762001037597656;105
2024-09-26 09:32:00+02:00;44.766998291015625;44.766998291015625;44.766998291015625;44.766998291015625;44.766998291015625;4
2024-09-26 09:34:00+02:00;44.779998779296875;44.779998779296875;44.779998779296875;44.779998779296875;44.779998779296875;23
2024-09-26 09:36:00+02:00;44.77799987792969;44.77799987792969;44.77199935913086;44.77199935913086;44.77199935913086;167
2024-09-26 09:37:00+02:00;44.75899887084961;44.75899887084961;44.75899887084961;44.75899887084961;44.75899887084961;10
2024-09-26 09:39:00+02:00;44.76900100708008;44.76900100708008;44.76900100708008;44.76900100708008;44.76900100708008;103
2024-09-26 09:40:00+02:00;44.76900100708008;44.77399826049805;44.762001037597656;44.762001037597656;44.762001037597656;292
2024-09-26 09:41:00+02:00;44.78099822998047;44.78099822998047;44.77899932861328;44.77899932861328;44.77899932861328;5
2024-09-26 09:42:00+02:00;44.77899932861328;44.77899932861328;44.77899932861328;44.77899932861328;44.77899932861328;2
2024-09-26 09:44:00+02:00;44.7859992980957;44.7859992980957;44.770999908447266;44.770999908447266;44.770999908447266;17
2024-09-26 09:45:00+02:00;44.78200149536133;44.78200149536133;44.78200149536133;44.78200149536133;44.78200149536133;25
2024-09-26 09:47:00+02:00;44.7760009765625;44.7760009765625;44.7760009765625;44.7760009765625;44.7760009765625;3
2024-09-26 09:48:00+02:00;44.77299880981445;44.77299880981445;44.77299880981445;44.77299880981445;44.77299880981445;5
2024-09-26 09:49:00+02:00;44.77199935913086;44.77299880981445;44.77199935913086;44.77299880981445;44.77299880981445;13
2024-09-26 09:50:00+02:00;44.77299880981445;44.77299880981445;44.77299880981445;44.77299880981445;44.77299880981445;13
2024-09-26 09:51:00+02:00;44.777000427246094;44.80799865722656;44.7760009765625;44.80799865722656;44.80799865722656;718
2024-09-26 09:52:00+02:00;44.79499816894531;44.79499816894531;44.792999267578125;44.792999267578125;44.792999267578125;19
2024-09-26 09:53:00+02:00;44.79199981689453;44.79199981689453;44.790000915527344;44.790000915527344;44.790000915527344;71
2024-09-26 09:56:00+02:00;44.82899856567383;44.847999572753906;44.82899856567383;44.847999572753906;44.847999572753906;143
2024-09-26 09:57:00+02:00;44.84700012207031;44.84700012207031;44.84700012207031;44.84700012207031;44.84700012207031;1
2024-09-26 09:58:00+02:00;44.86000061035156;44.86000061035156;44.86000061035156;44.86000061035156;44.86000061035156;25
2024-09-26 09:59:00+02:00;44.858001708984375;44.858001708984375;44.858001708984375;44.858001708984375;44.858001708984375;11
2024-09-26 10:01:00+02:00;44.875999450683594;44.875999450683594;44.85900115966797;44.85900115966797;44.85900115966797;734
2024-09-26 10:02:00+02:00;44.875999450683594;44.875999450683594;44.875999450683594;44.875999450683594;44.875999450683594;5
2024-09-26 10:06:00+02:00;44.86199951171875;44.86199951171875;44.86199951171875;44.86199951171875;44.86199951171875;3
2024-09-26 10:07:00+02:00;44.856998443603516;44.856998443603516;44.85300064086914;44.854000091552734;44.854000091552734;23
2024-09-26 10:09:00+02:00;44.85200119018555;44.85200119018555;44.85200119018555;44.85200119018555;44.85200119018555;3
2024-09-26 10:12:00+02:00;44.8489990234375;44.854000091552734;44.8489990234375;44.854000091552734;44.854000091552734;7
2024-09-26 10:13:00+02:00;44.8489990234375;44.8489990234375;44.8489990234375;44.8489990234375;44.8489990234375;66
2024-09-26 10:14:00+02:00;44.8489990234375;44.8489990234375;44.8489990234375;44.8489990234375;44.8489990234375;384
2024-09-26 10:16:00+02:00;44.847999572753906;44.847999572753906;44.83700180053711;44.83700180053711;44.83700180053711;37
2024-09-26 10:18:00+02:00;44.85200119018555;44.85200119018555;44.84000015258789;44.84000015258789;44.84000015258789;41
2024-09-26 10:21:00+02:00;44.85599899291992;44.85599899291992;44.85599899291992;44.85599899291992;44.85599899291992;4
2024-09-26 10:24:00+02:00;44.869998931884766;44.869998931884766;44.869998931884766;44.869998931884766;44.869998931884766;10
2024-09-26 10:25:00+02:00;44.88800048828125;44.88800048828125;44.88600158691406;44.88600158691406;44.88600158691406;11
2024-09-26 10:29:00+02:00;44.85100173950195;44.85100173950195;44.84000015258789;44.84000015258789;44.84000015258789;2
2024-09-26 10:30:00+02:00;44.84000015258789;44.84000015258789;44.84000015258789;44.84000015258789;44.84000015258789;3
2024-09-26 10:31:00+02:00;44.84000015258789;44.84700012207031;44.84000015258789;44.84700012207031;44.84700012207031;62
2024-09-26 10:33:00+02:00;44.83000183105469;44.834999084472656;44.83000183105469;44.834999084472656;44.834999084472656;30
2024-09-26 10:35:00+02:00;44.827999114990234;44.827999114990234;44.827999114990234;44.827999114990234;44.827999114990234;3
2024-09-26 10:36:00+02:00;44.8390007019043;44.8390007019043;44.8390007019043;44.8390007019043;44.8390007019043;11
2024-09-26 10:39:00+02:00;44.83300018310547;44.83300018310547;44.823001861572266;44.823001861572266;44.823001861572266;6
2024-09-26 10:41:00+02:00;44.823001861572266;44.823001861572266;44.82099914550781;44.82099914550781;44.82099914550781;13
2024-09-26 10:42:00+02:00;44.819000244140625;44.819000244140625;44.819000244140625;44.819000244140625;44.819000244140625;11
2024-09-26 10:45:00+02:00;44.819000244140625;44.819000244140625;44.819000244140625;44.819000244140625;44.819000244140625;4
2024-09-26 10:46:00+02:00;44.834999084472656;44.834999084472656;44.834999084472656;44.834999084472656;44.834999084472656;6
2024-09-26 10:47:00+02:00;44.82899856567383;44.834999084472656;44.82899856567383;44.834999084472656;44.834999084472656;561
2024-09-26 10:49:00+02:00;44.83000183105469;44.83000183105469;44.827999114990234;44.827999114990234;44.827999114990234;21
2024-09-26 10:50:00+02:00;44.81999969482422;44.81999969482422;44.81999969482422;44.81999969482422;44.81999969482422;11
2024-09-26 10:52:00+02:00;44.83000183105469;44.83000183105469;44.83000183105469;44.83000183105469;44.83000183105469;100
2024-09-26 10:53:00+02:00;44.83399963378906;44.83399963378906;44.827999114990234;44.827999114990234;44.827999114990234;44
2024-09-26 10:54:00+02:00;44.81999969482422;44.82699966430664;44.8120002746582;44.82699966430664;44.82699966430664;6
2024-09-26 10:55:00+02:00;44.82400131225586;44.82400131225586;44.82400131225586;44.82400131225586;44.82400131225586;3
2024-09-26 10:56:00+02:00;44.83399963378906;44.83399963378906;44.83399963378906;44.83399963378906;44.83399963378906;6
2024-09-26 10:57:00+02:00;44.82899856567383;44.82899856567383;44.82899856567383;44.82899856567383;44.82899856567383;1
2024-09-26 10:58:00+02:00;44.82400131225586;44.82400131225586;44.82400131225586;44.82400131225586;44.82400131225586;10
2024-09-26 11:00:00+02:00;44.810001373291016;44.81999969482422;44.810001373291016;44.81999969482422;44.81999969482422;121
2024-09-26 11:01:00+02:00;44.81800079345703;44.81800079345703;44.79999923706055;44.79999923706055;44.79999923706055;83
2024-09-26 11:02:00+02:00;44.790000915527344;44.790000915527344;44.790000915527344;44.790000915527344;44.790000915527344;6
2024-09-26 11:04:00+02:00;44.784000396728516;44.784000396728516;44.784000396728516;44.784000396728516;44.784000396728516;3
2024-09-26 11:05:00+02:00;44.79499816894531;44.79499816894531;44.79499816894531;44.79499816894531;44.79499816894531;3
2024-09-26 11:07:00+02:00;44.790000915527344;44.790000915527344;44.790000915527344;44.790000915527344;44.790000915527344;89
2024-09-26 11:08:00+02:00;44.79100036621094;44.79100036621094;44.79100036621094;44.79100036621094;44.79100036621094;2
2024-09-26 11:09:00+02:00;44.77799987792969;44.77799987792969;44.77799987792969;44.77799987792969;44.77799987792969;35
2024-09-26 11:10:00+02:00;44.77299880981445;44.77299880981445;44.77299880981445;44.77299880981445;44.77299880981445;4
2024-09-26 11:11:00+02:00;44.77299880981445;44.77299880981445;44.77299880981445;44.77299880981445;44.77299880981445;33
2024-09-26 11:13:00+02:00;44.78300094604492;44.80699920654297;44.78300094604492;44.80400085449219;44.80400085449219;26
2024-09-26 11:14:00+02:00;44.797000885009766;44.797000885009766;44.797000885009766;44.797000885009766;44.797000885009766;4
2024-09-26 11:17:00+02:00;44.77799987792969;44.792999267578125;44.77799987792969;44.79199981689453;44.79199981689453;329
2024-09-26 11:18:00+02:00;44.792999267578125;44.792999267578125;44.792999267578125;44.792999267578125;44.792999267578125;4
2024-09-26 11:19:00+02:00;44.79399871826172;44.79399871826172;44.79399871826172;44.79399871826172;44.79399871826172;4
2024-09-26 11:21:00+02:00;44.78799819946289;44.78799819946289;44.7859992980957;44.7859992980957;44.7859992980957;42
2024-09-26 11:23:00+02:00;44.77899932861328;44.77899932861328;44.77899932861328;44.77899932861328;44.77899932861328;2
2024-09-26 11:24:00+02:00;44.76900100708008;44.78799819946289;44.76900100708008;44.78799819946289;44.78799819946289;45
2024-09-26 11:28:00+02:00;44.78099822998047;44.78499984741211;44.78099822998047;44.78499984741211;44.78499984741211;11
2024-09-26 11:32:00+02:00;44.77399826049805;44.77399826049805;44.77399826049805;44.77399826049805;44.77399826049805;3
2024-09-26 11:35:00+02:00;44.77899932861328;44.77899932861328;44.77899932861328;44.77899932861328;44.77899932861328;7
2024-09-26 11:36:00+02:00;44.79100036621094;44.79100036621094;44.78900146484375;44.78900146484375;44.78900146484375;28
2024-09-26 11:38:00+02:00;44.79800033569336;44.79800033569336;44.79800033569336;44.79800033569336;44.79800033569336;22
2024-09-26 11:40:00+02:00;44.81700134277344;44.81700134277344;44.814998626708984;44.814998626708984;44.814998626708984;20
2024-09-26 11:41:00+02:00;44.8129997253418;44.8129997253418;44.8129997253418;44.8129997253418;44.8129997253418;11
2024-09-26 11:42:00+02:00;44.79999923706055;44.79999923706055;44.79999923706055;44.79999923706055;44.79999923706055;22
2024-09-26 11:43:00+02:00;44.790000915527344;44.790000915527344;44.7869987487793;44.7869987487793;44.7869987487793;90
2024-09-26 11:44:00+02:00;44.784000396728516;44.792999267578125;44.770999908447266;44.792999267578125;44.792999267578125;49
2024-09-26 11:45:00+02:00;44.792999267578125;44.792999267578125;44.792999267578125;44.792999267578125;44.792999267578125;23
2024-09-26 11:48:00+02:00;44.78799819946289;44.78799819946289;44.78799819946289;44.78799819946289;44.78799819946289;3
2024-09-26 11:49:00+02:00;44.7859992980957;44.7859992980957;44.7859992980957;44.7859992980957;44.7859992980957;150
2024-09-26 11:55:00+02:00;44.7859992980957;44.78900146484375;44.7859992980957;44.78900146484375;44.78900146484375;12
2024-09-26 11:58:00+02:00;44.801998138427734;44.801998138427734;44.801998138427734;44.801998138427734;44.801998138427734;4
2024-09-26 12:00:00+02:00;44.81399917602539;44.81399917602539;44.81399917602539;44.81399917602539;44.81399917602539;2
2024-09-26 12:06:00+02:00;44.80699920654297;44.80699920654297;44.80699920654297;44.80699920654297;44.80699920654297;10
2024-09-26 12:09:00+02:00;44.80500030517578;44.80500030517578;44.80500030517578;44.80500030517578;44.80500030517578;10
2024-09-26 12:11:00+02:00;44.80099868774414;44.80099868774414;44.78900146484375;44.79899978637695;44.79899978637695;16
2024-09-26 12:12:00+02:00;44.803001403808594;44.803001403808594;44.803001403808594;44.803001403808594;44.803001403808594;87
2024-09-26 12:14:00+02:00;44.801998138427734;44.801998138427734;44.801998138427734;44.801998138427734;44.801998138427734;3
2024-09-26 12:15:00+02:00;44.80699920654297;44.80699920654297;44.80500030517578;44.80699920654297;44.80699920654297;102
2024-09-26 12:17:00+02:00;44.8129997253418;44.8129997253418;44.8129997253418;44.8129997253418;44.8129997253418;10
2024-09-26 12:18:00+02:00;44.81100082397461;44.81100082397461;44.808998107910156;44.808998107910156;44.808998107910156;19
2024-09-26 12:21:00+02:00;44.803001403808594;44.803001403808594;44.803001403808594;44.803001403808594;44.803001403808594;5
2024-09-26 12:22:00+02:00;44.79499816894531;44.79499816894531;44.79199981689453;44.79199981689453;44.79199981689453;13
2024-09-26 12:24:00+02:00;44.790000915527344;44.790000915527344;44.790000915527344;44.790000915527344;44.790000915527344;3
2024-09-26 12:26:00+02:00;44.79100036621094;44.79100036621094;44.79100036621094;44.79100036621094;44.79100036621094;22
2024-09-26 12:30:00+02:00;44.8120002746582;44.8120002746582;44.8120002746582;44.8120002746582;44.8120002746582;50
2024-09-26 12:31:00+02:00;44.810001373291016;44.810001373291016;44.808998107910156;44.808998107910156;44.808998107910156;117
2024-09-26 12:36:00+02:00;44.77899932861328;44.77899932861328;44.77899932861328;44.77899932861328;44.77899932861328;25
2024-09-26 12:37:00+02:00;44.76900100708008;44.76900100708008;44.76900100708008;44.76900100708008;44.76900100708008;100
2024-09-26 12:38:00+02:00;44.7599983215332;44.7599983215332;44.7599983215332;44.7599983215332;44.7599983215332;11
2024-09-26 12:41:00+02:00;44.76900100708008;44.76900100708008;44.76900100708008;44.76900100708008;44.76900100708008;2
2024-09-26 12:42:00+02:00;44.78499984741211;44.78499984741211;44.78499984741211;44.78499984741211;44.78499984741211;12
2024-09-26 12:44:00+02:00;44.7859992980957;44.7859992980957;44.7859992980957;44.7859992980957;44.7859992980957;4
2024-09-26 12:45:00+02:00;44.7859992980957;44.7859992980957;44.7859992980957;44.7859992980957;44.7859992980957;5
2024-09-26 12:47:00+02:00;44.79499816894531;44.79499816894531;44.79499816894531;44.79499816894531;44.79499816894531;11
2024-09-26 12:48:00+02:00;44.792999267578125;44.792999267578125;44.792999267578125;44.792999267578125;44.792999267578125;134
2024-09-26 12:51:00+02:00;44.79999923706055;44.79999923706055;44.79999923706055;44.79999923706055;44.79999923706055;17
2024-09-26 12:52:00+02:00;44.80500030517578;44.80500030517578;44.80500030517578;44.80500030517578;44.80500030517578;2
2024-09-26 12:55:00+02:00;44.79199981689453;44.79199981689453;44.779998779296875;44.779998779296875;44.779998779296875;239
2024-09-26 12:57:00+02:00;44.770999908447266;44.770999908447266;44.770999908447266;44.770999908447266;44.770999908447266;2
2024-09-26 13:05:00+02:00;44.7599983215332;44.762001037597656;44.7599983215332;44.762001037597656;44.762001037597656;58
2024-09-26 13:08:00+02:00;44.766998291015625;44.766998291015625;44.766998291015625;44.766998291015625;44.766998291015625;210
2024-09-26 13:10:00+02:00;44.75;44.75299835205078;44.75;44.75299835205078;44.75299835205078;115
2024-09-26 13:14:00+02:00;44.75;44.75;44.75;44.75;44.75;12
2024-09-26 13:15:00+02:00;44.75;44.75;44.75;44.75;44.75;11
2024-09-26 13:16:00+02:00;44.766998291015625;44.766998291015625;44.766998291015625;44.766998291015625;44.766998291015625;7
2024-09-26 13:17:00+02:00;44.76499938964844;44.777000427246094;44.76499938964844;44.777000427246094;44.777000427246094;17
2024-09-26 13:19:00+02:00;44.77399826049805;44.77399826049805;44.77399826049805;44.77399826049805;44.77399826049805;6
2024-09-26 13:21:00+02:00;44.7760009765625;44.7760009765625;44.7760009765625;44.7760009765625;44.7760009765625;20
2024-09-26 13:23:00+02:00;44.77899932861328;44.77899932861328;44.77899932861328;44.77899932861328;44.77899932861328;1
2024-09-26 13:29:00+02:00;44.7869987487793;44.7869987487793;44.7869987487793;44.7869987487793;44.7869987487793;8
2024-09-26 13:30:00+02:00;44.77399826049805;44.77399826049805;44.77399826049805;44.77399826049805;44.77399826049805;1
2024-09-26 13:34:00+02:00;44.77000045776367;44.77000045776367;44.77000045776367;44.77000045776367;44.77000045776367;9
2024-09-26 13:35:00+02:00;44.77000045776367;44.77000045776367;44.77000045776367;44.77000045776367;44.77000045776367;2
2024-09-26 13:36:00+02:00;44.77000045776367;44.777000427246094;44.77000045776367;44.777000427246094;44.777000427246094;93
2024-09-26 13:38:00+02:00;44.77399826049805;44.77399826049805;44.77399826049805;44.77399826049805;44.77399826049805;1
2024-09-26 13:39:00+02:00;44.775001525878906;44.775001525878906;44.775001525878906;44.775001525878906;44.775001525878906;3
2024-09-26 13:40:00+02:00;44.77799987792969;44.77799987792969;44.77799987792969;44.77799987792969;44.77799987792969;5
2024-09-26 13:41:00+02:00;44.77799987792969;44.77799987792969;44.77799987792969;44.77799987792969;44.77799987792969;25
2024-09-26 13:45:00+02:00;44.766998291015625;44.76900100708008;44.766998291015625;44.76900100708008;44.76900100708008;11
2024-09-26 13:46:00+02:00;44.766998291015625;44.766998291015625;44.766998291015625;44.766998291015625;44.766998291015625;5
2024-09-26 13:47:00+02:00;44.75;44.75;44.75;44.75;44.75;3
2024-09-26 13:48:00+02:00;44.75;44.75;44.75;44.75;44.75;63
2024-09-26 13:49:00+02:00;44.755001068115234;44.755001068115234;44.7400016784668;44.7400016784668;44.7400016784668;54
2024-09-26 13:50:00+02:00;44.7400016784668;44.7400016784668;44.7400016784668;44.7400016784668;44.7400016784668;4
2024-09-26 13:52:00+02:00;44.74700164794922;44.74700164794922;44.74700164794922;44.74700164794922;44.74700164794922;25
2024-09-26 13:54:00+02:00;44.750999450683594;44.750999450683594;44.750999450683594;44.750999450683594;44.750999450683594;2
2024-09-26 13:56:00+02:00;44.779998779296875;44.779998779296875;44.7760009765625;44.7760009765625;44.7760009765625;10
2024-09-26 13:57:00+02:00;44.77299880981445;44.77299880981445;44.770999908447266;44.770999908447266;44.770999908447266;230
2024-09-26 13:58:00+02:00;44.768001556396484;44.768001556396484;44.76100158691406;44.76100158691406;44.76100158691406;13
2024-09-26 14:02:00+02:00;44.72800064086914;44.72800064086914;44.72800064086914;44.72800064086914;44.72800064086914;2
2024-09-26 14:03:00+02:00;44.71699905395508;44.74300003051758;44.71699905395508;44.74300003051758;44.74300003051758;327
2024-09-26 14:06:00+02:00;44.733001708984375;44.733001708984375;44.733001708984375;44.733001708984375;44.733001708984375;220
2024-09-26 14:09:00+02:00;44.72600173950195;44.72600173950195;44.72600173950195;44.72600173950195;44.72600173950195;12
2024-09-26 14:10:00+02:00;44.72700119018555;44.72700119018555;44.72700119018555;44.72700119018555;44.72700119018555;1
2024-09-26 14:11:00+02:00;44.73500061035156;44.73500061035156;44.73500061035156;44.73500061035156;44.73500061035156;5
2024-09-26 14:13:00+02:00;44.71900177001953;44.71900177001953;44.71900177001953;44.71900177001953;44.71900177001953;3
2024-09-26 14:19:00+02:00;44.737998962402344;44.737998962402344;44.736000061035156;44.736000061035156;44.736000061035156;182
2024-09-26 14:22:00+02:00;44.737998962402344;44.737998962402344;44.737998962402344;44.737998962402344;44.737998962402344;1
2024-09-26 14:27:00+02:00;44.72600173950195;44.72600173950195;44.72600173950195;44.72600173950195;44.72600173950195;2
2024-09-26 14:28:00+02:00;44.75699996948242;44.75699996948242;44.75699996948242;44.75699996948242;44.75699996948242;78
2024-09-26 14:35:00+02:00;44.79499816894531;44.79499816894531;44.79499816894531;44.79499816894531;44.79499816894531;6
2024-09-26 14:37:00+02:00;44.80699920654297;44.80699920654297;44.805999755859375;44.805999755859375;44.805999755859375;62
2024-09-26 14:38:00+02:00;44.79999923706055;44.79999923706055;44.79999923706055;44.79999923706055;44.79999923706055;18
2024-09-26 14:39:00+02:00;44.80500030517578;44.80500030517578;44.80500030517578;44.80500030517578;44.80500030517578;10
2024-09-26 14:40:00+02:00;44.81999969482422;44.81999969482422;44.81999969482422;44.81999969482422;44.81999969482422;2
2024-09-26 14:47:00+02:00;44.78499984741211;44.78499984741211;44.78099822998047;44.78099822998047;44.78099822998047;127
2024-09-26 14:48:00+02:00;44.78200149536133;44.78200149536133;44.78099822998047;44.78099822998047;44.78099822998047;9
2024-09-26 14:51:00+02:00;44.78499984741211;44.78499984741211;44.78099822998047;44.78499984741211;44.78499984741211;17
2024-09-26 14:54:00+02:00;44.79800033569336;44.79800033569336;44.79800033569336;44.79800033569336;44.79800033569336;12
2024-09-26 14:55:00+02:00;44.79600143432617;44.79600143432617;44.79600143432617;44.79600143432617;44.79600143432617;5
2024-09-26 14:58:00+02:00;44.78900146484375;44.78900146484375;44.78900146484375;44.78900146484375;44.78900146484375;20
2024-09-26 15:02:00+02:00;44.81100082397461;44.81100082397461;44.78900146484375;44.78900146484375;44.78900146484375;36
2024-09-26 15:04:00+02:00;44.81999969482422;44.81999969482422;44.81999969482422;44.81999969482422;44.81999969482422;6
2024-09-26 15:05:00+02:00;44.81999969482422;44.81999969482422;44.81999969482422;44.81999969482422;44.81999969482422;482
2024-09-26 15:06:00+02:00;44.83300018310547;44.83300018310547;44.83300018310547;44.83300018310547;44.83300018310547;3
2024-09-26 15:07:00+02:00;44.823001861572266;44.823001861572266;44.823001861572266;44.823001861572266;44.823001861572266;11
2024-09-26 15:08:00+02:00;44.81999969482422;44.81999969482422;44.81999969482422;44.81999969482422;44.81999969482422;2
2024-09-26 15:10:00+02:00;44.80099868774414;44.82400131225586;44.80099868774414;44.82400131225586;44.82400131225586;15
2024-09-26 15:11:00+02:00;44.83300018310547;44.83300018310547;44.83300018310547;44.83300018310547;44.83300018310547;100
2024-09-26 15:12:00+02:00;44.834999084472656;44.834999084472656;44.834999084472656;44.834999084472656;44.834999084472656;83
2024-09-26 15:16:00+02:00;44.840999603271484;44.840999603271484;44.8390007019043;44.8390007019043;44.8390007019043;10
2024-09-26 15:18:00+02:00;44.8650016784668;44.8650016784668;44.8650016784668;44.8650016784668;44.8650016784668;6
2024-09-26 15:20:00+02:00;44.86199951171875;44.8650016784668;44.86199951171875;44.8650016784668;44.8650016784668;14
2024-09-26 15:21:00+02:00;44.86199951171875;44.86199951171875;44.86000061035156;44.86000061035156;44.86000061035156;10
2024-09-26 15:23:00+02:00;44.84700012207031;44.84700012207031;44.84700012207031;44.84700012207031;44.84700012207031;13
2024-09-26 15:24:00+02:00;44.845001220703125;44.845001220703125;44.845001220703125;44.845001220703125;44.845001220703125;5
2024-09-26 15:25:00+02:00;44.8390007019043;44.8390007019043;44.81999969482422;44.821998596191406;44.821998596191406;29
2024-09-26 15:27:00+02:00;44.78799819946289;44.78799819946289;44.78799819946289;44.78799819946289;44.78799819946289;7
2024-09-26 15:29:00+02:00;44.75699996948242;44.75699996948242;44.75699996948242;44.75699996948242;44.75699996948242;150
2024-09-26 15:30:00+02:00;44.720001220703125;44.720001220703125;44.720001220703125;44.720001220703125;44.720001220703125;5
2024-09-26 15:31:00+02:00;44.72600173950195;44.72600173950195;44.72600173950195;44.72600173950195;44.72600173950195;124
2024-09-26 15:32:00+02:00;44.70000076293945;44.70000076293945;44.70000076293945;44.70000076293945;44.70000076293945;513
2024-09-26 15:34:00+02:00;44.68000030517578;44.68600082397461;44.68000030517578;44.68600082397461;44.68600082397461;61
2024-09-26 15:36:00+02:00;44.67499923706055;44.67499923706055;44.67499923706055;44.67499923706055;44.67499923706055;1
2024-09-26 15:37:00+02:00;44.68299865722656;44.68299865722656;44.68299865722656;44.68299865722656;44.68299865722656;2370
2024-09-26 15:38:00+02:00;44.724998474121094;44.724998474121094;44.724998474121094;44.724998474121094;44.724998474121094;1
2024-09-26 15:39:00+02:00;44.73899841308594;44.73899841308594;44.73899841308594;44.73899841308594;44.73899841308594;1
2024-09-26 15:41:00+02:00;44.71500015258789;44.71500015258789;44.71500015258789;44.71500015258789;44.71500015258789;2370
2024-09-26 15:43:00+02:00;44.698001861572266;44.698001861572266;44.698001861572266;44.698001861572266;44.698001861572266;1
2024-09-26 15:44:00+02:00;44.70100021362305;44.715999603271484;44.70100021362305;44.715999603271484;44.715999603271484;2503
2024-09-26 15:46:00+02:00;44.73899841308594;44.73899841308594;44.73899841308594;44.73899841308594;44.73899841308594;120
2024-09-26 15:51:00+02:00;44.72700119018555;44.72700119018555;44.72700119018555;44.72700119018555;44.72700119018555;462
2024-09-26 15:54:00+02:00;44.75899887084961;44.75899887084961;44.75899887084961;44.75899887084961;44.75899887084961;1
2024-09-26 15:55:00+02:00;44.75;44.75;44.73099899291992;44.73099899291992;44.73099899291992;145
2024-09-26 15:57:00+02:00;44.72999954223633;44.72999954223633;44.72999954223633;44.72999954223633;44.72999954223633;111
2024-09-26 15:58:00+02:00;44.7400016784668;44.7400016784668;44.7400016784668;44.7400016784668;44.7400016784668;2
2024-09-26 16:00:00+02:00;44.79600143432617;44.79600143432617;44.79600143432617;44.79600143432617;44.79600143432617;56
2024-09-26 16:01:00+02:00;44.7400016784668;44.7400016784668;44.7400016784668;44.7400016784668;44.7400016784668;2
2024-09-26 16:05:00+02:00;44.7400016784668;44.74599838256836;44.7400016784668;44.74599838256836;44.74599838256836;111
2024-09-26 16:06:00+02:00;44.75;44.75;44.74599838256836;44.74599838256836;44.74599838256836;2379
2024-09-26 16:07:00+02:00;44.76499938964844;44.76499938964844;44.76499938964844;44.76499938964844;44.76499938964844;1
2024-09-26 16:08:00+02:00;44.75899887084961;44.75899887084961;44.75899887084961;44.75899887084961;44.75899887084961;5
2024-09-26 16:09:00+02:00;44.75199890136719;44.75199890136719;44.75199890136719;44.75199890136719;44.75199890136719;1
2024-09-26 16:10:00+02:00;44.73899841308594;44.73899841308594;44.73899841308594;44.73899841308594;44.73899841308594;110
2024-09-26 16:11:00+02:00;44.75;44.75;44.75;44.75;44.75;34
2024-09-26 16:13:00+02:00;44.720001220703125;44.720001220703125;44.70500183105469;44.70600128173828;44.70600128173828;585
2024-09-26 16:14:00+02:00;44.724998474121094;44.724998474121094;44.71699905395508;44.71699905395508;44.71699905395508;185
2024-09-26 16:15:00+02:00;44.72100067138672;44.72100067138672;44.72100067138672;44.72100067138672;44.72100067138672;3
2024-09-26 16:16:00+02:00;44.73500061035156;44.73500061035156;44.73500061035156;44.73500061035156;44.73500061035156;11
2024-09-26 16:18:00+02:00;44.70000076293945;44.70000076293945;44.70000076293945;44.70000076293945;44.70000076293945;122
2024-09-26 16:20:00+02:00;44.67900085449219;44.67900085449219;44.67900085449219;44.67900085449219;44.67900085449219;37
2024-09-26 16:23:00+02:00;44.667999267578125;44.667999267578125;44.667999267578125;44.667999267578125;44.667999267578125;8
2024-09-26 16:26:00+02:00;44.65299987792969;44.65299987792969;44.65299987792969;44.65299987792969;44.65299987792969;65
2024-09-26 16:27:00+02:00;44.66600036621094;44.66600036621094;44.66600036621094;44.66600036621094;44.66600036621094;2
2024-09-26 16:29:00+02:00;44.654998779296875;44.654998779296875;44.654998779296875;44.654998779296875;44.654998779296875;2370
2024-09-26 16:32:00+02:00;44.63999938964844;44.63999938964844;44.63999938964844;44.63999938964844;44.63999938964844;11
2024-09-26 16:37:00+02:00;44.65399932861328;44.65399932861328;44.630001068115234;44.632999420166016;44.632999420166016;231
2024-09-26 16:39:00+02:00;44.66299819946289;44.66299819946289;44.66299819946289;44.66299819946289;44.66299819946289;10
2024-09-26 16:40:00+02:00;44.64699935913086;44.64699935913086;44.643001556396484;44.643001556396484;44.643001556396484;105
2024-09-26 16:41:00+02:00;44.61000061035156;44.61000061035156;44.61000061035156;44.61000061035156;44.61000061035156;8
2024-09-26 16:42:00+02:00;44.60200119018555;44.60200119018555;44.60200119018555;44.60200119018555;44.60200119018555;49
2024-09-26 16:43:00+02:00;44.59700012207031;44.611000061035156;44.59700012207031;44.597999572753906;44.597999572753906;567
2024-09-26 16:44:00+02:00;44.59199905395508;44.59199905395508;44.59199905395508;44.59199905395508;44.59199905395508;1
2024-09-26 16:47:00+02:00;44.61199951171875;44.61199951171875;44.5890007019043;44.5890007019043;44.5890007019043;19
2024-09-26 16:48:00+02:00;44.54999923706055;44.54999923706055;44.518001556396484;44.518001556396484;44.518001556396484;220
2024-09-26 16:51:00+02:00;44.5260009765625;44.5260009765625;44.5260009765625;44.5260009765625;44.5260009765625;35
2024-09-26 16:52:00+02:00;44.51499938964844;44.51499938964844;44.5;44.5;44.5;177
2024-09-26 16:53:00+02:00;44.486000061035156;44.486000061035156;44.486000061035156;44.486000061035156;44.486000061035156;35
2024-09-26 16:54:00+02:00;44.4900016784668;44.505001068115234;44.4900016784668;44.505001068115234;44.505001068115234;2430
2024-09-26 16:55:00+02:00;44.4630012512207;44.4630012512207;44.45800018310547;44.45800018310547;44.45800018310547;106
2024-09-26 16:58:00+02:00;44.46500015258789;44.46500015258789;44.46500015258789;44.46500015258789;44.46500015258789;125
2024-09-26 16:59:00+02:00;44.4739990234375;44.4739990234375;44.4739990234375;44.4739990234375;44.4739990234375;180
2024-09-26 17:00:00+02:00;44.45000076293945;44.45000076293945;44.439998626708984;44.439998626708984;44.439998626708984;108
2024-09-26 17:01:00+02:00;44.44900131225586;44.44900131225586;44.44900131225586;44.44900131225586;44.44900131225586;50
2024-09-26 17:02:00+02:00;44.46200180053711;44.46200180053711;44.46200180053711;44.46200180053711;44.46200180053711;2
2024-09-26 17:03:00+02:00;44.47600173950195;44.47600173950195;44.47600173950195;44.47600173950195;44.47600173950195;134
2024-09-26 17:04:00+02:00;44.47600173950195;44.47600173950195;44.47600173950195;44.47600173950195;44.47600173950195;3
2024-09-26 17:05:00+02:00;44.5;44.5;44.5;44.5;44.5;4
2024-09-26 17:08:00+02:00;44.5;44.5;44.5;44.5;44.5;1
2024-09-26 17:10:00+02:00;44.50699996948242;44.50699996948242;44.47600173950195;44.47600173950195;44.47600173950195;1186
2024-09-26 17:12:00+02:00;44.47600173950195;44.47600173950195;44.470001220703125;44.470001220703125;44.470001220703125;4
2024-09-26 17:13:00+02:00;44.46200180053711;44.46200180053711;44.46200180053711;44.46200180053711;44.46200180053711;4
2024-09-26 17:15:00+02:00;44.46900177001953;44.46900177001953;44.46900177001953;44.46900177001953;44.46900177001953;45
2024-09-26 17:16:00+02:00;44.43299865722656;44.46099853515625;44.43299865722656;44.46099853515625;44.46099853515625;338
2024-09-26 17:17:00+02:00;44.46099853515625;44.46099853515625;44.46099853515625;44.46099853515625;44.46099853515625;2
2024-09-26 17:19:00+02:00;44.43600082397461;44.43600082397461;44.42599868774414;44.42599868774414;44.42599868774414;17
2024-09-26 17:22:00+02:00;44.43600082397461;44.43600082397461;44.43600082397461;44.43600082397461;44.43600082397461;1
2024-09-26 17:23:00+02:00;44.40999984741211;44.40999984741211;44.40999984741211;44.40999984741211;44.40999984741211;5
2024-09-26 17:25:00+02:00;44.422000885009766;44.422000885009766;44.40999984741211;44.40999984741211;44.40999984741211;208
2024-09-26 17:26:00+02:00;44.40999984741211;44.40999984741211;44.40999984741211;44.40999984741211;44.40999984741211;3
2024-09-26 17:27:00+02:00;44.400001525878906;44.40399932861328;44.39799880981445;44.40399932861328;44.40399932861328;57
