Datetime;Open;High;Low;Close;Adj Close;Volume
2024-09-19 09:04:00+02:00;44.13999938964844;44.150001525878906;44.13999938964844;44.150001525878906;44.150001525878906;0
2024-09-19 09:06:00+02:00;44.137001037597656;44.137001037597656;44.137001037597656;44.137001037597656;44.137001037597656;30
2024-09-19 09:07:00+02:00;44.138999938964844;44.14500045776367;44.138999938964844;44.14500045776367;44.14500045776367;2300
2024-09-19 09:08:00+02:00;44.1349983215332;44.1349983215332;44.13100051879883;44.13100051879883;44.13100051879883;1490
2024-09-19 09:09:00+02:00;44.10100173950195;44.10100173950195;44.099998474121094;44.099998474121094;44.099998474121094;106
2024-09-19 09:10:00+02:00;44.10900115966797;44.10900115966797;44.10900115966797;44.10900115966797;44.10900115966797;2
2024-09-19 09:11:00+02:00;44.11399841308594;44.11399841308594;44.11399841308594;44.11399841308594;44.11399841308594;2
2024-09-19 09:12:00+02:00;44.10300064086914;44.104000091552734;44.10300064086914;44.104000091552734;44.104000091552734;190
2024-09-19 09:13:00+02:00;44.08599853515625;44.08599853515625;44.08599853515625;44.08599853515625;44.08599853515625;10
2024-09-19 09:16:00+02:00;44.09600067138672;44.09600067138672;44.09600067138672;44.09600067138672;44.09600067138672;2
2024-09-19 09:17:00+02:00;44.11000061035156;44.11000061035156;44.11000061035156;44.11000061035156;44.11000061035156;31
2024-09-19 09:18:00+02:00;44.112998962402344;44.112998962402344;44.112998962402344;44.112998962402344;44.112998962402344;350
2024-09-19 09:19:00+02:00;44.12900161743164;44.12900161743164;44.124000549316406;44.124000549316406;44.124000549316406;893
2024-09-19 09:20:00+02:00;44.13999938964844;44.13999938964844;44.13999938964844;44.13999938964844;44.13999938964844;1
2024-09-19 09:21:00+02:00;44.137001037597656;44.137001037597656;44.130001068115234;44.13199996948242;44.13199996948242;37
2024-09-19 09:24:00+02:00;44.13199996948242;44.13800048828125;44.13199996948242;44.13800048828125;44.13800048828125;38
2024-09-19 09:26:00+02:00;44.11899948120117;44.11899948120117;44.11899948120117;44.11899948120117;44.11899948120117;1514
2024-09-19 09:28:00+02:00;44.125999450683594;44.125999450683594;44.125999450683594;44.125999450683594;44.125999450683594;51
2024-09-19 09:29:00+02:00;44.108001708984375;44.108001708984375;44.108001708984375;44.108001708984375;44.108001708984375;1
2024-09-19 09:30:00+02:00;44.10200119018555;44.10200119018555;44.099998474121094;44.099998474121094;44.099998474121094;108
2024-09-19 09:31:00+02:00;44.10100173950195;44.10100173950195;44.10100173950195;44.10100173950195;44.10100173950195;100
2024-09-19 09:32:00+02:00;44.10200119018555;44.10200119018555;44.10200119018555;44.10200119018555;44.10200119018555;51
2024-09-19 09:37:00+02:00;44.13100051879883;44.13100051879883;44.13100051879883;44.13100051879883;44.13100051879883;227
2024-09-19 09:38:00+02:00;44.12300109863281;44.12300109863281;44.12300109863281;44.12300109863281;44.12300109863281;11
2024-09-19 09:40:00+02:00;44.125999450683594;44.125999450683594;44.125999450683594;44.125999450683594;44.125999450683594;1
2024-09-19 09:41:00+02:00;44.130001068115234;44.130001068115234;44.130001068115234;44.130001068115234;44.130001068115234;12
2024-09-19 09:44:00+02:00;44.14799880981445;44.14799880981445;44.145999908447266;44.145999908447266;44.145999908447266;170
2024-09-19 09:45:00+02:00;44.13999938964844;44.13999938964844;44.13999938964844;44.13999938964844;44.13999938964844;12
2024-09-19 09:46:00+02:00;44.130001068115234;44.130001068115234;44.125999450683594;44.125999450683594;44.125999450683594;61
2024-09-19 09:47:00+02:00;44.130001068115234;44.130001068115234;44.130001068115234;44.130001068115234;44.130001068115234;50
2024-09-19 09:48:00+02:00;44.12900161743164;44.12900161743164;44.12900161743164;44.12900161743164;44.12900161743164;113
2024-09-19 09:49:00+02:00;44.13100051879883;44.13100051879883;44.13100051879883;44.13100051879883;44.13100051879883;6
2024-09-19 09:51:00+02:00;44.1349983215332;44.1349983215332;44.1349983215332;44.1349983215332;44.1349983215332;20
2024-09-19 09:52:00+02:00;44.13100051879883;44.13100051879883;44.13100051879883;44.13100051879883;44.13100051879883;12
2024-09-19 09:53:00+02:00;44.13100051879883;44.13100051879883;44.13100051879883;44.13100051879883;44.13100051879883;3
2024-09-19 09:56:00+02:00;44.1510009765625;44.1510009765625;44.1510009765625;44.1510009765625;44.1510009765625;22
2024-09-19 09:57:00+02:00;44.1510009765625;44.1510009765625;44.1510009765625;44.1510009765625;44.1510009765625;68
2024-09-19 10:02:00+02:00;44.16999816894531;44.16999816894531;44.16999816894531;44.16999816894531;44.16999816894531;180
2024-09-19 10:03:00+02:00;44.18000030517578;44.18000030517578;44.18000030517578;44.18000030517578;44.18000030517578;37
2024-09-19 10:05:00+02:00;44.178001403808594;44.178001403808594;44.178001403808594;44.178001403808594;44.178001403808594;11
2024-09-19 10:07:00+02:00;44.17499923706055;44.17499923706055;44.17499923706055;44.17499923706055;44.17499923706055;85
2024-09-19 10:08:00+02:00;44.17300033569336;44.17300033569336;44.17300033569336;44.17300033569336;44.17300033569336;5
2024-09-19 10:09:00+02:00;44.17100143432617;44.17100143432617;44.17100143432617;44.17100143432617;44.17100143432617;11
2024-09-19 10:10:00+02:00;44.17399978637695;44.17399978637695;44.17399978637695;44.17399978637695;44.17399978637695;100
2024-09-19 10:11:00+02:00;44.198001861572266;44.198001861572266;44.198001861572266;44.198001861572266;44.198001861572266;65
2024-09-19 10:12:00+02:00;44.19499969482422;44.19499969482422;44.19499969482422;44.19499969482422;44.19499969482422;8
2024-09-19 10:13:00+02:00;44.20000076293945;44.20000076293945;44.20000076293945;44.20000076293945;44.20000076293945;6
2024-09-19 10:14:00+02:00;44.183998107910156;44.194000244140625;44.183998107910156;44.194000244140625;44.194000244140625;69
2024-09-19 10:15:00+02:00;44.18000030517578;44.18600082397461;44.18000030517578;44.18600082397461;44.18600082397461;58
2024-09-19 10:16:00+02:00;44.180999755859375;44.180999755859375;44.172000885009766;44.172000885009766;44.172000885009766;67
2024-09-19 10:18:00+02:00;44.17300033569336;44.17300033569336;44.17300033569336;44.17300033569336;44.17300033569336;28
2024-09-19 10:19:00+02:00;44.17100143432617;44.172000885009766;44.17100143432617;44.172000885009766;44.172000885009766;100
2024-09-19 10:21:00+02:00;44.178001403808594;44.178001403808594;44.178001403808594;44.178001403808594;44.178001403808594;100
2024-09-19 10:22:00+02:00;44.18199920654297;44.18199920654297;44.18199920654297;44.18199920654297;44.18199920654297;3
2024-09-19 10:23:00+02:00;44.1619987487793;44.1619987487793;44.1619987487793;44.1619987487793;44.1619987487793;100
2024-09-19 10:24:00+02:00;44.15999984741211;44.1609992980957;44.15399932861328;44.15399932861328;44.15399932861328;146
2024-09-19 10:26:00+02:00;44.14799880981445;44.14799880981445;44.14799880981445;44.14799880981445;44.14799880981445;1
2024-09-19 10:27:00+02:00;44.13999938964844;44.13999938964844;44.13999938964844;44.13999938964844;44.13999938964844;11
2024-09-19 10:28:00+02:00;44.138999938964844;44.138999938964844;44.1349983215332;44.1349983215332;44.1349983215332;41
2024-09-19 10:33:00+02:00;44.16400146484375;44.16400146484375;44.16400146484375;44.16400146484375;44.16400146484375;3
2024-09-19 10:34:00+02:00;44.1619987487793;44.1619987487793;44.14899826049805;44.14899826049805;44.14899826049805;24
2024-09-19 10:35:00+02:00;44.152000427246094;44.152000427246094;44.152000427246094;44.152000427246094;44.152000427246094;100
2024-09-19 10:36:00+02:00;44.150001525878906;44.150001525878906;44.150001525878906;44.150001525878906;44.150001525878906;2
2024-09-19 10:37:00+02:00;44.14899826049805;44.14899826049805;44.14899826049805;44.14899826049805;44.14899826049805;1
2024-09-19 10:41:00+02:00;44.150001525878906;44.150001525878906;44.150001525878906;44.150001525878906;44.150001525878906;3
2024-09-19 10:42:00+02:00;44.150001525878906;44.154998779296875;44.150001525878906;44.154998779296875;44.154998779296875;900
2024-09-19 10:43:00+02:00;44.15299987792969;44.15299987792969;44.15299987792969;44.15299987792969;44.15299987792969;11
2024-09-19 10:44:00+02:00;44.13999938964844;44.13999938964844;44.13999938964844;44.13999938964844;44.13999938964844;50
2024-09-19 10:45:00+02:00;44.14099884033203;44.14099884033203;44.14099884033203;44.14099884033203;44.14099884033203;11
2024-09-19 10:46:00+02:00;44.13800048828125;44.13800048828125;44.13800048828125;44.13800048828125;44.13800048828125;295
2024-09-19 10:47:00+02:00;44.14899826049805;44.14899826049805;44.14899826049805;44.14899826049805;44.14899826049805;20
2024-09-19 10:49:00+02:00;44.15399932861328;44.15399932861328;44.15399932861328;44.15399932861328;44.15399932861328;170
2024-09-19 10:50:00+02:00;44.15299987792969;44.15299987792969;44.14400100708008;44.14400100708008;44.14400100708008;200
2024-09-19 10:54:00+02:00;44.1609992980957;44.1609992980957;44.1609992980957;44.1609992980957;44.1609992980957;45
2024-09-19 10:56:00+02:00;44.159000396728516;44.1609992980957;44.159000396728516;44.15999984741211;44.15999984741211;95
2024-09-19 10:57:00+02:00;44.1619987487793;44.1619987487793;44.152000427246094;44.152000427246094;44.152000427246094;11
2024-09-19 10:58:00+02:00;44.1609992980957;44.1609992980957;44.1609992980957;44.1609992980957;44.1609992980957;3
2024-09-19 11:00:00+02:00;44.165000915527344;44.165000915527344;44.165000915527344;44.165000915527344;44.165000915527344;45
2024-09-19 11:04:00+02:00;44.152000427246094;44.152000427246094;44.152000427246094;44.152000427246094;44.152000427246094;7
2024-09-19 11:05:00+02:00;44.17300033569336;44.18199920654297;44.17300033569336;44.18199920654297;44.18199920654297;35
2024-09-19 11:07:00+02:00;44.180999755859375;44.180999755859375;44.180999755859375;44.180999755859375;44.180999755859375;10
2024-09-19 11:08:00+02:00;44.183998107910156;44.183998107910156;44.183998107910156;44.183998107910156;44.183998107910156;23
2024-09-19 11:10:00+02:00;44.18299865722656;44.18299865722656;44.18199920654297;44.18199920654297;44.18199920654297;1350
2024-09-19 11:11:00+02:00;44.18199920654297;44.18199920654297;44.18199920654297;44.18199920654297;44.18199920654297;5
2024-09-19 11:12:00+02:00;44.20000076293945;44.20000076293945;44.20000076293945;44.20000076293945;44.20000076293945;5
2024-09-19 11:13:00+02:00;44.191001892089844;44.191001892089844;44.191001892089844;44.191001892089844;44.191001892089844;18
2024-09-19 11:14:00+02:00;44.191001892089844;44.191001892089844;44.191001892089844;44.191001892089844;44.191001892089844;15
2024-09-19 11:15:00+02:00;44.18899917602539;44.18899917602539;44.18899917602539;44.18899917602539;44.18899917602539;10
2024-09-19 11:19:00+02:00;44.189998626708984;44.189998626708984;44.178001403808594;44.178001403808594;44.178001403808594;16
2024-09-19 11:27:00+02:00;44.19300079345703;44.19300079345703;44.19300079345703;44.19300079345703;44.19300079345703;2
2024-09-19 11:28:00+02:00;44.19200134277344;44.19200134277344;44.19200134277344;44.19200134277344;44.19200134277344;4
2024-09-19 11:30:00+02:00;44.189998626708984;44.189998626708984;44.189998626708984;44.189998626708984;44.189998626708984;10
2024-09-19 11:33:00+02:00;44.19900131225586;44.20500183105469;44.19900131225586;44.20500183105469;44.20500183105469;30
2024-09-19 11:36:00+02:00;44.194000244140625;44.207000732421875;44.194000244140625;44.207000732421875;44.207000732421875;1043
2024-09-19 11:37:00+02:00;44.209999084472656;44.209999084472656;44.209999084472656;44.209999084472656;44.209999084472656;2
2024-09-19 11:38:00+02:00;44.196998596191406;44.2130012512207;44.196998596191406;44.2130012512207;44.2130012512207;1088
2024-09-19 11:39:00+02:00;44.21500015258789;44.21500015258789;44.2130012512207;44.2130012512207;44.2130012512207;161
2024-09-19 11:41:00+02:00;44.20800018310547;44.20800018310547;44.20800018310547;44.20800018310547;44.20800018310547;100
2024-09-19 11:42:00+02:00;44.20000076293945;44.20800018310547;44.20000076293945;44.20800018310547;44.20800018310547;110
2024-09-19 11:43:00+02:00;44.196998596191406;44.196998596191406;44.196998596191406;44.196998596191406;44.196998596191406;10
2024-09-19 11:44:00+02:00;44.20800018310547;44.20800018310547;44.20399856567383;44.20399856567383;44.20399856567383;43
2024-09-19 11:45:00+02:00;44.20000076293945;44.20500183105469;44.20000076293945;44.20500183105469;44.20500183105469;507
2024-09-19 11:50:00+02:00;44.194000244140625;44.194000244140625;44.18000030517578;44.18000030517578;44.18000030517578;191
2024-09-19 11:52:00+02:00;44.1870002746582;44.1870002746582;44.18000030517578;44.18000030517578;44.18000030517578;386
2024-09-19 11:53:00+02:00;44.1870002746582;44.1870002746582;44.1870002746582;44.1870002746582;44.1870002746582;5
2024-09-19 11:54:00+02:00;44.18000030517578;44.18000030517578;44.18000030517578;44.18000030517578;44.18000030517578;45
2024-09-19 11:55:00+02:00;44.194000244140625;44.194000244140625;44.194000244140625;44.194000244140625;44.194000244140625;50
2024-09-19 11:56:00+02:00;44.19300079345703;44.19300079345703;44.19300079345703;44.19300079345703;44.19300079345703;3
2024-09-19 11:59:00+02:00;44.19200134277344;44.19200134277344;44.19200134277344;44.19200134277344;44.19200134277344;35
2024-09-19 12:02:00+02:00;44.18600082397461;44.18600082397461;44.18600082397461;44.18600082397461;44.18600082397461;24
2024-09-19 12:03:00+02:00;44.18000030517578;44.18000030517578;44.17900085449219;44.17900085449219;44.17900085449219;21
2024-09-19 12:04:00+02:00;44.18299865722656;44.18299865722656;44.18299865722656;44.18299865722656;44.18299865722656;30
2024-09-19 12:05:00+02:00;44.1870002746582;44.1870002746582;44.1870002746582;44.1870002746582;44.1870002746582;60
2024-09-19 12:06:00+02:00;44.20500183105469;44.20500183105469;44.20500183105469;44.20500183105469;44.20500183105469;5
2024-09-19 12:09:00+02:00;44.215999603271484;44.215999603271484;44.215999603271484;44.215999603271484;44.215999603271484;3
2024-09-19 12:11:00+02:00;44.231998443603516;44.231998443603516;44.231998443603516;44.231998443603516;44.231998443603516;13
2024-09-19 12:18:00+02:00;44.22700119018555;44.231998443603516;44.22700119018555;44.231998443603516;44.231998443603516;81
2024-09-19 12:19:00+02:00;44.231998443603516;44.231998443603516;44.231998443603516;44.231998443603516;44.231998443603516;3
2024-09-19 12:20:00+02:00;44.231998443603516;44.231998443603516;44.231998443603516;44.231998443603516;44.231998443603516;46
2024-09-19 12:30:00+02:00;44.250999450683594;44.250999450683594;44.250999450683594;44.250999450683594;44.250999450683594;10
2024-09-19 12:35:00+02:00;44.27299880981445;44.27299880981445;44.27299880981445;44.27299880981445;44.27299880981445;3
2024-09-19 12:39:00+02:00;44.26300048828125;44.26300048828125;44.26300048828125;44.26300048828125;44.26300048828125;3
2024-09-19 12:40:00+02:00;44.255001068115234;44.255001068115234;44.255001068115234;44.255001068115234;44.255001068115234;3
2024-09-19 12:42:00+02:00;44.25;44.25;44.25;44.25;44.25;3
2024-09-19 12:43:00+02:00;44.249000549316406;44.249000549316406;44.249000549316406;44.249000549316406;44.249000549316406;1
2024-09-19 12:44:00+02:00;44.24599838256836;44.24599838256836;44.24599838256836;44.24599838256836;44.24599838256836;47
2024-09-19 12:45:00+02:00;44.24300003051758;44.25;44.24300003051758;44.25;44.25;72
2024-09-19 12:47:00+02:00;44.24599838256836;44.24599838256836;44.24599838256836;44.24599838256836;44.24599838256836;12
2024-09-19 12:50:00+02:00;44.25;44.25;44.25;44.25;44.25;2
2024-09-19 12:51:00+02:00;44.25;44.25;44.25;44.25;44.25;1
2024-09-19 12:52:00+02:00;44.237998962402344;44.25299835205078;44.237998962402344;44.25299835205078;44.25299835205078;43
2024-09-19 12:57:00+02:00;44.26499938964844;44.26499938964844;44.26499938964844;44.26499938964844;44.26499938964844;1
2024-09-19 12:58:00+02:00;44.27899932861328;44.27899932861328;44.27899932861328;44.27899932861328;44.27899932861328;5
2024-09-19 12:59:00+02:00;44.27799987792969;44.27799987792969;44.27799987792969;44.27799987792969;44.27799987792969;22
2024-09-19 13:03:00+02:00;44.24300003051758;44.244998931884766;44.24300003051758;44.244998931884766;44.244998931884766;60
2024-09-19 13:04:00+02:00;44.249000549316406;44.249000549316406;44.249000549316406;44.249000549316406;44.249000549316406;5
2024-09-19 13:05:00+02:00;44.250999450683594;44.250999450683594;44.250999450683594;44.250999450683594;44.250999450683594;50
2024-09-19 13:07:00+02:00;44.25400161743164;44.25400161743164;44.25400161743164;44.25400161743164;44.25400161743164;22
2024-09-19 13:08:00+02:00;44.250999450683594;44.250999450683594;44.250999450683594;44.250999450683594;44.250999450683594;23
2024-09-19 13:10:00+02:00;44.27000045776367;44.27299880981445;44.27000045776367;44.27299880981445;44.27299880981445;170
2024-09-19 13:12:00+02:00;44.27899932861328;44.27899932861328;44.27899932861328;44.27899932861328;44.27899932861328;22
2024-09-19 13:13:00+02:00;44.28099822998047;44.28900146484375;44.28099822998047;44.28900146484375;44.28900146484375;5
2024-09-19 13:14:00+02:00;44.27899932861328;44.27899932861328;44.27899932861328;44.27899932861328;44.27899932861328;1
2024-09-19 13:15:00+02:00;44.28099822998047;44.290000915527344;44.28099822998047;44.290000915527344;44.290000915527344;6
2024-09-19 13:16:00+02:00;44.290000915527344;44.30500030517578;44.290000915527344;44.30500030517578;44.30500030517578;52
2024-09-19 13:17:00+02:00;44.29999923706055;44.29999923706055;44.29999923706055;44.29999923706055;44.29999923706055;35
2024-09-19 13:19:00+02:00;44.31999969482422;44.31999969482422;44.31999969482422;44.31999969482422;44.31999969482422;45
2024-09-19 13:20:00+02:00;44.305999755859375;44.305999755859375;44.305999755859375;44.305999755859375;44.305999755859375;13
2024-09-19 13:23:00+02:00;44.31800079345703;44.31800079345703;44.31800079345703;44.31800079345703;44.31800079345703;3
2024-09-19 13:25:00+02:00;44.30699920654297;44.30699920654297;44.30699920654297;44.30699920654297;44.30699920654297;33
2024-09-19 13:30:00+02:00;44.292999267578125;44.292999267578125;44.292999267578125;44.292999267578125;44.292999267578125;11
2024-09-19 13:31:00+02:00;44.292999267578125;44.292999267578125;44.292999267578125;44.292999267578125;44.292999267578125;19
2024-09-19 13:33:00+02:00;44.29600143432617;44.30699920654297;44.29600143432617;44.30699920654297;44.30699920654297;1011
2024-09-19 13:36:00+02:00;44.33399963378906;44.33399963378906;44.33399963378906;44.33399963378906;44.33399963378906;14
2024-09-19 13:39:00+02:00;44.319000244140625;44.319000244140625;44.30799865722656;44.30799865722656;44.30799865722656;116
2024-09-19 13:42:00+02:00;44.334999084472656;44.334999084472656;44.334999084472656;44.334999084472656;44.334999084472656;4
2024-09-19 13:44:00+02:00;44.34000015258789;44.34000015258789;44.34000015258789;44.34000015258789;44.34000015258789;11
2024-09-19 13:46:00+02:00;44.33700180053711;44.33700180053711;44.33399963378906;44.33399963378906;44.33399963378906;82
2024-09-19 13:47:00+02:00;44.32600021362305;44.32600021362305;44.32600021362305;44.32600021362305;44.32600021362305;252
2024-09-19 13:48:00+02:00;44.323001861572266;44.323001861572266;44.323001861572266;44.323001861572266;44.323001861572266;250
2024-09-19 13:49:00+02:00;44.323001861572266;44.32600021362305;44.323001861572266;44.32600021362305;44.32600021362305;140
2024-09-19 13:52:00+02:00;44.31999969482422;44.32699966430664;44.31999969482422;44.32699966430664;44.32699966430664;951
2024-09-19 13:53:00+02:00;44.32500076293945;44.32500076293945;44.32500076293945;44.32500076293945;44.32500076293945;100
2024-09-19 13:54:00+02:00;44.321998596191406;44.321998596191406;44.321998596191406;44.321998596191406;44.321998596191406;137
2024-09-19 13:55:00+02:00;44.308998107910156;44.308998107910156;44.303001403808594;44.303001403808594;44.303001403808594;3226
2024-09-19 13:57:00+02:00;44.31399917602539;44.31399917602539;44.31399917602539;44.31399917602539;44.31399917602539;45
2024-09-19 14:00:00+02:00;44.310001373291016;44.32400131225586;44.310001373291016;44.32400131225586;44.32400131225586;33
2024-09-19 14:04:00+02:00;44.332000732421875;44.332000732421875;44.332000732421875;44.332000732421875;44.332000732421875;15
2024-09-19 14:06:00+02:00;44.327999114990234;44.327999114990234;44.327999114990234;44.327999114990234;44.327999114990234;7
2024-09-19 14:11:00+02:00;44.30799865722656;44.30799865722656;44.30799865722656;44.30799865722656;44.30799865722656;200
2024-09-19 14:12:00+02:00;44.30400085449219;44.30400085449219;44.30400085449219;44.30400085449219;44.30400085449219;60
2024-09-19 14:15:00+02:00;44.33300018310547;44.33300018310547;44.33300018310547;44.33300018310547;44.33300018310547;46
2024-09-19 14:16:00+02:00;44.34000015258789;44.34000015258789;44.34000015258789;44.34000015258789;44.34000015258789;80
2024-09-19 14:17:00+02:00;44.349998474121094;44.349998474121094;44.3489990234375;44.3489990234375;44.3489990234375;42
2024-09-19 14:19:00+02:00;44.345001220703125;44.345001220703125;44.340999603271484;44.340999603271484;44.340999603271484;114
2024-09-19 14:20:00+02:00;44.31999969482422;44.31999969482422;44.31999969482422;44.31999969482422;44.31999969482422;20
2024-09-19 14:24:00+02:00;44.32500076293945;44.32500076293945;44.32500076293945;44.32500076293945;44.32500076293945;3
2024-09-19 14:26:00+02:00;44.29999923706055;44.29999923706055;44.29999923706055;44.29999923706055;44.29999923706055;53
2024-09-19 14:27:00+02:00;44.29999923706055;44.29999923706055;44.29999923706055;44.29999923706055;44.29999923706055;10
2024-09-19 14:28:00+02:00;44.314998626708984;44.314998626708984;44.314998626708984;44.314998626708984;44.314998626708984;10
2024-09-19 14:29:00+02:00;44.314998626708984;44.314998626708984;44.314998626708984;44.314998626708984;44.314998626708984;3
2024-09-19 14:30:00+02:00;44.349998474121094;44.349998474121094;44.349998474121094;44.349998474121094;44.349998474121094;98
2024-09-19 14:31:00+02:00;44.37099838256836;44.37099838256836;44.37099838256836;44.37099838256836;44.37099838256836;20
2024-09-19 14:33:00+02:00;44.388999938964844;44.388999938964844;44.38600158691406;44.38600158691406;44.38600158691406;25
2024-09-19 14:34:00+02:00;44.37300109863281;44.37300109863281;44.37300109863281;44.37300109863281;44.37300109863281;9
2024-09-19 14:35:00+02:00;44.369998931884766;44.369998931884766;44.369998931884766;44.369998931884766;44.369998931884766;22
2024-09-19 14:36:00+02:00;44.388999938964844;44.388999938964844;44.388999938964844;44.388999938964844;44.388999938964844;988
2024-09-19 14:39:00+02:00;44.37099838256836;44.37099838256836;44.35100173950195;44.35100173950195;44.35100173950195;7
2024-09-19 14:41:00+02:00;44.380001068115234;44.380001068115234;44.380001068115234;44.380001068115234;44.380001068115234;300
2024-09-19 14:42:00+02:00;44.37699890136719;44.382999420166016;44.37699890136719;44.382999420166016;44.382999420166016;24
2024-09-19 14:43:00+02:00;44.382999420166016;44.38800048828125;44.382999420166016;44.38800048828125;44.38800048828125;16
2024-09-19 14:46:00+02:00;44.387001037597656;44.387001037597656;44.387001037597656;44.387001037597656;44.387001037597656;1
2024-09-19 14:48:00+02:00;44.388999938964844;44.388999938964844;44.38800048828125;44.38800048828125;44.38800048828125;36
2024-09-19 14:54:00+02:00;44.382999420166016;44.382999420166016;44.382999420166016;44.382999420166016;44.382999420166016;22
2024-09-19 14:55:00+02:00;44.382999420166016;44.382999420166016;44.382999420166016;44.382999420166016;44.382999420166016;6
2024-09-19 14:56:00+02:00;44.38399887084961;44.38399887084961;44.38399887084961;44.38399887084961;44.38399887084961;3
2024-09-19 14:58:00+02:00;44.38399887084961;44.38399887084961;44.38399887084961;44.38399887084961;44.38399887084961;12
2024-09-19 15:00:00+02:00;44.380001068115234;44.380001068115234;44.380001068115234;44.380001068115234;44.380001068115234;3
2024-09-19 15:01:00+02:00;44.358001708984375;44.358001708984375;44.358001708984375;44.358001708984375;44.358001708984375;141
2024-09-19 15:02:00+02:00;44.36899948120117;44.36899948120117;44.36899948120117;44.36899948120117;44.36899948120117;4
2024-09-19 15:04:00+02:00;44.37300109863281;44.37300109863281;44.37300109863281;44.37300109863281;44.37300109863281;45
2024-09-19 15:06:00+02:00;44.36399841308594;44.36399841308594;44.36399841308594;44.36399841308594;44.36399841308594;112
2024-09-19 15:07:00+02:00;44.349998474121094;44.349998474121094;44.349998474121094;44.349998474121094;44.349998474121094;4
2024-09-19 15:10:00+02:00;44.38600158691406;44.38600158691406;44.38600158691406;44.38600158691406;44.38600158691406;561
2024-09-19 15:12:00+02:00;44.38999938964844;44.400001525878906;44.38999938964844;44.400001525878906;44.400001525878906;152
2024-09-19 15:13:00+02:00;44.39699935913086;44.39699935913086;44.39699935913086;44.39699935913086;44.39699935913086;11
2024-09-19 15:15:00+02:00;44.42599868774414;44.42599868774414;44.42599868774414;44.42599868774414;44.42599868774414;6
2024-09-19 15:20:00+02:00;44.4119987487793;44.4119987487793;44.4119987487793;44.4119987487793;44.4119987487793;9
2024-09-19 15:25:00+02:00;44.41699981689453;44.41699981689453;44.41699981689453;44.41699981689453;44.41699981689453;14
2024-09-19 15:26:00+02:00;44.441001892089844;44.441001892089844;44.441001892089844;44.441001892089844;44.441001892089844;7
2024-09-19 15:27:00+02:00;44.43600082397461;44.43600082397461;44.43600082397461;44.43600082397461;44.43600082397461;225
2024-09-19 15:28:00+02:00;44.45399856567383;44.45399856567383;44.45399856567383;44.45399856567383;44.45399856567383;5
2024-09-19 15:30:00+02:00;44.45000076293945;44.45000076293945;44.43000030517578;44.444000244140625;44.444000244140625;220
2024-09-19 15:32:00+02:00;44.43000030517578;44.43000030517578;44.43000030517578;44.43000030517578;44.43000030517578;3
2024-09-19 15:33:00+02:00;44.395999908447266;44.395999908447266;44.395999908447266;44.395999908447266;44.395999908447266;80
2024-09-19 15:34:00+02:00;44.393001556396484;44.393001556396484;44.38100051879883;44.38100051879883;44.38100051879883;3
2024-09-19 15:41:00+02:00;44.4010009765625;44.4010009765625;44.4010009765625;44.4010009765625;44.4010009765625;29
2024-09-19 15:43:00+02:00;44.374000549316406;44.374000549316406;44.3650016784668;44.3650016784668;44.3650016784668;21
2024-09-19 15:44:00+02:00;44.347999572753906;44.347999572753906;44.347999572753906;44.347999572753906;44.347999572753906;2402
2024-09-19 15:45:00+02:00;44.345001220703125;44.34700012207031;44.340999603271484;44.340999603271484;44.340999603271484;5277
2024-09-19 15:46:00+02:00;44.334999084472656;44.34199905395508;44.334999084472656;44.34199905395508;44.34199905395508;306
2024-09-19 15:47:00+02:00;44.3489990234375;44.3489990234375;44.3489990234375;44.3489990234375;44.3489990234375;50
2024-09-19 15:48:00+02:00;44.3489990234375;44.35499954223633;44.34700012207031;44.35499954223633;44.35499954223633;48
2024-09-19 15:53:00+02:00;44.3120002746582;44.316001892089844;44.3120002746582;44.316001892089844;44.316001892089844;5000
2024-09-19 15:54:00+02:00;44.316001892089844;44.316001892089844;44.316001892089844;44.316001892089844;44.316001892089844;1
2024-09-19 15:55:00+02:00;44.354000091552734;44.354000091552734;44.354000091552734;44.354000091552734;44.354000091552734;11
2024-09-19 15:57:00+02:00;44.3650016784668;44.3650016784668;44.36000061035156;44.36000061035156;44.36000061035156;142
2024-09-19 16:00:00+02:00;44.402000427246094;44.402000427246094;44.402000427246094;44.402000427246094;44.402000427246094;10
2024-09-19 16:03:00+02:00;44.400001525878906;44.400001525878906;44.400001525878906;44.400001525878906;44.400001525878906;60
2024-09-19 16:07:00+02:00;44.42900085449219;44.42900085449219;44.41999816894531;44.41999816894531;44.41999816894531;76
2024-09-19 16:11:00+02:00;44.43000030517578;44.441001892089844;44.43000030517578;44.441001892089844;44.441001892089844;12
2024-09-19 16:20:00+02:00;44.465999603271484;44.46699905395508;44.441001892089844;44.441001892089844;44.441001892089844;175
2024-09-19 16:23:00+02:00;44.426998138427734;44.426998138427734;44.426998138427734;44.426998138427734;44.426998138427734;25
2024-09-19 16:27:00+02:00;44.42300033569336;44.44200134277344;44.42300033569336;44.44200134277344;44.44200134277344;1845
2024-09-19 16:30:00+02:00;44.5;44.53200149536133;44.5;44.53200149536133;44.53200149536133;21
2024-09-19 16:33:00+02:00;44.53499984741211;44.53499984741211;44.53099822998047;44.53099822998047;44.53099822998047;237
2024-09-19 16:34:00+02:00;44.516998291015625;44.516998291015625;44.516998291015625;44.516998291015625;44.516998291015625;10
2024-09-19 16:35:00+02:00;44.53499984741211;44.53499984741211;44.53499984741211;44.53499984741211;44.53499984741211;13
2024-09-19 16:36:00+02:00;44.52000045776367;44.52000045776367;44.50199890136719;44.50199890136719;44.50199890136719;104
2024-09-19 16:37:00+02:00;44.48400115966797;44.48400115966797;44.48400115966797;44.48400115966797;44.48400115966797;259
2024-09-19 16:38:00+02:00;44.48400115966797;44.48400115966797;44.48400115966797;44.48400115966797;44.48400115966797;89
2024-09-19 16:40:00+02:00;44.49800109863281;44.5;44.49700164794922;44.49700164794922;44.49700164794922;1958
2024-09-19 16:41:00+02:00;44.48400115966797;44.48400115966797;44.48400115966797;44.48400115966797;44.48400115966797;4
2024-09-19 16:42:00+02:00;44.4739990234375;44.4739990234375;44.4739990234375;44.4739990234375;44.4739990234375;9
2024-09-19 16:44:00+02:00;44.459999084472656;44.47999954223633;44.459999084472656;44.47999954223633;44.47999954223633;594
2024-09-19 16:45:00+02:00;44.439998626708984;44.439998626708984;44.439998626708984;44.439998626708984;44.439998626708984;2
2024-09-19 16:46:00+02:00;44.45100021362305;44.45100021362305;44.44900131225586;44.44900131225586;44.44900131225586;19
2024-09-19 16:48:00+02:00;44.40399932861328;44.40399932861328;44.40399932861328;44.40399932861328;44.40399932861328;1
2024-09-19 16:49:00+02:00;44.44300079345703;44.446998596191406;44.44300079345703;44.446998596191406;44.446998596191406;14
2024-09-19 16:50:00+02:00;44.45899963378906;44.45899963378906;44.45899963378906;44.45899963378906;44.45899963378906;700
2024-09-19 16:53:00+02:00;44.42100143432617;44.422000885009766;44.42100143432617;44.422000885009766;44.422000885009766;12
2024-09-19 16:55:00+02:00;44.404998779296875;44.404998779296875;44.404998779296875;44.404998779296875;44.404998779296875;4
2024-09-19 16:56:00+02:00;44.39899826049805;44.39899826049805;44.39899826049805;44.39899826049805;44.39899826049805;3
2024-09-19 16:57:00+02:00;44.38999938964844;44.38999938964844;44.38999938964844;44.38999938964844;44.38999938964844;200
2024-09-19 16:58:00+02:00;44.395999908447266;44.395999908447266;44.395999908447266;44.395999908447266;44.395999908447266;20
2024-09-19 17:00:00+02:00;44.374000549316406;44.374000549316406;44.374000549316406;44.374000549316406;44.374000549316406;20
2024-09-19 17:04:00+02:00;44.391998291015625;44.391998291015625;44.391998291015625;44.391998291015625;44.391998291015625;200
2024-09-19 17:05:00+02:00;44.40299987792969;44.40299987792969;44.39799880981445;44.39799880981445;44.39799880981445;1872
2024-09-19 17:07:00+02:00;44.41699981689453;44.41699981689453;44.41699981689453;44.41699981689453;44.41699981689453;38
2024-09-19 17:08:00+02:00;44.349998474121094;44.349998474121094;44.349998474121094;44.349998474121094;44.349998474121094;50
2024-09-19 17:09:00+02:00;44.34600067138672;44.39099884033203;44.34600067138672;44.39099884033203;44.39099884033203;187
2024-09-19 17:14:00+02:00;44.38999938964844;44.38999938964844;44.38999938964844;44.38999938964844;44.38999938964844;11
2024-09-19 17:16:00+02:00;44.402000427246094;44.402000427246094;44.402000427246094;44.402000427246094;44.402000427246094;6
2024-09-19 17:18:00+02:00;44.444000244140625;44.444000244140625;44.444000244140625;44.444000244140625;44.444000244140625;56
2024-09-19 17:19:00+02:00;44.430999755859375;44.430999755859375;44.430999755859375;44.430999755859375;44.430999755859375;7
2024-09-19 17:23:00+02:00;44.433998107910156;44.433998107910156;44.433998107910156;44.433998107910156;44.433998107910156;20
2024-09-19 17:24:00+02:00;44.439998626708984;44.439998626708984;44.439998626708984;44.439998626708984;44.439998626708984;3
2024-09-19 17:27:00+02:00;44.400001525878906;44.400001525878906;44.400001525878906;44.400001525878906;44.400001525878906;95
2024-09-19 17:29:00+02:00;44.4109992980957;44.4109992980957;44.4109992980957;44.4109992980957;44.4109992980957;4
