Datetime;Open;High;Low;Close;Adj Close;Volume
2024-12-06 09:04:00+01:00;49.777000427246094;49.777000427246094;49.75;49.75;49.75;0
2024-12-06 09:05:00+01:00;49.75;49.75;49.75;49.75;49.75;175
2024-12-06 09:06:00+01:00;49.762001037597656;49.762001037597656;49.75899887084961;49.75899887084961;49.75899887084961;7
2024-12-06 09:07:00+01:00;49.757999420166016;49.76599884033203;49.73699951171875;49.73699951171875;49.73699951171875;431
2024-12-06 09:08:00+01:00;49.7400016784668;49.75400161743164;49.72999954223633;49.736000061035156;49.736000061035156;93
2024-12-06 09:09:00+01:00;49.72999954223633;49.72999954223633;49.709999084472656;49.72100067138672;49.72100067138672;110
2024-12-06 09:10:00+01:00;49.71900177001953;49.72100067138672;49.71900177001953;49.72100067138672;49.72100067138672;102
2024-12-06 09:11:00+01:00;49.744998931884766;49.744998931884766;49.72600173950195;49.7400016784668;49.7400016784668;407
2024-12-06 09:12:00+01:00;49.73899841308594;49.74100112915039;49.72999954223633;49.74100112915039;49.74100112915039;84
2024-12-06 09:13:00+01:00;49.7400016784668;49.744998931884766;49.73699951171875;49.744998931884766;49.744998931884766;24
2024-12-06 09:15:00+01:00;49.75699996948242;49.762001037597656;49.75699996948242;49.762001037597656;49.762001037597656;14
2024-12-06 09:16:00+01:00;49.762001037597656;49.762001037597656;49.762001037597656;49.762001037597656;49.762001037597656;2
2024-12-06 09:17:00+01:00;49.75199890136719;49.75199890136719;49.75;49.75;49.75;23
2024-12-06 09:18:00+01:00;49.75600051879883;49.75600051879883;49.75600051879883;49.75600051879883;49.75600051879883;40
2024-12-06 09:19:00+01:00;49.75;49.75299835205078;49.75;49.75299835205078;49.75299835205078;2
2024-12-06 09:20:00+01:00;49.757999420166016;49.757999420166016;49.75600051879883;49.75600051879883;49.75600051879883;8
2024-12-06 09:21:00+01:00;49.749000549316406;49.749000549316406;49.749000549316406;49.749000549316406;49.749000549316406;3
2024-12-06 09:22:00+01:00;49.76599884033203;49.76599884033203;49.76599884033203;49.76599884033203;49.76599884033203;24
2024-12-06 09:23:00+01:00;49.7599983215332;49.76300048828125;49.7599983215332;49.76300048828125;49.76300048828125;22
2024-12-06 09:24:00+01:00;49.762001037597656;49.76300048828125;49.762001037597656;49.76300048828125;49.76300048828125;69
2024-12-06 09:25:00+01:00;49.76100158691406;49.763999938964844;49.74100112915039;49.74100112915039;49.74100112915039;717
2024-12-06 09:26:00+01:00;49.7599983215332;49.770999908447266;49.75899887084961;49.76900100708008;49.76900100708008;46
2024-12-06 09:27:00+01:00;49.7760009765625;49.7760009765625;49.770999908447266;49.770999908447266;49.770999908447266;51
2024-12-06 09:28:00+01:00;49.77000045776367;49.777000427246094;49.77000045776367;49.777000427246094;49.777000427246094;214
2024-12-06 09:29:00+01:00;49.777000427246094;49.777000427246094;49.777000427246094;49.777000427246094;49.777000427246094;180
2024-12-06 09:30:00+01:00;49.762001037597656;49.78200149536133;49.762001037597656;49.78200149536133;49.78200149536133;30
2024-12-06 09:31:00+01:00;49.784000396728516;49.784000396728516;49.78200149536133;49.78200149536133;49.78200149536133;41
2024-12-06 09:32:00+01:00;49.7760009765625;49.78099822998047;49.7760009765625;49.78099822998047;49.78099822998047;208
2024-12-06 09:33:00+01:00;49.77799987792969;49.77799987792969;49.775001525878906;49.775001525878906;49.775001525878906;9441
2024-12-06 09:34:00+01:00;49.7760009765625;49.7869987487793;49.7760009765625;49.7869987487793;49.7869987487793;28
2024-12-06 09:35:00+01:00;49.790000915527344;49.790000915527344;49.78499984741211;49.78499984741211;49.78499984741211;8
2024-12-06 09:36:00+01:00;49.7869987487793;49.79100036621094;49.7869987487793;49.79100036621094;49.79100036621094;6
2024-12-06 09:37:00+01:00;49.790000915527344;49.79399871826172;49.790000915527344;49.79399871826172;49.79399871826172;155
2024-12-06 09:38:00+01:00;49.79899978637695;49.79899978637695;49.79899978637695;49.79899978637695;49.79899978637695;413
2024-12-06 09:39:00+01:00;49.79899978637695;49.79899978637695;49.79100036621094;49.79399871826172;49.79399871826172;249
2024-12-06 09:41:00+01:00;49.79399871826172;49.79600143432617;49.79100036621094;49.79499816894531;49.79499816894531;121
2024-12-06 09:42:00+01:00;49.797000885009766;49.79899978637695;49.78900146484375;49.78900146484375;49.78900146484375;434
2024-12-06 09:43:00+01:00;49.79100036621094;49.79899978637695;49.7859992980957;49.79899978637695;49.79899978637695;24
2024-12-06 09:44:00+01:00;49.79899978637695;49.79899978637695;49.79899978637695;49.79899978637695;49.79899978637695;3
2024-12-06 09:45:00+01:00;49.79899978637695;49.79999923706055;49.79399871826172;49.79999923706055;49.79999923706055;13184
2024-12-06 09:46:00+01:00;49.79600143432617;49.8120002746582;49.79600143432617;49.8120002746582;49.8120002746582;804
2024-12-06 09:47:00+01:00;49.81399917602539;49.81399917602539;49.81399917602539;49.81399917602539;49.81399917602539;200
2024-12-06 09:48:00+01:00;49.81100082397461;49.81999969482422;49.81100082397461;49.81999969482422;49.81999969482422;191
2024-12-06 09:49:00+01:00;49.816001892089844;49.816001892089844;49.805999755859375;49.808998107910156;49.808998107910156;573
2024-12-06 09:50:00+01:00;49.808998107910156;49.816001892089844;49.808998107910156;49.816001892089844;49.816001892089844;12
2024-12-06 09:51:00+01:00;49.80799865722656;49.80799865722656;49.80799865722656;49.80799865722656;49.80799865722656;3
2024-12-06 09:52:00+01:00;49.80400085449219;49.80799865722656;49.80400085449219;49.80799865722656;49.80799865722656;59
2024-12-06 09:53:00+01:00;49.8129997253418;49.8129997253418;49.81100082397461;49.81100082397461;49.81100082397461;12
2024-12-06 09:54:00+01:00;49.81100082397461;49.81100082397461;49.810001373291016;49.810001373291016;49.810001373291016;26
2024-12-06 09:55:00+01:00;49.801998138427734;49.801998138427734;49.79899978637695;49.79899978637695;49.79899978637695;15
2024-12-06 09:56:00+01:00;49.79399871826172;49.79600143432617;49.78200149536133;49.78200149536133;49.78200149536133;17
2024-12-06 09:59:00+01:00;49.79499816894531;49.79499816894531;49.779998779296875;49.7869987487793;49.7869987487793;14
2024-12-06 10:00:00+01:00;49.77000045776367;49.7869987487793;49.768001556396484;49.7859992980957;49.7859992980957;382
2024-12-06 10:01:00+01:00;49.79100036621094;49.79100036621094;49.779998779296875;49.78300094604492;49.78300094604492;46
2024-12-06 10:02:00+01:00;49.784000396728516;49.784000396728516;49.784000396728516;49.784000396728516;49.784000396728516;80
2024-12-06 10:04:00+01:00;49.79100036621094;49.808998107910156;49.79100036621094;49.808998107910156;49.808998107910156;212
2024-12-06 10:05:00+01:00;49.790000915527344;49.79999923706055;49.790000915527344;49.79999923706055;49.79999923706055;52
2024-12-06 10:07:00+01:00;49.792999267578125;49.792999267578125;49.792999267578125;49.792999267578125;49.792999267578125;18
2024-12-06 10:08:00+01:00;49.79899978637695;49.801998138427734;49.79899978637695;49.801998138427734;49.801998138427734;86
2024-12-06 10:09:00+01:00;49.80799865722656;49.80799865722656;49.80500030517578;49.80500030517578;49.80500030517578;14
2024-12-06 10:10:00+01:00;49.79499816894531;49.79499816894531;49.78499984741211;49.78499984741211;49.78499984741211;75
2024-12-06 10:11:00+01:00;49.78900146484375;49.79199981689453;49.779998779296875;49.79199981689453;49.79199981689453;33
2024-12-06 10:12:00+01:00;49.779998779296875;49.790000915527344;49.779998779296875;49.790000915527344;49.790000915527344;171
2024-12-06 10:13:00+01:00;49.77000045776367;49.77000045776367;49.77000045776367;49.77000045776367;49.77000045776367;13
2024-12-06 10:14:00+01:00;49.78300094604492;49.78300094604492;49.78300094604492;49.78300094604492;49.78300094604492;30
2024-12-06 10:15:00+01:00;49.77799987792969;49.7869987487793;49.77799987792969;49.7869987487793;49.7869987487793;29
2024-12-06 10:16:00+01:00;49.784000396728516;49.7859992980957;49.77000045776367;49.77000045776367;49.77000045776367;52
2024-12-06 10:17:00+01:00;49.78200149536133;49.78200149536133;49.777000427246094;49.78200149536133;49.78200149536133;24
2024-12-06 10:18:00+01:00;49.77899932861328;49.77899932861328;49.77899932861328;49.77899932861328;49.77899932861328;12
2024-12-06 10:19:00+01:00;49.77899932861328;49.7869987487793;49.77899932861328;49.7869987487793;49.7869987487793;27
2024-12-06 10:20:00+01:00;49.78499984741211;49.7869987487793;49.78300094604492;49.7869987487793;49.7869987487793;14
2024-12-06 10:21:00+01:00;49.790000915527344;49.790000915527344;49.78799819946289;49.78799819946289;49.78799819946289;4
2024-12-06 10:22:00+01:00;49.7869987487793;49.790000915527344;49.7859992980957;49.7859992980957;49.7859992980957;105
2024-12-06 10:23:00+01:00;49.78200149536133;49.78200149536133;49.78200149536133;49.78200149536133;49.78200149536133;50
2024-12-06 10:24:00+01:00;49.775001525878906;49.7760009765625;49.7599983215332;49.768001556396484;49.768001556396484;183
2024-12-06 10:26:00+01:00;49.77899932861328;49.77899932861328;49.766998291015625;49.766998291015625;49.766998291015625;66
2024-12-06 10:27:00+01:00;49.7869987487793;49.79600143432617;49.7869987487793;49.79600143432617;49.79600143432617;13
2024-12-06 10:29:00+01:00;49.810001373291016;49.810001373291016;49.810001373291016;49.810001373291016;49.810001373291016;6
2024-12-06 10:30:00+01:00;49.80400085449219;49.80500030517578;49.79999923706055;49.79999923706055;49.79999923706055;14
2024-12-06 10:31:00+01:00;49.801998138427734;49.821998596191406;49.801998138427734;49.821998596191406;49.821998596191406;6
2024-12-06 10:32:00+01:00;49.81700134277344;49.819000244140625;49.81700134277344;49.819000244140625;49.819000244140625;43
2024-12-06 10:34:00+01:00;49.8129997253418;49.8129997253418;49.81100082397461;49.81100082397461;49.81100082397461;42
2024-12-06 10:35:00+01:00;49.81100082397461;49.81100082397461;49.810001373291016;49.810001373291016;49.810001373291016;105
2024-12-06 10:36:00+01:00;49.8120002746582;49.8120002746582;49.8120002746582;49.8120002746582;49.8120002746582;10
2024-12-06 10:37:00+01:00;49.80799865722656;49.80799865722656;49.80500030517578;49.80500030517578;49.80500030517578;9
2024-12-06 10:38:00+01:00;49.80500030517578;49.80500030517578;49.790000915527344;49.790000915527344;49.790000915527344;7
2024-12-06 10:39:00+01:00;49.797000885009766;49.79899978637695;49.79499816894531;49.79499816894531;49.79499816894531;145
2024-12-06 10:40:00+01:00;49.792999267578125;49.792999267578125;49.792999267578125;49.792999267578125;49.792999267578125;4
2024-12-06 10:42:00+01:00;49.78799819946289;49.78799819946289;49.77799987792969;49.77799987792969;49.77799987792969;32
2024-12-06 10:43:00+01:00;49.78499984741211;49.78499984741211;49.78300094604492;49.784000396728516;49.784000396728516;26
2024-12-06 10:44:00+01:00;49.7869987487793;49.7869987487793;49.784000396728516;49.784000396728516;49.784000396728516;21
2024-12-06 10:45:00+01:00;49.792999267578125;49.792999267578125;49.784000396728516;49.784000396728516;49.784000396728516;17
2024-12-06 10:46:00+01:00;49.7859992980957;49.7859992980957;49.77000045776367;49.77000045776367;49.77000045776367;102
2024-12-06 10:47:00+01:00;49.77799987792969;49.78099822998047;49.76900100708008;49.78099822998047;49.78099822998047;62
2024-12-06 10:48:00+01:00;49.77899932861328;49.78799819946289;49.77899932861328;49.78799819946289;49.78799819946289;94
2024-12-06 10:49:00+01:00;49.79499816894531;49.79499816894531;49.77899932861328;49.77899932861328;49.77899932861328;679
2024-12-06 10:50:00+01:00;49.78300094604492;49.78499984741211;49.77899932861328;49.78499984741211;49.78499984741211;85
2024-12-06 10:51:00+01:00;49.7859992980957;49.7869987487793;49.77899932861328;49.77899932861328;49.77899932861328;6340
2024-12-06 10:52:00+01:00;49.779998779296875;49.779998779296875;49.77899932861328;49.77899932861328;49.77899932861328;17
2024-12-06 10:53:00+01:00;49.77899932861328;49.7859992980957;49.77899932861328;49.779998779296875;49.779998779296875;634
2024-12-06 10:54:00+01:00;49.784000396728516;49.7869987487793;49.784000396728516;49.7869987487793;49.7869987487793;108
2024-12-06 10:55:00+01:00;49.784000396728516;49.784000396728516;49.78099822998047;49.78099822998047;49.78099822998047;16
2024-12-06 10:56:00+01:00;49.78499984741211;49.78499984741211;49.78499984741211;49.78499984741211;49.78499984741211;100
2024-12-06 10:57:00+01:00;49.784000396728516;49.784000396728516;49.779998779296875;49.784000396728516;49.784000396728516;73
2024-12-06 10:58:00+01:00;49.797000885009766;49.797000885009766;49.797000885009766;49.797000885009766;49.797000885009766;25
2024-12-06 10:59:00+01:00;49.79399871826172;49.79399871826172;49.79399871826172;49.79399871826172;49.79399871826172;8
2024-12-06 11:01:00+01:00;49.803001403808594;49.803001403808594;49.79600143432617;49.79600143432617;49.79600143432617;81
2024-12-06 11:02:00+01:00;49.79999923706055;49.79999923706055;49.77799987792969;49.78799819946289;49.78799819946289;586
2024-12-06 11:03:00+01:00;49.7869987487793;49.7869987487793;49.7869987487793;49.7869987487793;49.7869987487793;6
2024-12-06 11:04:00+01:00;49.77399826049805;49.78900146484375;49.77399826049805;49.78900146484375;49.78900146484375;15
2024-12-06 11:05:00+01:00;49.78900146484375;49.78900146484375;49.7869987487793;49.7869987487793;49.7869987487793;8
2024-12-06 11:06:00+01:00;49.790000915527344;49.790000915527344;49.790000915527344;49.790000915527344;49.790000915527344;6
2024-12-06 11:07:00+01:00;49.79899978637695;49.79899978637695;49.79899978637695;49.79899978637695;49.79899978637695;301
2024-12-06 11:08:00+01:00;49.792999267578125;49.792999267578125;49.78200149536133;49.78200149536133;49.78200149536133;230
2024-12-06 11:09:00+01:00;49.790000915527344;49.790000915527344;49.78900146484375;49.78900146484375;49.78900146484375;73
2024-12-06 11:10:00+01:00;49.79899978637695;49.79899978637695;49.79899978637695;49.79899978637695;49.79899978637695;4
2024-12-06 11:11:00+01:00;49.8129997253418;49.8129997253418;49.81100082397461;49.81100082397461;49.81100082397461;6
2024-12-06 11:12:00+01:00;49.805999755859375;49.805999755859375;49.805999755859375;49.805999755859375;49.805999755859375;45
2024-12-06 11:13:00+01:00;49.80699920654297;49.80699920654297;49.80099868774414;49.80099868774414;49.80099868774414;35
2024-12-06 11:14:00+01:00;49.80099868774414;49.80099868774414;49.790000915527344;49.792999267578125;49.792999267578125;104
2024-12-06 11:15:00+01:00;49.779998779296875;49.779998779296875;49.779998779296875;49.779998779296875;49.779998779296875;10
2024-12-06 11:16:00+01:00;49.790000915527344;49.790000915527344;49.790000915527344;49.790000915527344;49.790000915527344;21
2024-12-06 11:17:00+01:00;49.79600143432617;49.79600143432617;49.79399871826172;49.79399871826172;49.79399871826172;12
2024-12-06 11:18:00+01:00;49.790000915527344;49.790000915527344;49.7859992980957;49.7859992980957;49.7859992980957;18
2024-12-06 11:19:00+01:00;49.7869987487793;49.7869987487793;49.7859992980957;49.7859992980957;49.7859992980957;22
2024-12-06 11:21:00+01:00;49.79100036621094;49.79100036621094;49.79100036621094;49.79100036621094;49.79100036621094;5
2024-12-06 11:22:00+01:00;49.80099868774414;49.80099868774414;49.79999923706055;49.79999923706055;49.79999923706055;10
2024-12-06 11:23:00+01:00;49.7869987487793;49.79399871826172;49.7869987487793;49.79399871826172;49.79399871826172;101
2024-12-06 11:25:00+01:00;49.79100036621094;49.79999923706055;49.79100036621094;49.79999923706055;49.79999923706055;17
2024-12-06 11:26:00+01:00;49.79800033569336;49.79899978637695;49.79600143432617;49.797000885009766;49.797000885009766;402
2024-12-06 11:27:00+01:00;49.79499816894531;49.79600143432617;49.79499816894531;49.79600143432617;49.79600143432617;24
2024-12-06 11:28:00+01:00;49.7859992980957;49.808998107910156;49.7859992980957;49.808998107910156;49.808998107910156;156
2024-12-06 11:29:00+01:00;49.80699920654297;49.80699920654297;49.79800033569336;49.79800033569336;49.79800033569336;267
2024-12-06 11:30:00+01:00;49.78900146484375;49.805999755859375;49.78900146484375;49.805999755859375;49.805999755859375;65
2024-12-06 11:31:00+01:00;49.79499816894531;49.79499816894531;49.779998779296875;49.779998779296875;49.779998779296875;59
2024-12-06 11:32:00+01:00;49.7869987487793;49.7869987487793;49.78499984741211;49.78499984741211;49.78499984741211;3
2024-12-06 11:33:00+01:00;49.779998779296875;49.779998779296875;49.77799987792969;49.77799987792969;49.77799987792969;845
2024-12-06 11:34:00+01:00;49.7760009765625;49.7760009765625;49.76599884033203;49.76599884033203;49.76599884033203;117
2024-12-06 11:35:00+01:00;49.770999908447266;49.770999908447266;49.7599983215332;49.770999908447266;49.770999908447266;33
2024-12-06 11:36:00+01:00;49.770999908447266;49.770999908447266;49.76900100708008;49.76900100708008;49.76900100708008;61
2024-12-06 11:37:00+01:00;49.76900100708008;49.78099822998047;49.76900100708008;49.78099822998047;49.78099822998047;40
2024-12-06 11:38:00+01:00;49.777000427246094;49.777000427246094;49.777000427246094;49.777000427246094;49.777000427246094;17
2024-12-06 11:39:00+01:00;49.77000045776367;49.77399826049805;49.77000045776367;49.77399826049805;49.77399826049805;450
2024-12-06 11:40:00+01:00;49.77199935913086;49.77799987792969;49.77199935913086;49.77799987792969;49.77799987792969;5
2024-12-06 11:41:00+01:00;49.779998779296875;49.78099822998047;49.779998779296875;49.78099822998047;49.78099822998047;29
2024-12-06 11:42:00+01:00;49.78099822998047;49.78099822998047;49.77799987792969;49.77799987792969;49.77799987792969;80
2024-12-06 11:43:00+01:00;49.7760009765625;49.7760009765625;49.7760009765625;49.7760009765625;49.7760009765625;15
2024-12-06 11:46:00+01:00;49.7599983215332;49.7599983215332;49.75899887084961;49.75899887084961;49.75899887084961;193
2024-12-06 11:47:00+01:00;49.76300048828125;49.76300048828125;49.76300048828125;49.76300048828125;49.76300048828125;4
2024-12-06 11:48:00+01:00;49.768001556396484;49.768001556396484;49.76499938964844;49.768001556396484;49.768001556396484;107
2024-12-06 11:49:00+01:00;49.76599884033203;49.76599884033203;49.763999938964844;49.763999938964844;49.763999938964844;49
2024-12-06 11:50:00+01:00;49.7599983215332;49.7599983215332;49.75;49.75;49.75;22
2024-12-06 11:51:00+01:00;49.75;49.75;49.7400016784668;49.7400016784668;49.7400016784668;78
2024-12-06 11:52:00+01:00;49.7400016784668;49.74300003051758;49.7400016784668;49.7400016784668;49.7400016784668;83
2024-12-06 11:53:00+01:00;49.742000579833984;49.742000579833984;49.742000579833984;49.742000579833984;49.742000579833984;21
2024-12-06 11:54:00+01:00;49.744998931884766;49.744998931884766;49.742000579833984;49.742000579833984;49.742000579833984;58
2024-12-06 11:56:00+01:00;49.75600051879883;49.75600051879883;49.75;49.75299835205078;49.75299835205078;173
2024-12-06 11:57:00+01:00;49.75299835205078;49.75299835205078;49.7400016784668;49.74800109863281;49.74800109863281;104
2024-12-06 11:59:00+01:00;49.72999954223633;49.72999954223633;49.720001220703125;49.72999954223633;49.72999954223633;294
2024-12-06 12:00:00+01:00;49.72999954223633;49.72999954223633;49.72999954223633;49.72999954223633;49.72999954223633;40
2024-12-06 12:01:00+01:00;49.72999954223633;49.72999954223633;49.72999954223633;49.72999954223633;49.72999954223633;4
2024-12-06 12:02:00+01:00;49.724998474121094;49.729000091552734;49.720001220703125;49.72600173950195;49.72600173950195;106
2024-12-06 12:05:00+01:00;49.742000579833984;49.742000579833984;49.742000579833984;49.742000579833984;49.742000579833984;10
2024-12-06 12:06:00+01:00;49.731998443603516;49.731998443603516;49.731998443603516;49.731998443603516;49.731998443603516;100
2024-12-06 12:08:00+01:00;49.72999954223633;49.731998443603516;49.72999954223633;49.72999954223633;49.72999954223633;53
2024-12-06 12:09:00+01:00;49.722999572753906;49.736000061035156;49.722999572753906;49.736000061035156;49.736000061035156;174
2024-12-06 12:10:00+01:00;49.73699951171875;49.74300003051758;49.736000061035156;49.74300003051758;49.74300003051758;7
2024-12-06 12:13:00+01:00;49.7599983215332;49.7599983215332;49.7599983215332;49.7599983215332;49.7599983215332;65
2024-12-06 12:14:00+01:00;49.757999420166016;49.757999420166016;49.757999420166016;49.757999420166016;49.757999420166016;10
2024-12-06 12:16:00+01:00;49.75;49.75;49.75;49.75;49.75;10
2024-12-06 12:17:00+01:00;49.749000549316406;49.749000549316406;49.74399948120117;49.74399948120117;49.74399948120117;37
2024-12-06 12:19:00+01:00;49.74800109863281;49.76100158691406;49.74800109863281;49.76100158691406;49.76100158691406;11
2024-12-06 12:20:00+01:00;49.75400161743164;49.75400161743164;49.74399948120117;49.74399948120117;49.74399948120117;35
2024-12-06 12:22:00+01:00;49.74599838256836;49.74599838256836;49.74599838256836;49.74599838256836;49.74599838256836;4
2024-12-06 12:23:00+01:00;49.72600173950195;49.73500061035156;49.72600173950195;49.73099899291992;49.73099899291992;261
2024-12-06 12:24:00+01:00;49.736000061035156;49.736000061035156;49.72100067138672;49.72100067138672;49.72100067138672;68
2024-12-06 12:25:00+01:00;49.73099899291992;49.73099899291992;49.73099899291992;49.73099899291992;49.73099899291992;6
2024-12-06 12:26:00+01:00;49.73699951171875;49.74100112915039;49.72700119018555;49.72700119018555;49.72700119018555;249
2024-12-06 12:27:00+01:00;49.73699951171875;49.74100112915039;49.73699951171875;49.74100112915039;49.74100112915039;1201
2024-12-06 12:28:00+01:00;49.736000061035156;49.736000061035156;49.736000061035156;49.736000061035156;49.736000061035156;34
2024-12-06 12:29:00+01:00;49.736000061035156;49.736000061035156;49.73400115966797;49.73400115966797;49.73400115966797;7
2024-12-06 12:30:00+01:00;49.72700119018555;49.72700119018555;49.724998474121094;49.724998474121094;49.724998474121094;10
2024-12-06 12:31:00+01:00;49.724998474121094;49.72600173950195;49.720001220703125;49.720001220703125;49.720001220703125;52
2024-12-06 12:32:00+01:00;49.72700119018555;49.72700119018555;49.72700119018555;49.72700119018555;49.72700119018555;5
2024-12-06 12:33:00+01:00;49.72999954223633;49.72999954223633;49.72999954223633;49.72999954223633;49.72999954223633;20
2024-12-06 12:34:00+01:00;49.72700119018555;49.72800064086914;49.72700119018555;49.72800064086914;49.72800064086914;30
2024-12-06 12:35:00+01:00;49.72200012207031;49.72999954223633;49.72200012207031;49.72999954223633;49.72999954223633;302
2024-12-06 12:36:00+01:00;49.74700164794922;49.74700164794922;49.74399948120117;49.74399948120117;49.74399948120117;7
2024-12-06 12:37:00+01:00;49.724998474121094;49.73899841308594;49.724998474121094;49.73899841308594;49.73899841308594;5
2024-12-06 12:38:00+01:00;49.73699951171875;49.73699951171875;49.722999572753906;49.722999572753906;49.722999572753906;110
2024-12-06 12:39:00+01:00;49.742000579833984;49.742000579833984;49.742000579833984;49.742000579833984;49.742000579833984;30
2024-12-06 12:40:00+01:00;49.72999954223633;49.72999954223633;49.72999954223633;49.72999954223633;49.72999954223633;4
2024-12-06 12:42:00+01:00;49.72999954223633;49.72999954223633;49.71799850463867;49.71799850463867;49.71799850463867;71
2024-12-06 12:43:00+01:00;49.72999954223633;49.733001708984375;49.724998474121094;49.73099899291992;49.73099899291992;648
2024-12-06 12:45:00+01:00;49.729000091552734;49.729000091552734;49.720001220703125;49.720001220703125;49.720001220703125;103
2024-12-06 12:46:00+01:00;49.720001220703125;49.724998474121094;49.709999084472656;49.709999084472656;49.709999084472656;1424
2024-12-06 12:47:00+01:00;49.709999084472656;49.71500015258789;49.709999084472656;49.71500015258789;49.71500015258789;10
2024-12-06 12:48:00+01:00;49.70000076293945;49.70000076293945;49.69599914550781;49.69599914550781;49.69599914550781;609
2024-12-06 12:49:00+01:00;49.70899963378906;49.70899963378906;49.70899963378906;49.70899963378906;49.70899963378906;2
2024-12-06 12:50:00+01:00;49.7140007019043;49.71900177001953;49.7140007019043;49.71900177001953;49.71900177001953;12
2024-12-06 12:55:00+01:00;49.73099899291992;49.73099899291992;49.72600173950195;49.72600173950195;49.72600173950195;13
2024-12-06 12:56:00+01:00;49.724998474121094;49.724998474121094;49.724998474121094;49.724998474121094;49.724998474121094;15
2024-12-06 12:57:00+01:00;49.722999572753906;49.722999572753906;49.709999084472656;49.709999084472656;49.709999084472656;22
2024-12-06 12:58:00+01:00;49.715999603271484;49.715999603271484;49.71500015258789;49.71500015258789;49.71500015258789;140
2024-12-06 13:00:00+01:00;49.731998443603516;49.731998443603516;49.72700119018555;49.72700119018555;49.72700119018555;11
2024-12-06 13:01:00+01:00;49.72200012207031;49.72800064086914;49.71200180053711;49.72800064086914;49.72800064086914;165
2024-12-06 13:02:00+01:00;49.744998931884766;49.744998931884766;49.74300003051758;49.74300003051758;49.74300003051758;49
2024-12-06 13:03:00+01:00;49.73699951171875;49.73699951171875;49.73699951171875;49.73699951171875;49.73699951171875;3
2024-12-06 13:04:00+01:00;49.742000579833984;49.742000579833984;49.742000579833984;49.742000579833984;49.742000579833984;4
2024-12-06 13:06:00+01:00;49.7400016784668;49.7599983215332;49.7400016784668;49.7599983215332;49.7599983215332;338
2024-12-06 13:07:00+01:00;49.7400016784668;49.7400016784668;49.7400016784668;49.7400016784668;49.7400016784668;10
2024-12-06 13:10:00+01:00;49.75400161743164;49.75400161743164;49.74100112915039;49.74100112915039;49.74100112915039;305
2024-12-06 13:11:00+01:00;49.74700164794922;49.74700164794922;49.74700164794922;49.74700164794922;49.74700164794922;2
2024-12-06 13:12:00+01:00;49.736000061035156;49.74700164794922;49.736000061035156;49.74700164794922;49.74700164794922;11
2024-12-06 13:13:00+01:00;49.7400016784668;49.74599838256836;49.7400016784668;49.74599838256836;49.74599838256836;95
2024-12-06 13:14:00+01:00;49.750999450683594;49.750999450683594;49.750999450683594;49.750999450683594;49.750999450683594;5
2024-12-06 13:15:00+01:00;49.749000549316406;49.75199890136719;49.749000549316406;49.75;49.75;94
2024-12-06 13:16:00+01:00;49.742000579833984;49.742000579833984;49.742000579833984;49.742000579833984;49.742000579833984;157
2024-12-06 13:17:00+01:00;49.75199890136719;49.76100158691406;49.75199890136719;49.76100158691406;49.76100158691406;8
2024-12-06 13:18:00+01:00;49.749000549316406;49.749000549316406;49.74599838256836;49.74700164794922;49.74700164794922;11
2024-12-06 13:20:00+01:00;49.7400016784668;49.7400016784668;49.7400016784668;49.7400016784668;49.7400016784668;10
2024-12-06 13:21:00+01:00;49.736000061035156;49.742000579833984;49.736000061035156;49.742000579833984;49.742000579833984;18
2024-12-06 13:22:00+01:00;49.74399948120117;49.74399948120117;49.74399948120117;49.74399948120117;49.74399948120117;10
2024-12-06 13:23:00+01:00;49.755001068115234;49.755001068115234;49.75199890136719;49.75199890136719;49.75199890136719;62
2024-12-06 13:24:00+01:00;49.75600051879883;49.763999938964844;49.75600051879883;49.763999938964844;49.763999938964844;53
2024-12-06 13:25:00+01:00;49.77199935913086;49.77199935913086;49.77000045776367;49.77000045776367;49.77000045776367;185
2024-12-06 13:26:00+01:00;49.77000045776367;49.77000045776367;49.77000045776367;49.77000045776367;49.77000045776367;15
2024-12-06 13:28:00+01:00;49.763999938964844;49.763999938964844;49.763999938964844;49.763999938964844;49.763999938964844;205
2024-12-06 13:29:00+01:00;49.755001068115234;49.76300048828125;49.755001068115234;49.76300048828125;49.76300048828125;21
2024-12-06 13:30:00+01:00;49.76300048828125;49.76300048828125;49.755001068115234;49.7599983215332;49.7599983215332;16
2024-12-06 13:31:00+01:00;49.757999420166016;49.757999420166016;49.757999420166016;49.757999420166016;49.757999420166016;3
2024-12-06 13:32:00+01:00;49.75699996948242;49.75699996948242;49.75699996948242;49.75699996948242;49.75699996948242;9
2024-12-06 13:33:00+01:00;49.7599983215332;49.7599983215332;49.750999450683594;49.75600051879883;49.75600051879883;76
2024-12-06 13:34:00+01:00;49.77199935913086;49.77199935913086;49.75400161743164;49.75400161743164;49.75400161743164;23
2024-12-06 13:35:00+01:00;49.749000549316406;49.749000549316406;49.749000549316406;49.749000549316406;49.749000549316406;30
2024-12-06 13:36:00+01:00;49.75;49.75;49.75;49.75;49.75;12
2024-12-06 13:38:00+01:00;49.75899887084961;49.75899887084961;49.75899887084961;49.75899887084961;49.75899887084961;298
2024-12-06 13:39:00+01:00;49.74100112915039;49.74100112915039;49.74100112915039;49.74100112915039;49.74100112915039;3
2024-12-06 13:40:00+01:00;49.757999420166016;49.757999420166016;49.742000579833984;49.75199890136719;49.75199890136719;108
2024-12-06 13:41:00+01:00;49.75199890136719;49.75899887084961;49.744998931884766;49.744998931884766;49.744998931884766;30
2024-12-06 13:42:00+01:00;49.75;49.75;49.744998931884766;49.744998931884766;49.744998931884766;27
2024-12-06 13:43:00+01:00;49.744998931884766;49.744998931884766;49.744998931884766;49.744998931884766;49.744998931884766;41
2024-12-06 13:44:00+01:00;49.74599838256836;49.75299835205078;49.74599838256836;49.75299835205078;49.75299835205078;782
2024-12-06 13:46:00+01:00;49.74599838256836;49.766998291015625;49.74399948120117;49.74399948120117;49.74399948120117;154
2024-12-06 13:47:00+01:00;49.75400161743164;49.75400161743164;49.7400016784668;49.74800109863281;49.74800109863281;63
2024-12-06 13:48:00+01:00;49.74300003051758;49.74300003051758;49.74300003051758;49.74300003051758;49.74300003051758;2
2024-12-06 13:50:00+01:00;49.74100112915039;49.74100112915039;49.74100112915039;49.74100112915039;49.74100112915039;190
2024-12-06 13:51:00+01:00;49.736000061035156;49.74599838256836;49.736000061035156;49.74399948120117;49.74399948120117;21
2024-12-06 13:52:00+01:00;49.744998931884766;49.744998931884766;49.7400016784668;49.7400016784668;49.7400016784668;142
2024-12-06 13:53:00+01:00;49.7400016784668;49.7400016784668;49.7400016784668;49.7400016784668;49.7400016784668;10
2024-12-06 13:54:00+01:00;49.75899887084961;49.75899887084961;49.75899887084961;49.75899887084961;49.75899887084961;3
2024-12-06 13:55:00+01:00;49.75699996948242;49.75699996948242;49.755001068115234;49.755001068115234;49.755001068115234;12
2024-12-06 13:56:00+01:00;49.75600051879883;49.75600051879883;49.742000579833984;49.742000579833984;49.742000579833984;32
2024-12-06 13:57:00+01:00;49.73899841308594;49.757999420166016;49.73899841308594;49.757999420166016;49.757999420166016;24
2024-12-06 13:58:00+01:00;49.755001068115234;49.75899887084961;49.750999450683594;49.75699996948242;49.75699996948242;130
2024-12-06 13:59:00+01:00;49.757999420166016;49.757999420166016;49.757999420166016;49.757999420166016;49.757999420166016;10
2024-12-06 14:00:00+01:00;49.75699996948242;49.766998291015625;49.75699996948242;49.766998291015625;49.766998291015625;55
2024-12-06 14:01:00+01:00;49.75;49.75;49.75;49.75;49.75;2
2024-12-06 14:02:00+01:00;49.75600051879883;49.75600051879883;49.75;49.75;49.75;37
2024-12-06 14:03:00+01:00;49.75299835205078;49.75299835205078;49.75299835205078;49.75299835205078;49.75299835205078;8
2024-12-06 14:05:00+01:00;49.770999908447266;49.770999908447266;49.770999908447266;49.770999908447266;49.770999908447266;3
2024-12-06 14:06:00+01:00;49.75;49.75899887084961;49.75;49.75899887084961;49.75899887084961;40
2024-12-06 14:09:00+01:00;49.757999420166016;49.757999420166016;49.757999420166016;49.757999420166016;49.757999420166016;153
2024-12-06 14:11:00+01:00;49.7599983215332;49.7599983215332;49.7599983215332;49.7599983215332;49.7599983215332;4728
2024-12-06 14:12:00+01:00;49.762001037597656;49.762001037597656;49.75899887084961;49.75899887084961;49.75899887084961;22
2024-12-06 14:13:00+01:00;49.75600051879883;49.75600051879883;49.75600051879883;49.75600051879883;49.75600051879883;1
2024-12-06 14:14:00+01:00;49.75600051879883;49.75600051879883;49.75199890136719;49.75199890136719;49.75199890136719;15
2024-12-06 14:16:00+01:00;49.755001068115234;49.75699996948242;49.755001068115234;49.75699996948242;49.75699996948242;35
2024-12-06 14:17:00+01:00;49.757999420166016;49.757999420166016;49.757999420166016;49.757999420166016;49.757999420166016;1
2024-12-06 14:18:00+01:00;49.7599983215332;49.7599983215332;49.74700164794922;49.74700164794922;49.74700164794922;163
2024-12-06 14:19:00+01:00;49.7599983215332;49.7599983215332;49.75600051879883;49.75600051879883;49.75600051879883;49
2024-12-06 14:20:00+01:00;49.75600051879883;49.75899887084961;49.75600051879883;49.75600051879883;49.75600051879883;94
2024-12-06 14:21:00+01:00;49.75400161743164;49.75400161743164;49.7400016784668;49.7400016784668;49.7400016784668;11
2024-12-06 14:22:00+01:00;49.72100067138672;49.7400016784668;49.720001220703125;49.7400016784668;49.7400016784668;45
2024-12-06 14:23:00+01:00;49.73699951171875;49.73699951171875;49.73699951171875;49.73699951171875;49.73699951171875;10
2024-12-06 14:24:00+01:00;49.744998931884766;49.744998931884766;49.744998931884766;49.744998931884766;49.744998931884766;21
2024-12-06 14:25:00+01:00;49.742000579833984;49.74700164794922;49.742000579833984;49.74700164794922;49.74700164794922;61
2024-12-06 14:26:00+01:00;49.75400161743164;49.75400161743164;49.74300003051758;49.74300003051758;49.74300003051758;78
2024-12-06 14:27:00+01:00;49.74399948120117;49.74399948120117;49.731998443603516;49.731998443603516;49.731998443603516;26
2024-12-06 14:28:00+01:00;49.7400016784668;49.7400016784668;49.7400016784668;49.7400016784668;49.7400016784668;100
2024-12-06 14:29:00+01:00;49.724998474121094;49.7400016784668;49.724998474121094;49.7400016784668;49.7400016784668;7
2024-12-06 14:30:00+01:00;49.70000076293945;50.20399856567383;49.619998931884766;49.65599822998047;49.65599822998047;212
2024-12-06 14:31:00+01:00;49.92399978637695;49.92399978637695;49.76900100708008;49.76900100708008;49.76900100708008;42
2024-12-06 14:32:00+01:00;49.72100067138672;49.72100067138672;49.707000732421875;49.707000732421875;49.707000732421875;9520
2024-12-06 14:33:00+01:00;49.652000427246094;49.652000427246094;49.645999908447266;49.645999908447266;49.645999908447266;12
2024-12-06 14:34:00+01:00;49.70000076293945;49.70000076293945;49.70000076293945;49.70000076293945;49.70000076293945;2
2024-12-06 14:35:00+01:00;49.69200134277344;49.70600128173828;49.69200134277344;49.70600128173828;49.70600128173828;955
2024-12-06 14:36:00+01:00;49.67399978637695;49.68600082397461;49.67399978637695;49.67499923706055;49.67499923706055;302
2024-12-06 14:37:00+01:00;49.68899917602539;49.70199966430664;49.68899917602539;49.696998596191406;49.696998596191406;1037
2024-12-06 14:38:00+01:00;49.70899963378906;49.71200180053711;49.70000076293945;49.71200180053711;49.71200180053711;2389
2024-12-06 14:39:00+01:00;49.71500015258789;49.71500015258789;49.69900131225586;49.69900131225586;49.69900131225586;63
2024-12-06 14:40:00+01:00;49.71099853515625;49.71099853515625;49.70600128173828;49.70600128173828;49.70600128173828;105
2024-12-06 14:41:00+01:00;49.69300079345703;49.702999114990234;49.69300079345703;49.702999114990234;49.702999114990234;1403
2024-12-06 14:42:00+01:00;49.689998626708984;49.689998626708984;49.6870002746582;49.6870002746582;49.6870002746582;124
2024-12-06 14:43:00+01:00;49.65999984741211;49.676998138427734;49.65999984741211;49.676998138427734;49.676998138427734;151
2024-12-06 14:44:00+01:00;49.68299865722656;49.68299865722656;49.67900085449219;49.67900085449219;49.67900085449219;72
2024-12-06 14:45:00+01:00;49.68000030517578;49.696998596191406;49.67900085449219;49.696998596191406;49.696998596191406;75
2024-12-06 14:46:00+01:00;49.724998474121094;49.73099899291992;49.722999572753906;49.73099899291992;49.73099899291992;18
2024-12-06 14:47:00+01:00;49.742000579833984;49.742000579833984;49.742000579833984;49.742000579833984;49.742000579833984;69
2024-12-06 14:48:00+01:00;49.73099899291992;49.73099899291992;49.73099899291992;49.73099899291992;49.73099899291992;3
2024-12-06 14:50:00+01:00;49.720001220703125;49.724998474121094;49.720001220703125;49.724998474121094;49.724998474121094;38
2024-12-06 14:51:00+01:00;49.724998474121094;49.724998474121094;49.720001220703125;49.720001220703125;49.720001220703125;68
2024-12-06 14:52:00+01:00;49.70000076293945;49.70000076293945;49.70000076293945;49.70000076293945;49.70000076293945;3
2024-12-06 14:53:00+01:00;49.715999603271484;49.715999603271484;49.689998626708984;49.70199966430664;49.70199966430664;83
2024-12-06 14:54:00+01:00;49.69499969482422;49.69499969482422;49.69499969482422;49.69499969482422;49.69499969482422;20
2024-12-06 14:55:00+01:00;49.72700119018555;49.72700119018555;49.724998474121094;49.724998474121094;49.724998474121094;2
2024-12-06 14:56:00+01:00;49.749000549316406;49.76100158691406;49.749000549316406;49.76100158691406;49.76100158691406;16
2024-12-06 14:57:00+01:00;49.77000045776367;49.779998779296875;49.76100158691406;49.76100158691406;49.76100158691406;34
2024-12-06 14:58:00+01:00;49.75;49.75;49.75;49.75;49.75;20
2024-12-06 14:59:00+01:00;49.72700119018555;49.72700119018555;49.72700119018555;49.72700119018555;49.72700119018555;1
2024-12-06 15:00:00+01:00;49.72999954223633;49.72999954223633;49.72999954223633;49.72999954223633;49.72999954223633;60
2024-12-06 15:01:00+01:00;49.768001556396484;49.768001556396484;49.76499938964844;49.76499938964844;49.76499938964844;12
2024-12-06 15:02:00+01:00;49.79800033569336;49.79800033569336;49.79800033569336;49.79800033569336;49.79800033569336;300
2024-12-06 15:03:00+01:00;49.82699966430664;49.82699966430664;49.82500076293945;49.82500076293945;49.82500076293945;11
2024-12-06 15:04:00+01:00;49.79800033569336;49.81700134277344;49.79800033569336;49.81700134277344;49.81700134277344;16
2024-12-06 15:06:00+01:00;49.80500030517578;49.805999755859375;49.80500030517578;49.805999755859375;49.805999755859375;40
2024-12-06 15:07:00+01:00;49.834999084472656;49.834999084472656;49.834999084472656;49.834999084472656;49.834999084472656;6
2024-12-06 15:09:00+01:00;49.8650016784668;49.8650016784668;49.8650016784668;49.8650016784668;49.8650016784668;45
2024-12-06 15:10:00+01:00;49.858001708984375;49.88100051879883;49.858001708984375;49.88100051879883;49.88100051879883;10
2024-12-06 15:11:00+01:00;49.90399932861328;49.90399932861328;49.90399932861328;49.90399932861328;49.90399932861328;9
2024-12-06 15:12:00+01:00;49.88199996948242;49.9010009765625;49.88199996948242;49.9010009765625;49.9010009765625;10
2024-12-06 15:13:00+01:00;49.88100051879883;49.88100051879883;49.86199951171875;49.86199951171875;49.86199951171875;61
2024-12-06 15:14:00+01:00;49.856998443603516;49.856998443603516;49.856998443603516;49.856998443603516;49.856998443603516;3
2024-12-06 15:15:00+01:00;49.8849983215332;49.902000427246094;49.8849983215332;49.89699935913086;49.89699935913086;36
2024-12-06 15:16:00+01:00;49.88800048828125;49.88800048828125;49.87300109863281;49.87300109863281;49.87300109863281;11
2024-12-06 15:17:00+01:00;49.87099838256836;49.87099838256836;49.86000061035156;49.86000061035156;49.86000061035156;311
2024-12-06 15:18:00+01:00;49.85100173950195;49.85100173950195;49.83000183105469;49.849998474121094;49.849998474121094;32
2024-12-06 15:19:00+01:00;49.87799835205078;49.87900161743164;49.87799835205078;49.87900161743164;49.87900161743164;102
2024-12-06 15:20:00+01:00;49.87799835205078;49.88999938964844;49.87799835205078;49.88999938964844;49.88999938964844;16
2024-12-06 15:21:00+01:00;49.91299819946289;49.91299819946289;49.87799835205078;49.900001525878906;49.900001525878906;124
2024-12-06 15:22:00+01:00;49.891998291015625;49.891998291015625;49.891998291015625;49.891998291015625;49.891998291015625;3
2024-12-06 15:23:00+01:00;49.88100051879883;49.88100051879883;49.85100173950195;49.867000579833984;49.867000579833984;71
2024-12-06 15:24:00+01:00;49.86600112915039;49.86600112915039;49.86000061035156;49.86000061035156;49.86000061035156;6
2024-12-06 15:26:00+01:00;49.888999938964844;49.888999938964844;49.87699890136719;49.87699890136719;49.87699890136719;24
2024-12-06 15:27:00+01:00;49.87099838256836;49.87099838256836;49.861000061035156;49.861000061035156;49.861000061035156;77
2024-12-06 15:28:00+01:00;49.840999603271484;49.85200119018555;49.83599853515625;49.84299850463867;49.84299850463867;8182
2024-12-06 15:30:00+01:00;49.86800003051758;49.86800003051758;49.86800003051758;49.86800003051758;49.86800003051758;6
2024-12-06 15:31:00+01:00;49.86199951171875;49.86199951171875;49.85599899291992;49.85599899291992;49.85599899291992;12
2024-12-06 15:32:00+01:00;49.854000091552734;49.854000091552734;49.854000091552734;49.854000091552734;49.854000091552734;51
2024-12-06 15:33:00+01:00;49.861000061035156;49.874000549316406;49.861000061035156;49.874000549316406;49.874000549316406;1002
2024-12-06 15:34:00+01:00;49.89699935913086;49.89699935913086;49.895999908447266;49.895999908447266;49.895999908447266;7
2024-12-06 15:35:00+01:00;49.89500045776367;49.89699935913086;49.89400100708008;49.895999908447266;49.895999908447266;3365
2024-12-06 15:36:00+01:00;49.900001525878906;49.90700149536133;49.900001525878906;49.90700149536133;49.90700149536133;7438
2024-12-06 15:37:00+01:00;49.9109992980957;49.92399978637695;49.9109992980957;49.92399978637695;49.92399978637695;507
2024-12-06 15:38:00+01:00;49.92100143432617;49.92100143432617;49.92100143432617;49.92100143432617;49.92100143432617;521
2024-12-06 15:39:00+01:00;49.917999267578125;49.917999267578125;49.917999267578125;49.917999267578125;49.917999267578125;20
2024-12-06 15:40:00+01:00;49.91400146484375;49.91400146484375;49.91400146484375;49.91400146484375;49.91400146484375;627
2024-12-06 15:41:00+01:00;49.91400146484375;49.91400146484375;49.90700149536133;49.90700149536133;49.90700149536133;652
2024-12-06 15:42:00+01:00;49.917999267578125;49.917999267578125;49.91699981689453;49.91699981689453;49.91699981689453;62
2024-12-06 15:43:00+01:00;49.92499923706055;49.92499923706055;49.91899871826172;49.91899871826172;49.91899871826172;220
2024-12-06 15:44:00+01:00;49.91600036621094;49.91699981689453;49.900001525878906;49.902000427246094;49.902000427246094;61
2024-12-06 15:45:00+01:00;49.89899826049805;49.89899826049805;49.89899826049805;49.89899826049805;49.89899826049805;103
2024-12-06 15:46:00+01:00;49.92399978637695;49.92399978637695;49.92399978637695;49.92399978637695;49.92399978637695;3
2024-12-06 15:47:00+01:00;49.9370002746582;49.9370002746582;49.9370002746582;49.9370002746582;49.9370002746582;1
2024-12-06 15:48:00+01:00;49.94599914550781;49.94599914550781;49.94599914550781;49.94599914550781;49.94599914550781;784
2024-12-06 15:49:00+01:00;49.939998626708984;49.939998626708984;49.9379997253418;49.9379997253418;49.9379997253418;9
2024-12-06 15:50:00+01:00;49.928001403808594;49.928001403808594;49.928001403808594;49.928001403808594;49.928001403808594;5
2024-12-06 15:51:00+01:00;49.93600082397461;49.939998626708984;49.93600082397461;49.939998626708984;49.939998626708984;151
2024-12-06 15:52:00+01:00;49.92300033569336;49.92300033569336;49.92300033569336;49.92300033569336;49.92300033569336;10
2024-12-06 15:54:00+01:00;49.94300079345703;49.94300079345703;49.933998107910156;49.933998107910156;49.933998107910156;257
2024-12-06 15:55:00+01:00;49.95000076293945;49.9640007019043;49.95000076293945;49.959999084472656;49.959999084472656;34
2024-12-06 15:56:00+01:00;49.95800018310547;49.96500015258789;49.95800018310547;49.96500015258789;49.96500015258789;13
2024-12-06 15:57:00+01:00;49.95399856567383;49.95600128173828;49.95399856567383;49.95600128173828;49.95600128173828;6
2024-12-06 15:58:00+01:00;49.96500015258789;49.96500015258789;49.9630012512207;49.9630012512207;49.9630012512207;365
2024-12-06 16:00:00+01:00;50.28200149536133;50.28200149536133;50.007999420166016;50.007999420166016;50.007999420166016;96
2024-12-06 16:01:00+01:00;50.01900100708008;50.01900100708008;50.000999450683594;50.000999450683594;50.000999450683594;16
2024-12-06 16:03:00+01:00;50.0;50.0;50.0;50.0;50.0;4
2024-12-06 16:04:00+01:00;49.99399948120117;50.00199890136719;49.9900016784668;49.9900016784668;49.9900016784668;37
2024-12-06 16:05:00+01:00;49.992000579833984;49.99300003051758;49.992000579833984;49.992000579833984;49.992000579833984;50
2024-12-06 16:06:00+01:00;50.00899887084961;50.00899887084961;50.00899887084961;50.00899887084961;50.00899887084961;50
2024-12-06 16:07:00+01:00;50.0099983215332;50.025001525878906;50.0099983215332;50.025001525878906;50.025001525878906;4
2024-12-06 16:08:00+01:00;50.01900100708008;50.025001525878906;49.994998931884766;50.025001525878906;50.025001525878906;91
2024-12-06 16:09:00+01:00;50.02299880981445;50.02299880981445;50.02299880981445;50.02299880981445;50.02299880981445;10
2024-12-06 16:10:00+01:00;50.040000915527344;50.040000915527344;50.029998779296875;50.029998779296875;50.029998779296875;162
2024-12-06 16:12:00+01:00;50.06999969482422;50.06999969482422;50.04399871826172;50.04399871826172;50.04399871826172;14
2024-12-06 16:14:00+01:00;50.058998107910156;50.058998107910156;50.04999923706055;50.04999923706055;50.04999923706055;40
2024-12-06 16:15:00+01:00;50.07699966430664;50.07699966430664;50.06999969482422;50.06999969482422;50.06999969482422;27
2024-12-06 16:16:00+01:00;50.07699966430664;50.07699966430664;50.07699966430664;50.07699966430664;50.07699966430664;40
2024-12-06 16:17:00+01:00;50.07699966430664;50.07699966430664;50.07699966430664;50.07699966430664;50.07699966430664;35
2024-12-06 16:18:00+01:00;50.077999114990234;50.077999114990234;50.06399917602539;50.06399917602539;50.06399917602539;50
2024-12-06 16:20:00+01:00;50.099998474121094;50.099998474121094;50.0989990234375;50.0989990234375;50.0989990234375;30
2024-12-06 16:21:00+01:00;50.07600021362305;50.07600021362305;50.07600021362305;50.07600021362305;50.07600021362305;2
2024-12-06 16:22:00+01:00;50.06999969482422;50.077999114990234;50.066001892089844;50.077999114990234;50.077999114990234;270
2024-12-06 16:23:00+01:00;50.08000183105469;50.08000183105469;50.071998596191406;50.071998596191406;50.071998596191406;293
2024-12-06 16:24:00+01:00;50.06999969482422;50.06999969482422;50.04100036621094;50.04100036621094;50.04100036621094;16
2024-12-06 16:25:00+01:00;50.05400085449219;50.05400085449219;50.051998138427734;50.051998138427734;50.051998138427734;7
2024-12-06 16:26:00+01:00;50.051998138427734;50.051998138427734;50.04999923706055;50.04999923706055;50.04999923706055;10
2024-12-06 16:27:00+01:00;50.051998138427734;50.051998138427734;50.051998138427734;50.051998138427734;50.051998138427734;45
2024-12-06 16:28:00+01:00;50.051998138427734;50.051998138427734;50.051998138427734;50.051998138427734;50.051998138427734;1
2024-12-06 16:29:00+01:00;50.053001403808594;50.053001403808594;50.051998138427734;50.051998138427734;50.051998138427734;17
2024-12-06 16:33:00+01:00;50.053001403808594;50.05799865722656;50.053001403808594;50.055999755859375;50.055999755859375;15
2024-12-06 16:35:00+01:00;50.058998107910156;50.058998107910156;50.058998107910156;50.058998107910156;50.058998107910156;16
2024-12-06 16:36:00+01:00;50.06800079345703;50.08100128173828;50.06800079345703;50.07899856567383;50.07899856567383;12
2024-12-06 16:37:00+01:00;50.08100128173828;50.08100128173828;50.08100128173828;50.08100128173828;50.08100128173828;10
2024-12-06 16:38:00+01:00;50.084999084472656;50.084999084472656;50.05799865722656;50.05799865722656;50.05799865722656;992
2024-12-06 16:39:00+01:00;50.09000015258789;50.10100173950195;50.09000015258789;50.10100173950195;50.10100173950195;100
2024-12-06 16:40:00+01:00;50.095001220703125;50.124000549316406;50.095001220703125;50.124000549316406;50.124000549316406;310
2024-12-06 16:41:00+01:00;50.11000061035156;50.11000061035156;50.108001708984375;50.108001708984375;50.108001708984375;7
2024-12-06 16:42:00+01:00;50.11000061035156;50.11000061035156;50.095001220703125;50.095001220703125;50.095001220703125;358
2024-12-06 16:43:00+01:00;50.10499954223633;50.10499954223633;50.095001220703125;50.095001220703125;50.095001220703125;27
2024-12-06 16:44:00+01:00;50.09299850463867;50.09299850463867;50.084999084472656;50.084999084472656;50.084999084472656;425
2024-12-06 16:45:00+01:00;50.09400177001953;50.09400177001953;50.09400177001953;50.09400177001953;50.09400177001953;12
2024-12-06 16:46:00+01:00;50.053001403808594;50.071998596191406;50.047000885009766;50.047000885009766;50.047000885009766;23
2024-12-06 16:47:00+01:00;50.06800079345703;50.06800079345703;50.06399917602539;50.06399917602539;50.06399917602539;936
2024-12-06 16:48:00+01:00;50.040000915527344;50.047000885009766;50.03499984741211;50.047000885009766;50.047000885009766;51
2024-12-06 16:49:00+01:00;50.04499816894531;50.04499816894531;50.042999267578125;50.042999267578125;50.042999267578125;25
2024-12-06 16:50:00+01:00;50.04100036621094;50.04100036621094;50.0;50.0;50.0;329
2024-12-06 16:51:00+01:00;50.025001525878906;50.025001525878906;50.0099983215332;50.0099983215332;50.0099983215332;857
2024-12-06 16:52:00+01:00;50.040000915527344;50.040000915527344;50.025001525878906;50.025001525878906;50.025001525878906;11
2024-12-06 16:53:00+01:00;50.02299880981445;50.027000427246094;50.02299880981445;50.025001525878906;50.025001525878906;37
2024-12-06 16:54:00+01:00;50.03200149536133;50.03200149536133;50.03200149536133;50.03200149536133;50.03200149536133;10
2024-12-06 16:55:00+01:00;50.029998779296875;50.029998779296875;49.99599838256836;49.99599838256836;49.99599838256836;22
2024-12-06 16:56:00+01:00;50.013999938964844;50.013999938964844;50.013999938964844;50.013999938964844;50.013999938964844;145
2024-12-06 16:57:00+01:00;50.03099822998047;50.03099822998047;50.03099822998047;50.03099822998047;50.03099822998047;40
2024-12-06 16:58:00+01:00;50.02899932861328;50.03900146484375;50.02199935913086;50.03900146484375;50.03900146484375;55
2024-12-06 16:59:00+01:00;50.0369987487793;50.0369987487793;50.0369987487793;50.0369987487793;50.0369987487793;3
2024-12-06 17:02:00+01:00;50.0620002746582;50.06700134277344;50.0620002746582;50.06700134277344;50.06700134277344;3
2024-12-06 17:04:00+01:00;50.04800033569336;50.04800033569336;50.04800033569336;50.04800033569336;50.04800033569336;4
2024-12-06 17:06:00+01:00;50.058998107910156;50.058998107910156;50.058998107910156;50.058998107910156;50.058998107910156;6
2024-12-06 17:07:00+01:00;50.060001373291016;50.060001373291016;50.060001373291016;50.060001373291016;50.060001373291016;20
2024-12-06 17:08:00+01:00;50.04800033569336;50.04800033569336;50.04800033569336;50.04800033569336;50.04800033569336;40
2024-12-06 17:10:00+01:00;50.02799987792969;50.02799987792969;50.02799987792969;50.02799987792969;50.02799987792969;30
2024-12-06 17:11:00+01:00;50.02000045776367;50.02000045776367;49.9900016784668;49.9900016784668;49.9900016784668;113
2024-12-06 17:12:00+01:00;49.9900016784668;50.00400161743164;49.97999954223633;49.97999954223633;49.97999954223633;169
2024-12-06 17:13:00+01:00;49.9739990234375;49.9739990234375;49.93000030517578;49.948001861572266;49.948001861572266;16
2024-12-06 17:14:00+01:00;49.95000076293945;49.95000076293945;49.95000076293945;49.95000076293945;49.95000076293945;30
2024-12-06 17:15:00+01:00;49.98400115966797;49.98400115966797;49.98400115966797;49.98400115966797;49.98400115966797;6
2024-12-06 17:16:00+01:00;49.98899841308594;49.98899841308594;49.98899841308594;49.98899841308594;49.98899841308594;8
2024-12-06 17:17:00+01:00;49.99700164794922;49.99700164794922;49.99700164794922;49.99700164794922;49.99700164794922;1
2024-12-06 17:18:00+01:00;49.970001220703125;49.970001220703125;49.970001220703125;49.970001220703125;49.970001220703125;1383
2024-12-06 17:19:00+01:00;49.9739990234375;49.974998474121094;49.9739990234375;49.974998474121094;49.974998474121094;43
2024-12-06 17:20:00+01:00;49.96699905395508;49.96699905395508;49.939998626708984;49.959999084472656;49.959999084472656;100
2024-12-06 17:23:00+01:00;49.91400146484375;49.91400146484375;49.91400146484375;49.91400146484375;49.91400146484375;20
2024-12-06 17:25:00+01:00;49.94900131225586;49.95399856567383;49.94900131225586;49.95399856567383;49.95399856567383;101
2024-12-06 17:26:00+01:00;49.952999114990234;49.952999114990234;49.926998138427734;49.95100021362305;49.95100021362305;34
2024-12-06 17:27:00+01:00;49.944000244140625;49.944000244140625;49.944000244140625;49.944000244140625;49.944000244140625;1
2024-12-06 17:28:00+01:00;49.95000076293945;49.95000076293945;49.948001861572266;49.948001861572266;49.948001861572266;2
2024-12-06 17:29:00+01:00;49.95600128173828;49.95600128173828;49.95600128173828;49.95600128173828;49.95600128173828;2
