Datetime;Open;High;Low;Close;Adj Close;Volume
2024-09-16 09:04:00+02:00;43.77899932861328;43.77899932861328;43.77899932861328;43.77899932861328;43.77899932861328;0
2024-09-16 09:05:00+02:00;43.78900146484375;43.78900146484375;43.78900146484375;43.78900146484375;43.78900146484375;4
2024-09-16 09:07:00+02:00;43.790000915527344;43.790000915527344;43.790000915527344;43.790000915527344;43.790000915527344;3
2024-09-16 09:09:00+02:00;43.79199981689453;43.79199981689453;43.79199981689453;43.79199981689453;43.79199981689453;3
2024-09-16 09:12:00+02:00;43.78799819946289;43.78799819946289;43.78799819946289;43.78799819946289;43.78799819946289;6
2024-09-16 09:13:00+02:00;43.78799819946289;43.78799819946289;43.78799819946289;43.78799819946289;43.78799819946289;70
2024-09-16 09:16:00+02:00;43.78799819946289;43.792999267578125;43.78799819946289;43.792999267578125;43.792999267578125;24
2024-09-16 09:18:00+02:00;43.779998779296875;43.779998779296875;43.779998779296875;43.779998779296875;43.779998779296875;3
2024-09-16 09:19:00+02:00;43.77799987792969;43.77799987792969;43.77799987792969;43.77799987792969;43.77799987792969;1
2024-09-16 09:20:00+02:00;43.78200149536133;43.78200149536133;43.78200149536133;43.78200149536133;43.78200149536133;100
2024-09-16 09:22:00+02:00;43.797000885009766;43.797000885009766;43.797000885009766;43.797000885009766;43.797000885009766;100
2024-09-16 09:24:00+02:00;43.79800033569336;43.79800033569336;43.79800033569336;43.79800033569336;43.79800033569336;11
2024-09-16 09:25:00+02:00;43.78099822998047;43.78900146484375;43.78099822998047;43.78900146484375;43.78900146484375;30
2024-09-16 09:27:00+02:00;43.792999267578125;43.792999267578125;43.792999267578125;43.792999267578125;43.792999267578125;12
2024-09-16 09:28:00+02:00;43.78499984741211;43.79100036621094;43.77399826049805;43.79100036621094;43.79100036621094;1442
2024-09-16 09:29:00+02:00;43.79100036621094;43.79100036621094;43.79100036621094;43.79100036621094;43.79100036621094;3
2024-09-16 09:32:00+02:00;43.77799987792969;43.77799987792969;43.77799987792969;43.77799987792969;43.77799987792969;350
2024-09-16 09:34:00+02:00;43.777000427246094;43.777000427246094;43.7760009765625;43.7760009765625;43.7760009765625;458
2024-09-16 09:35:00+02:00;43.7599983215332;43.7599983215332;43.7599983215332;43.7599983215332;43.7599983215332;158
2024-09-16 09:36:00+02:00;43.75;43.755001068115234;43.74800109863281;43.755001068115234;43.755001068115234;120
2024-09-16 09:41:00+02:00;43.78099822998047;43.78099822998047;43.78099822998047;43.78099822998047;43.78099822998047;1610
2024-09-16 09:42:00+02:00;43.763999938964844;43.763999938964844;43.763999938964844;43.763999938964844;43.763999938964844;2
2024-09-16 09:46:00+02:00;43.78300094604492;43.78300094604492;43.78300094604492;43.78300094604492;43.78300094604492;46
2024-09-16 09:48:00+02:00;43.78799819946289;43.78799819946289;43.78799819946289;43.78799819946289;43.78799819946289;11
2024-09-16 09:49:00+02:00;43.7869987487793;43.7869987487793;43.7869987487793;43.7869987487793;43.7869987487793;11
2024-09-16 09:52:00+02:00;43.79399871826172;43.79399871826172;43.79399871826172;43.79399871826172;43.79399871826172;4
2024-09-16 09:57:00+02:00;43.808998107910156;43.810001373291016;43.808998107910156;43.810001373291016;43.810001373291016;39
2024-09-16 09:58:00+02:00;43.821998596191406;43.82400131225586;43.821998596191406;43.82400131225586;43.82400131225586;31
2024-09-16 09:59:00+02:00;43.81800079345703;43.81800079345703;43.81800079345703;43.81800079345703;43.81800079345703;1
2024-09-16 10:00:00+02:00;43.801998138427734;43.801998138427734;43.801998138427734;43.801998138427734;43.801998138427734;3
2024-09-16 10:01:00+02:00;43.81800079345703;43.81800079345703;43.81800079345703;43.81800079345703;43.81800079345703;1
2024-09-16 10:02:00+02:00;43.81700134277344;43.81700134277344;43.81700134277344;43.81700134277344;43.81700134277344;1
2024-09-16 10:03:00+02:00;43.81700134277344;43.81700134277344;43.81700134277344;43.81700134277344;43.81700134277344;11
2024-09-16 10:04:00+02:00;43.84199905395508;43.84199905395508;43.84199905395508;43.84199905395508;43.84199905395508;1
2024-09-16 10:05:00+02:00;43.84600067138672;43.84600067138672;43.84600067138672;43.84600067138672;43.84600067138672;1
2024-09-16 10:06:00+02:00;43.83599853515625;43.83599853515625;43.83599853515625;43.83599853515625;43.83599853515625;450
2024-09-16 10:08:00+02:00;43.83100128173828;43.83100128173828;43.83100128173828;43.83100128173828;43.83100128173828;100
2024-09-16 10:09:00+02:00;43.83100128173828;43.83100128173828;43.83100128173828;43.83100128173828;43.83100128173828;14
2024-09-16 10:10:00+02:00;43.82600021362305;43.82600021362305;43.82600021362305;43.82600021362305;43.82600021362305;11
2024-09-16 10:11:00+02:00;43.827999114990234;43.827999114990234;43.827999114990234;43.827999114990234;43.827999114990234;300
2024-09-16 10:13:00+02:00;43.82500076293945;43.82500076293945;43.82500076293945;43.82500076293945;43.82500076293945;12
2024-09-16 10:14:00+02:00;43.821998596191406;43.821998596191406;43.821998596191406;43.821998596191406;43.821998596191406;32
2024-09-16 10:15:00+02:00;43.81999969482422;43.81999969482422;43.81999969482422;43.81999969482422;43.81999969482422;12
2024-09-16 10:16:00+02:00;43.814998626708984;43.814998626708984;43.814998626708984;43.814998626708984;43.814998626708984;6
2024-09-16 10:18:00+02:00;43.79899978637695;43.81700134277344;43.79899978637695;43.81700134277344;43.81700134277344;65
2024-09-16 10:19:00+02:00;43.819000244140625;43.819000244140625;43.79899978637695;43.79899978637695;43.79899978637695;94
2024-09-16 10:20:00+02:00;43.79600143432617;43.79600143432617;43.79600143432617;43.79600143432617;43.79600143432617;22
2024-09-16 10:21:00+02:00;43.814998626708984;43.814998626708984;43.814998626708984;43.814998626708984;43.814998626708984;25
2024-09-16 10:22:00+02:00;43.79600143432617;43.79600143432617;43.79600143432617;43.79600143432617;43.79600143432617;34
2024-09-16 10:23:00+02:00;43.81700134277344;43.81700134277344;43.79600143432617;43.79600143432617;43.79600143432617;17
2024-09-16 10:25:00+02:00;43.814998626708984;43.814998626708984;43.814998626708984;43.814998626708984;43.814998626708984;4
2024-09-16 10:26:00+02:00;43.816001892089844;43.81999969482422;43.816001892089844;43.81999969482422;43.81999969482422;21
2024-09-16 10:27:00+02:00;43.82600021362305;43.82600021362305;43.82600021362305;43.82600021362305;43.82600021362305;50
2024-09-16 10:28:00+02:00;43.827999114990234;43.827999114990234;43.827999114990234;43.827999114990234;43.827999114990234;5
2024-09-16 10:31:00+02:00;43.8129997253418;43.8129997253418;43.8129997253418;43.8129997253418;43.8129997253418;4
2024-09-16 10:32:00+02:00;43.81800079345703;43.81800079345703;43.81800079345703;43.81800079345703;43.81800079345703;5
2024-09-16 10:33:00+02:00;43.81800079345703;43.81800079345703;43.81800079345703;43.81800079345703;43.81800079345703;59
2024-09-16 10:35:00+02:00;43.808998107910156;43.808998107910156;43.808998107910156;43.808998107910156;43.808998107910156;7
2024-09-16 10:36:00+02:00;43.80799865722656;43.80799865722656;43.80699920654297;43.80699920654297;43.80699920654297;191
2024-09-16 10:37:00+02:00;43.79999923706055;43.79999923706055;43.79999923706055;43.79999923706055;43.79999923706055;3
2024-09-16 10:38:00+02:00;43.790000915527344;43.790000915527344;43.790000915527344;43.790000915527344;43.790000915527344;1
2024-09-16 10:44:00+02:00;43.78799819946289;43.78799819946289;43.7859992980957;43.7859992980957;43.7859992980957;165
2024-09-16 10:46:00+02:00;43.79600143432617;43.80500030517578;43.79600143432617;43.80500030517578;43.80500030517578;5
2024-09-16 10:48:00+02:00;43.801998138427734;43.801998138427734;43.801998138427734;43.801998138427734;43.801998138427734;5
2024-09-16 10:49:00+02:00;43.79899978637695;43.79899978637695;43.79899978637695;43.79899978637695;43.79899978637695;8
2024-09-16 10:51:00+02:00;43.8120002746582;43.8120002746582;43.80099868774414;43.80699920654297;43.80699920654297;45
2024-09-16 10:52:00+02:00;43.80500030517578;43.80500030517578;43.79899978637695;43.79899978637695;43.79899978637695;27
2024-09-16 10:57:00+02:00;43.801998138427734;43.801998138427734;43.790000915527344;43.790000915527344;43.790000915527344;31
2024-09-16 10:58:00+02:00;43.790000915527344;43.790000915527344;43.790000915527344;43.790000915527344;43.790000915527344;3
2024-09-16 10:59:00+02:00;43.80500030517578;43.80500030517578;43.80500030517578;43.80500030517578;43.80500030517578;10
2024-09-16 11:09:00+02:00;43.78799819946289;43.792999267578125;43.78799819946289;43.790000915527344;43.790000915527344;106
2024-09-16 11:12:00+02:00;43.78900146484375;43.803001403808594;43.78900146484375;43.803001403808594;43.803001403808594;8
2024-09-16 11:14:00+02:00;43.79100036621094;43.79100036621094;43.79100036621094;43.79100036621094;43.79100036621094;3
2024-09-16 11:15:00+02:00;43.79999923706055;43.79999923706055;43.79999923706055;43.79999923706055;43.79999923706055;7
2024-09-16 11:16:00+02:00;43.79999923706055;43.808998107910156;43.79999923706055;43.808998107910156;43.808998107910156;18
2024-09-16 11:18:00+02:00;43.80699920654297;43.80699920654297;43.80699920654297;43.80699920654297;43.80699920654297;4
2024-09-16 11:19:00+02:00;43.805999755859375;43.805999755859375;43.79999923706055;43.79999923706055;43.79999923706055;19
2024-09-16 11:20:00+02:00;43.803001403808594;43.803001403808594;43.803001403808594;43.803001403808594;43.803001403808594;1
2024-09-16 11:21:00+02:00;43.805999755859375;43.805999755859375;43.79999923706055;43.79999923706055;43.79999923706055;81
2024-09-16 11:23:00+02:00;43.790000915527344;43.790000915527344;43.790000915527344;43.790000915527344;43.790000915527344;50
2024-09-16 11:24:00+02:00;43.790000915527344;43.790000915527344;43.790000915527344;43.790000915527344;43.790000915527344;2
2024-09-16 11:26:00+02:00;43.79399871826172;43.79399871826172;43.79399871826172;43.79399871826172;43.79399871826172;10
2024-09-16 11:27:00+02:00;43.79199981689453;43.79199981689453;43.79199981689453;43.79199981689453;43.79199981689453;4
2024-09-16 11:28:00+02:00;43.78799819946289;43.78799819946289;43.78799819946289;43.78799819946289;43.78799819946289;4
2024-09-16 11:29:00+02:00;43.790000915527344;43.790000915527344;43.790000915527344;43.790000915527344;43.790000915527344;500
2024-09-16 11:32:00+02:00;43.805999755859375;43.805999755859375;43.805999755859375;43.805999755859375;43.805999755859375;11
2024-09-16 11:33:00+02:00;43.80500030517578;43.80500030517578;43.80500030517578;43.80500030517578;43.80500030517578;11
2024-09-16 11:36:00+02:00;43.8129997253418;43.8129997253418;43.8129997253418;43.8129997253418;43.8129997253418;3
2024-09-16 11:38:00+02:00;43.82099914550781;43.82099914550781;43.82099914550781;43.82099914550781;43.82099914550781;103
2024-09-16 11:42:00+02:00;43.81700134277344;43.81700134277344;43.81700134277344;43.81700134277344;43.81700134277344;3
2024-09-16 11:44:00+02:00;43.808998107910156;43.810001373291016;43.790000915527344;43.810001373291016;43.810001373291016;131
2024-09-16 11:45:00+02:00;43.80799865722656;43.80799865722656;43.80799865722656;43.80799865722656;43.80799865722656;10
2024-09-16 11:48:00+02:00;43.792999267578125;43.792999267578125;43.792999267578125;43.792999267578125;43.792999267578125;6
2024-09-16 11:50:00+02:00;43.80799865722656;43.80799865722656;43.805999755859375;43.805999755859375;43.805999755859375;52
2024-09-16 11:51:00+02:00;43.80500030517578;43.80500030517578;43.80500030517578;43.80500030517578;43.80500030517578;4
2024-09-16 11:52:00+02:00;43.810001373291016;43.810001373291016;43.80699920654297;43.80699920654297;43.80699920654297;34
2024-09-16 11:53:00+02:00;43.808998107910156;43.808998107910156;43.808998107910156;43.808998107910156;43.808998107910156;30
2024-09-16 11:54:00+02:00;43.80699920654297;43.80699920654297;43.80699920654297;43.80699920654297;43.80699920654297;1
2024-09-16 11:56:00+02:00;43.80699920654297;43.80699920654297;43.80500030517578;43.80500030517578;43.80500030517578;9
2024-09-16 11:59:00+02:00;43.80099868774414;43.80099868774414;43.80099868774414;43.80099868774414;43.80099868774414;2
2024-09-16 12:00:00+02:00;43.790000915527344;43.790000915527344;43.790000915527344;43.790000915527344;43.790000915527344;20
2024-09-16 12:02:00+02:00;43.7869987487793;43.7869987487793;43.779998779296875;43.779998779296875;43.779998779296875;510
2024-09-16 12:06:00+02:00;43.779998779296875;43.779998779296875;43.779998779296875;43.779998779296875;43.779998779296875;28
2024-09-16 12:08:00+02:00;43.77399826049805;43.77399826049805;43.77399826049805;43.77399826049805;43.77399826049805;50
2024-09-16 12:09:00+02:00;43.777000427246094;43.777000427246094;43.76100158691406;43.76100158691406;43.76100158691406;12
2024-09-16 12:10:00+02:00;43.777000427246094;43.777000427246094;43.75;43.75;43.75;38
2024-09-16 12:11:00+02:00;43.75;43.75;43.737998962402344;43.737998962402344;43.737998962402344;97
2024-09-16 12:13:00+02:00;43.763999938964844;43.766998291015625;43.763999938964844;43.766998291015625;43.766998291015625;24
2024-09-16 12:18:00+02:00;43.763999938964844;43.763999938964844;43.763999938964844;43.763999938964844;43.763999938964844;5
2024-09-16 12:21:00+02:00;43.76499938964844;43.76499938964844;43.76499938964844;43.76499938964844;43.76499938964844;2
2024-09-16 12:22:00+02:00;43.750999450683594;43.750999450683594;43.750999450683594;43.750999450683594;43.750999450683594;5
2024-09-16 12:27:00+02:00;43.73500061035156;43.73500061035156;43.73500061035156;43.73500061035156;43.73500061035156;9
2024-09-16 12:30:00+02:00;43.722999572753906;43.722999572753906;43.722999572753906;43.722999572753906;43.722999572753906;9
2024-09-16 12:31:00+02:00;43.736000061035156;43.736000061035156;43.736000061035156;43.736000061035156;43.736000061035156;110
2024-09-16 12:37:00+02:00;43.7400016784668;43.7400016784668;43.7400016784668;43.7400016784668;43.7400016784668;69
2024-09-16 12:40:00+02:00;43.750999450683594;43.750999450683594;43.750999450683594;43.750999450683594;43.750999450683594;71
2024-09-16 12:43:00+02:00;43.7599983215332;43.7599983215332;43.7599983215332;43.7599983215332;43.7599983215332;9
2024-09-16 12:44:00+02:00;43.766998291015625;43.770999908447266;43.766998291015625;43.770999908447266;43.770999908447266;156
2024-09-16 12:46:00+02:00;43.7760009765625;43.7760009765625;43.7760009765625;43.7760009765625;43.7760009765625;6
2024-09-16 12:48:00+02:00;43.77399826049805;43.77399826049805;43.77399826049805;43.77399826049805;43.77399826049805;1
2024-09-16 12:51:00+02:00;43.775001525878906;43.775001525878906;43.775001525878906;43.775001525878906;43.775001525878906;11
2024-09-16 12:53:00+02:00;43.7760009765625;43.7869987487793;43.7760009765625;43.7869987487793;43.7869987487793;23
2024-09-16 12:56:00+02:00;43.77899932861328;43.77899932861328;43.77899932861328;43.77899932861328;43.77899932861328;10
2024-09-16 12:57:00+02:00;43.784000396728516;43.784000396728516;43.784000396728516;43.784000396728516;43.784000396728516;130
2024-09-16 12:58:00+02:00;43.784000396728516;43.784000396728516;43.784000396728516;43.784000396728516;43.784000396728516;6
2024-09-16 13:02:00+02:00;43.775001525878906;43.777000427246094;43.775001525878906;43.777000427246094;43.777000427246094;253
2024-09-16 13:04:00+02:00;43.7599983215332;43.7599983215332;43.7599983215332;43.7599983215332;43.7599983215332;30
2024-09-16 13:05:00+02:00;43.763999938964844;43.763999938964844;43.750999450683594;43.75600051879883;43.75600051879883;34
2024-09-16 13:07:00+02:00;43.770999908447266;43.770999908447266;43.770999908447266;43.770999908447266;43.770999908447266;1
2024-09-16 13:08:00+02:00;43.766998291015625;43.766998291015625;43.766998291015625;43.766998291015625;43.766998291015625;2
2024-09-16 13:13:00+02:00;43.77899932861328;43.77899932861328;43.77899932861328;43.77899932861328;43.77899932861328;33
2024-09-16 13:16:00+02:00;43.76900100708008;43.76900100708008;43.7599983215332;43.7599983215332;43.7599983215332;14
2024-09-16 13:17:00+02:00;43.77799987792969;43.77799987792969;43.77799987792969;43.77799987792969;43.77799987792969;8
2024-09-16 13:18:00+02:00;43.77399826049805;43.77399826049805;43.77399826049805;43.77399826049805;43.77399826049805;10
2024-09-16 13:22:00+02:00;43.7599983215332;43.7599983215332;43.7599983215332;43.7599983215332;43.7599983215332;9
2024-09-16 13:23:00+02:00;43.750999450683594;43.750999450683594;43.74399948120117;43.74399948120117;43.74399948120117;165
2024-09-16 13:25:00+02:00;43.744998931884766;43.744998931884766;43.744998931884766;43.744998931884766;43.744998931884766;47
2024-09-16 13:28:00+02:00;43.72600173950195;43.74599838256836;43.72600173950195;43.74599838256836;43.74599838256836;7
2024-09-16 13:34:00+02:00;43.75;43.75;43.75;43.75;43.75;3
2024-09-16 13:36:00+02:00;43.74800109863281;43.74800109863281;43.74800109863281;43.74800109863281;43.74800109863281;10
2024-09-16 13:38:00+02:00;43.74100112915039;43.74100112915039;43.74100112915039;43.74100112915039;43.74100112915039;11
2024-09-16 13:40:00+02:00;43.74399948120117;43.74399948120117;43.74399948120117;43.74399948120117;43.74399948120117;5
2024-09-16 13:43:00+02:00;43.733001708984375;43.733001708984375;43.724998474121094;43.724998474121094;43.724998474121094;22
2024-09-16 13:44:00+02:00;43.73899841308594;43.73899841308594;43.73899841308594;43.73899841308594;43.73899841308594;13
2024-09-16 13:47:00+02:00;43.75299835205078;43.75299835205078;43.75299835205078;43.75299835205078;43.75299835205078;10
2024-09-16 13:48:00+02:00;43.75;43.75;43.75;43.75;43.75;21
2024-09-16 13:51:00+02:00;43.75;43.75;43.75;43.75;43.75;20
2024-09-16 13:52:00+02:00;43.75699996948242;43.75699996948242;43.75699996948242;43.75699996948242;43.75699996948242;3
2024-09-16 13:53:00+02:00;43.73400115966797;43.73400115966797;43.73400115966797;43.73400115966797;43.73400115966797;300
2024-09-16 13:56:00+02:00;43.72999954223633;43.72999954223633;43.72200012207031;43.72200012207031;43.72200012207031;14
2024-09-16 13:57:00+02:00;43.74100112915039;43.74100112915039;43.74100112915039;43.74100112915039;43.74100112915039;5
2024-09-16 14:01:00+02:00;43.729000091552734;43.729000091552734;43.729000091552734;43.729000091552734;43.729000091552734;3
2024-09-16 14:03:00+02:00;43.70899963378906;43.70899963378906;43.70899963378906;43.70899963378906;43.70899963378906;5
2024-09-16 14:04:00+02:00;43.71799850463867;43.71799850463867;43.71799850463867;43.71799850463867;43.71799850463867;1
2024-09-16 14:07:00+02:00;43.72700119018555;43.72700119018555;43.72700119018555;43.72700119018555;43.72700119018555;1
2024-09-16 14:09:00+02:00;43.7400016784668;43.7400016784668;43.7400016784668;43.7400016784668;43.7400016784668;12
2024-09-16 14:11:00+02:00;43.729000091552734;43.729000091552734;43.729000091552734;43.729000091552734;43.729000091552734;40
2024-09-16 14:12:00+02:00;43.73500061035156;43.736000061035156;43.73500061035156;43.736000061035156;43.736000061035156;252
2024-09-16 14:14:00+02:00;43.720001220703125;43.720001220703125;43.720001220703125;43.720001220703125;43.720001220703125;4
2024-09-16 14:15:00+02:00;43.72700119018555;43.72700119018555;43.72700119018555;43.72700119018555;43.72700119018555;6
2024-09-16 14:16:00+02:00;43.724998474121094;43.724998474121094;43.724998474121094;43.724998474121094;43.724998474121094;68
2024-09-16 14:20:00+02:00;43.71900177001953;43.71900177001953;43.70500183105469;43.715999603271484;43.715999603271484;139
2024-09-16 14:22:00+02:00;43.70899963378906;43.70899963378906;43.70000076293945;43.70000076293945;43.70000076293945;219
2024-09-16 14:23:00+02:00;43.70899963378906;43.70899963378906;43.70899963378906;43.70899963378906;43.70899963378906;3
2024-09-16 14:25:00+02:00;43.709999084472656;43.709999084472656;43.709999084472656;43.709999084472656;43.709999084472656;250
2024-09-16 14:27:00+02:00;43.70899963378906;43.70899963378906;43.70899963378906;43.70899963378906;43.70899963378906;3
2024-09-16 14:28:00+02:00;43.709999084472656;43.709999084472656;43.709999084472656;43.709999084472656;43.709999084472656;11
2024-09-16 14:30:00+02:00;43.70600128173828;43.70600128173828;43.70600128173828;43.70600128173828;43.70600128173828;3
2024-09-16 14:31:00+02:00;43.689998626708984;43.689998626708984;43.689998626708984;43.689998626708984;43.689998626708984;207
2024-09-16 14:32:00+02:00;43.70100021362305;43.70100021362305;43.70100021362305;43.70100021362305;43.70100021362305;11
2024-09-16 14:33:00+02:00;43.698001861572266;43.71500015258789;43.698001861572266;43.71500015258789;43.71500015258789;12
2024-09-16 14:38:00+02:00;43.74100112915039;43.74100112915039;43.74100112915039;43.74100112915039;43.74100112915039;31
2024-09-16 14:43:00+02:00;43.74399948120117;43.74399948120117;43.74399948120117;43.74399948120117;43.74399948120117;65
2024-09-16 14:44:00+02:00;43.74100112915039;43.744998931884766;43.74100112915039;43.744998931884766;43.744998931884766;22
2024-09-16 14:49:00+02:00;43.720001220703125;43.720001220703125;43.720001220703125;43.720001220703125;43.720001220703125;120
2024-09-16 14:50:00+02:00;43.720001220703125;43.720001220703125;43.720001220703125;43.720001220703125;43.720001220703125;6
2024-09-16 14:52:00+02:00;43.72800064086914;43.72800064086914;43.72800064086914;43.72800064086914;43.72800064086914;57
2024-09-16 14:55:00+02:00;43.724998474121094;43.724998474121094;43.72200012207031;43.72200012207031;43.72200012207031;169
2024-09-16 14:59:00+02:00;43.72700119018555;43.72700119018555;43.72700119018555;43.72700119018555;43.72700119018555;40
2024-09-16 15:01:00+02:00;43.736000061035156;43.736000061035156;43.736000061035156;43.736000061035156;43.736000061035156;19
2024-09-16 15:05:00+02:00;43.7130012512207;43.720001220703125;43.7130012512207;43.720001220703125;43.720001220703125;17
2024-09-16 15:10:00+02:00;43.73099899291992;43.73099899291992;43.73099899291992;43.73099899291992;43.73099899291992;9
2024-09-16 15:11:00+02:00;43.720001220703125;43.720001220703125;43.720001220703125;43.720001220703125;43.720001220703125;3
2024-09-16 15:12:00+02:00;43.722999572753906;43.722999572753906;43.722999572753906;43.722999572753906;43.722999572753906;23
2024-09-16 15:13:00+02:00;43.70000076293945;43.70000076293945;43.70000076293945;43.70000076293945;43.70000076293945;35
2024-09-16 15:25:00+02:00;43.71699905395508;43.71699905395508;43.71699905395508;43.71699905395508;43.71699905395508;1
2024-09-16 15:27:00+02:00;43.73500061035156;43.73500061035156;43.73500061035156;43.73500061035156;43.73500061035156;10
2024-09-16 15:29:00+02:00;43.7140007019043;43.7140007019043;43.71200180053711;43.71200180053711;43.71200180053711;8
2024-09-16 15:30:00+02:00;43.71699905395508;43.71699905395508;43.71699905395508;43.71699905395508;43.71699905395508;12
2024-09-16 15:31:00+02:00;43.736000061035156;43.736000061035156;43.736000061035156;43.736000061035156;43.736000061035156;1
2024-09-16 15:32:00+02:00;43.72800064086914;43.72800064086914;43.72800064086914;43.72800064086914;43.72800064086914;394
2024-09-16 15:33:00+02:00;43.720001220703125;43.720001220703125;43.70000076293945;43.70000076293945;43.70000076293945;16
2024-09-16 15:34:00+02:00;43.68199920654297;43.68199920654297;43.66699981689453;43.66699981689453;43.66699981689453;34
2024-09-16 15:36:00+02:00;43.63999938964844;43.63999938964844;43.63999938964844;43.63999938964844;43.63999938964844;2
2024-09-16 15:37:00+02:00;43.654998779296875;43.654998779296875;43.654998779296875;43.654998779296875;43.654998779296875;70
2024-09-16 15:38:00+02:00;43.672000885009766;43.672000885009766;43.65700149536133;43.65700149536133;43.65700149536133;31
2024-09-16 15:39:00+02:00;43.66899871826172;43.66899871826172;43.66899871826172;43.66899871826172;43.66899871826172;3
2024-09-16 15:42:00+02:00;43.652000427246094;43.652000427246094;43.652000427246094;43.652000427246094;43.652000427246094;11
2024-09-16 15:46:00+02:00;43.65299987792969;43.65299987792969;43.65299987792969;43.65299987792969;43.65299987792969;2
2024-09-16 15:47:00+02:00;43.67499923706055;43.67499923706055;43.67499923706055;43.67499923706055;43.67499923706055;1635
2024-09-16 15:50:00+02:00;43.733001708984375;43.733001708984375;43.733001708984375;43.733001708984375;43.733001708984375;1
2024-09-16 15:54:00+02:00;43.770999908447266;43.779998779296875;43.770999908447266;43.779998779296875;43.779998779296875;1857
2024-09-16 15:55:00+02:00;43.79600143432617;43.79600143432617;43.79199981689453;43.79199981689453;43.79199981689453;301
2024-09-16 15:56:00+02:00;43.77000045776367;43.803001403808594;43.77000045776367;43.803001403808594;43.803001403808594;30
2024-09-16 15:57:00+02:00;43.803001403808594;43.803001403808594;43.803001403808594;43.803001403808594;43.803001403808594;6
2024-09-16 15:58:00+02:00;43.797000885009766;43.797000885009766;43.797000885009766;43.797000885009766;43.797000885009766;3
2024-09-16 15:59:00+02:00;43.79199981689453;43.79199981689453;43.79199981689453;43.79199981689453;43.79199981689453;160
2024-09-16 16:00:00+02:00;43.810001373291016;43.810001373291016;43.810001373291016;43.810001373291016;43.810001373291016;29
2024-09-16 16:06:00+02:00;43.81800079345703;43.81800079345703;43.81800079345703;43.81800079345703;43.81800079345703;200
2024-09-16 16:07:00+02:00;43.821998596191406;43.821998596191406;43.821998596191406;43.821998596191406;43.821998596191406;11
2024-09-16 16:08:00+02:00;43.821998596191406;43.821998596191406;43.82099914550781;43.82099914550781;43.82099914550781;10
2024-09-16 16:09:00+02:00;43.81399917602539;43.81399917602539;43.81399917602539;43.81399917602539;43.81399917602539;7
2024-09-16 16:12:00+02:00;43.805999755859375;43.805999755859375;43.805999755859375;43.805999755859375;43.805999755859375;2
2024-09-16 16:13:00+02:00;43.81100082397461;43.81100082397461;43.81100082397461;43.81100082397461;43.81100082397461;335
2024-09-16 16:14:00+02:00;43.79499816894531;43.80799865722656;43.79499816894531;43.80799865722656;43.80799865722656;201
2024-09-16 16:16:00+02:00;43.814998626708984;43.814998626708984;43.814998626708984;43.814998626708984;43.814998626708984;150
2024-09-16 16:17:00+02:00;43.801998138427734;43.801998138427734;43.77199935913086;43.79800033569336;43.79800033569336;51
2024-09-16 16:18:00+02:00;43.79600143432617;43.801998138427734;43.79600143432617;43.801998138427734;43.801998138427734;37
2024-09-16 16:19:00+02:00;43.79600143432617;43.79600143432617;43.79499816894531;43.79499816894531;43.79499816894531;252
2024-09-16 16:20:00+02:00;43.784000396728516;43.784000396728516;43.784000396728516;43.784000396728516;43.784000396728516;2
2024-09-16 16:21:00+02:00;43.78499984741211;43.78499984741211;43.78499984741211;43.78499984741211;43.78499984741211;133
2024-09-16 16:23:00+02:00;43.790000915527344;43.790000915527344;43.78799819946289;43.78799819946289;43.78799819946289;154
2024-09-16 16:26:00+02:00;43.7239990234375;43.7239990234375;43.7239990234375;43.7239990234375;43.7239990234375;28
2024-09-16 16:32:00+02:00;43.665000915527344;43.665000915527344;43.665000915527344;43.665000915527344;43.665000915527344;45
2024-09-16 16:34:00+02:00;43.630001068115234;43.630001068115234;43.599998474121094;43.599998474121094;43.599998474121094;102
2024-09-16 16:38:00+02:00;43.64699935913086;43.64699935913086;43.64699935913086;43.64699935913086;43.64699935913086;25
2024-09-16 16:39:00+02:00;43.6510009765625;43.6510009765625;43.6510009765625;43.6510009765625;43.6510009765625;50
2024-09-16 16:40:00+02:00;43.63399887084961;43.672000885009766;43.63399887084961;43.672000885009766;43.672000885009766;31
2024-09-16 16:45:00+02:00;43.70800018310547;43.70800018310547;43.70800018310547;43.70800018310547;43.70800018310547;200
2024-09-16 16:47:00+02:00;43.698001861572266;43.698001861572266;43.69599914550781;43.69599914550781;43.69599914550781;26
2024-09-16 16:51:00+02:00;43.698001861572266;43.698001861572266;43.698001861572266;43.698001861572266;43.698001861572266;350
2024-09-16 16:54:00+02:00;43.683998107910156;43.683998107910156;43.683998107910156;43.683998107910156;43.683998107910156;3
2024-09-16 16:58:00+02:00;43.6879997253418;43.6879997253418;43.6879997253418;43.6879997253418;43.6879997253418;50
2024-09-16 17:00:00+02:00;43.65299987792969;43.65299987792969;43.65299987792969;43.65299987792969;43.65299987792969;350
2024-09-16 17:01:00+02:00;43.64699935913086;43.64699935913086;43.64699935913086;43.64699935913086;43.64699935913086;3
2024-09-16 17:03:00+02:00;43.63999938964844;43.63999938964844;43.63999938964844;43.63999938964844;43.63999938964844;41
2024-09-16 17:08:00+02:00;43.69900131225586;43.69900131225586;43.69900131225586;43.69900131225586;43.69900131225586;250
2024-09-16 17:12:00+02:00;43.71200180053711;43.71200180053711;43.71099853515625;43.71099853515625;43.71099853515625;55
2024-09-16 17:13:00+02:00;43.709999084472656;43.709999084472656;43.70000076293945;43.70000076293945;43.70000076293945;14
2024-09-16 17:15:00+02:00;43.707000732421875;43.707000732421875;43.707000732421875;43.707000732421875;43.707000732421875;100
2024-09-16 17:16:00+02:00;43.70800018310547;43.70800018310547;43.70199966430664;43.70199966430664;43.70199966430664;64
2024-09-16 17:18:00+02:00;43.71500015258789;43.71500015258789;43.71500015258789;43.71500015258789;43.71500015258789;202
2024-09-16 17:19:00+02:00;43.70000076293945;43.70000076293945;43.6879997253418;43.6879997253418;43.6879997253418;120
2024-09-16 17:20:00+02:00;43.70600128173828;43.70600128173828;43.70600128173828;43.70600128173828;43.70600128173828;5
2024-09-16 17:21:00+02:00;43.70899963378906;43.70899963378906;43.70899963378906;43.70899963378906;43.70899963378906;18
2024-09-16 17:22:00+02:00;43.70000076293945;43.70000076293945;43.70000076293945;43.70000076293945;43.70000076293945;1144
2024-09-16 17:23:00+02:00;43.70500183105469;43.70500183105469;43.70500183105469;43.70500183105469;43.70500183105469;11
2024-09-16 17:24:00+02:00;43.71699905395508;43.71900177001953;43.71699905395508;43.71900177001953;43.71900177001953;33
2024-09-16 17:26:00+02:00;43.70000076293945;43.70000076293945;43.70000076293945;43.70000076293945;43.70000076293945;2
2024-09-16 17:29:00+02:00;43.68600082397461;43.6870002746582;43.68600082397461;43.6870002746582;43.6870002746582;3361
