Datetime;Open;High;Low;Close;Adj Close;Volume
2024-11-15 09:04:00+01:00;48.584999084472656;48.584999084472656;48.56800079345703;48.56800079345703;48.56800079345703;0
2024-11-15 09:05:00+01:00;48.590999603271484;48.590999603271484;48.58300018310547;48.58300018310547;48.58300018310547;7
2024-11-15 09:06:00+01:00;48.57699966430664;48.57699966430664;48.57699966430664;48.57699966430664;48.57699966430664;10
2024-11-15 09:07:00+01:00;48.56800079345703;48.573001861572266;48.56800079345703;48.573001861572266;48.573001861572266;167
2024-11-15 09:08:00+01:00;48.55099868774414;48.55099868774414;48.55099868774414;48.55099868774414;48.55099868774414;5
2024-11-15 09:09:00+01:00;48.55099868774414;48.55099868774414;48.507999420166016;48.507999420166016;48.507999420166016;203
2024-11-15 09:11:00+01:00;48.50299835205078;48.50299835205078;48.50299835205078;48.50299835205078;48.50299835205078;141
2024-11-15 09:12:00+01:00;48.50400161743164;48.50400161743164;48.48400115966797;48.48400115966797;48.48400115966797;2928
2024-11-15 09:13:00+01:00;48.483001708984375;48.483001708984375;48.483001708984375;48.483001708984375;48.483001708984375;4
2024-11-15 09:14:00+01:00;48.507999420166016;48.507999420166016;48.50600051879883;48.50600051879883;48.50600051879883;19
2024-11-15 09:15:00+01:00;48.50600051879883;48.51300048828125;48.50600051879883;48.51300048828125;48.51300048828125;38
2024-11-15 09:16:00+01:00;48.534000396728516;48.5369987487793;48.534000396728516;48.5359992980957;48.5359992980957;203
2024-11-15 09:17:00+01:00;48.53499984741211;48.54999923706055;48.53499984741211;48.54999923706055;48.54999923706055;122
2024-11-15 09:18:00+01:00;48.553001403808594;48.555999755859375;48.553001403808594;48.555999755859375;48.555999755859375;8
2024-11-15 09:19:00+01:00;48.551998138427734;48.551998138427734;48.551998138427734;48.551998138427734;48.551998138427734;8
2024-11-15 09:20:00+01:00;48.53499984741211;48.53499984741211;48.505001068115234;48.505001068115234;48.505001068115234;106
2024-11-15 09:21:00+01:00;48.512001037597656;48.512001037597656;48.5;48.5;48.5;392
2024-11-15 09:22:00+01:00;48.512001037597656;48.512001037597656;48.507999420166016;48.507999420166016;48.507999420166016;23
2024-11-15 09:23:00+01:00;48.5;48.51599884033203;48.5;48.51599884033203;48.51599884033203;620
2024-11-15 09:24:00+01:00;48.51100158691406;48.51100158691406;48.5099983215332;48.51100158691406;48.51100158691406;73
2024-11-15 09:25:00+01:00;48.50899887084961;48.50899887084961;48.50199890136719;48.50400161743164;48.50400161743164;23
2024-11-15 09:26:00+01:00;48.49300003051758;48.500999450683594;48.47999954223633;48.500999450683594;48.500999450683594;394
2024-11-15 09:27:00+01:00;48.48099899291992;48.48099899291992;48.47999954223633;48.47999954223633;48.47999954223633;13
2024-11-15 09:28:00+01:00;48.48899841308594;48.48899841308594;48.48899841308594;48.48899841308594;48.48899841308594;33
2024-11-15 09:29:00+01:00;48.47800064086914;48.47800064086914;48.446998596191406;48.446998596191406;48.446998596191406;1431
2024-11-15 09:30:00+01:00;48.45899963378906;48.45899963378906;48.45899963378906;48.45899963378906;48.45899963378906;10
2024-11-15 09:31:00+01:00;48.448001861572266;48.472999572753906;48.448001861572266;48.472999572753906;48.472999572753906;103
2024-11-15 09:32:00+01:00;48.481998443603516;48.48899841308594;48.470001220703125;48.48899841308594;48.48899841308594;43
2024-11-15 09:33:00+01:00;48.48500061035156;48.48500061035156;48.46799850463867;48.46799850463867;48.46799850463867;30
2024-11-15 09:34:00+01:00;48.483001708984375;48.483001708984375;48.45800018310547;48.45800018310547;48.45800018310547;352
2024-11-15 09:35:00+01:00;48.47999954223633;48.492000579833984;48.47999954223633;48.492000579833984;48.492000579833984;10
2024-11-15 09:36:00+01:00;48.48099899291992;48.48099899291992;48.48099899291992;48.48099899291992;48.48099899291992;20
2024-11-15 09:37:00+01:00;48.481998443603516;48.48899841308594;48.470001220703125;48.470001220703125;48.470001220703125;50
2024-11-15 09:38:00+01:00;48.4739990234375;48.4739990234375;48.46500015258789;48.46500015258789;48.46500015258789;421
2024-11-15 09:39:00+01:00;48.47700119018555;48.483001708984375;48.47700119018555;48.481998443603516;48.481998443603516;18
2024-11-15 09:40:00+01:00;48.4900016784668;48.4900016784668;48.48099899291992;48.48099899291992;48.48099899291992;65
2024-11-15 09:42:00+01:00;48.470001220703125;48.48099899291992;48.470001220703125;48.48099899291992;48.48099899291992;14
2024-11-15 09:43:00+01:00;48.47999954223633;48.4900016784668;48.47700119018555;48.4900016784668;48.4900016784668;143
2024-11-15 09:44:00+01:00;48.483001708984375;48.483001708984375;48.483001708984375;48.483001708984375;48.483001708984375;6
2024-11-15 09:45:00+01:00;48.48400115966797;48.48400115966797;48.48400115966797;48.48400115966797;48.48400115966797;4
2024-11-15 09:46:00+01:00;48.486000061035156;48.49399948120117;48.47999954223633;48.49399948120117;48.49399948120117;27
2024-11-15 09:47:00+01:00;48.483001708984375;48.483001708984375;48.483001708984375;48.483001708984375;48.483001708984375;7
2024-11-15 09:48:00+01:00;48.49100112915039;48.49100112915039;48.48500061035156;48.48500061035156;48.48500061035156;28
2024-11-15 09:49:00+01:00;48.49100112915039;48.49100112915039;48.48899841308594;48.48899841308594;48.48899841308594;22
2024-11-15 09:50:00+01:00;48.45899963378906;48.474998474121094;48.45899963378906;48.4739990234375;48.4739990234375;23
2024-11-15 09:51:00+01:00;48.47600173950195;48.47600173950195;48.47600173950195;48.47600173950195;48.47600173950195;11
2024-11-15 09:52:00+01:00;48.481998443603516;48.48500061035156;48.481998443603516;48.48500061035156;48.48500061035156;52
2024-11-15 09:53:00+01:00;48.47999954223633;48.47999954223633;48.47100067138672;48.47100067138672;48.47100067138672;1042
2024-11-15 09:54:00+01:00;48.49599838256836;48.49599838256836;48.494998931884766;48.494998931884766;48.494998931884766;8
2024-11-15 09:55:00+01:00;48.492000579833984;48.492000579833984;48.47100067138672;48.47100067138672;48.47100067138672;1514
2024-11-15 09:56:00+01:00;48.4900016784668;48.49399948120117;48.4900016784668;48.49399948120117;48.49399948120117;171
2024-11-15 09:58:00+01:00;48.50600051879883;48.50600051879883;48.50600051879883;48.50600051879883;48.50600051879883;31
2024-11-15 09:59:00+01:00;48.513999938964844;48.513999938964844;48.50400161743164;48.50899887084961;48.50899887084961;49
2024-11-15 10:00:00+01:00;48.49100112915039;48.5260009765625;48.49100112915039;48.5260009765625;48.5260009765625;94
2024-11-15 10:01:00+01:00;48.52299880981445;48.52299880981445;48.50699996948242;48.52000045776367;48.52000045776367;171
2024-11-15 10:02:00+01:00;48.51499938964844;48.51499938964844;48.50699996948242;48.50699996948242;48.50699996948242;182
2024-11-15 10:03:00+01:00;48.50699996948242;48.50699996948242;48.50699996948242;48.50699996948242;48.50699996948242;12
2024-11-15 10:04:00+01:00;48.472999572753906;48.49300003051758;48.472999572753906;48.49300003051758;48.49300003051758;38
2024-11-15 10:05:00+01:00;48.483001708984375;48.4900016784668;48.483001708984375;48.4900016784668;48.4900016784668;36
2024-11-15 10:06:00+01:00;48.48500061035156;48.48500061035156;48.4630012512207;48.483001708984375;48.483001708984375;122
2024-11-15 10:07:00+01:00;48.48099899291992;48.48099899291992;48.46099853515625;48.46099853515625;48.46099853515625;155
2024-11-15 10:09:00+01:00;48.47100067138672;48.47100067138672;48.46099853515625;48.46099853515625;48.46099853515625;70
2024-11-15 10:10:00+01:00;48.474998474121094;48.474998474121094;48.459999084472656;48.46900177001953;48.46900177001953;231
2024-11-15 10:11:00+01:00;48.45500183105469;48.459999084472656;48.45000076293945;48.459999084472656;48.459999084472656;140
2024-11-15 10:12:00+01:00;48.439998626708984;48.439998626708984;48.43299865722656;48.43299865722656;48.43299865722656;3
2024-11-15 10:14:00+01:00;48.448001861572266;48.448001861572266;48.435001373291016;48.435001373291016;48.435001373291016;1514
2024-11-15 10:15:00+01:00;48.43899917602539;48.43899917602539;48.41999816894531;48.41999816894531;48.41999816894531;128
2024-11-15 10:16:00+01:00;48.43199920654297;48.43199920654297;48.43199920654297;48.43199920654297;48.43199920654297;13
2024-11-15 10:17:00+01:00;48.43899917602539;48.439998626708984;48.43899917602539;48.439998626708984;48.439998626708984;425
2024-11-15 10:18:00+01:00;48.433998107910156;48.45800018310547;48.433998107910156;48.45800018310547;48.45800018310547;182
2024-11-15 10:19:00+01:00;48.459999084472656;48.459999084472656;48.459999084472656;48.459999084472656;48.459999084472656;20
2024-11-15 10:21:00+01:00;48.465999603271484;48.465999603271484;48.459999084472656;48.46200180053711;48.46200180053711;4277
2024-11-15 10:22:00+01:00;48.45500183105469;48.45500183105469;48.45100021362305;48.45100021362305;48.45100021362305;347
2024-11-15 10:23:00+01:00;48.45000076293945;48.46699905395508;48.45000076293945;48.46699905395508;48.46699905395508;17
2024-11-15 10:24:00+01:00;48.486000061035156;48.486000061035156;48.486000061035156;48.486000061035156;48.486000061035156;103
2024-11-15 10:25:00+01:00;48.48899841308594;48.494998931884766;48.48899841308594;48.494998931884766;48.494998931884766;22
2024-11-15 10:27:00+01:00;48.487998962402344;48.487998962402344;48.487998962402344;48.487998962402344;48.487998962402344;2
2024-11-15 10:28:00+01:00;48.49300003051758;48.49300003051758;48.49300003051758;48.49300003051758;48.49300003051758;100
2024-11-15 10:29:00+01:00;48.4900016784668;48.4900016784668;48.4900016784668;48.4900016784668;48.4900016784668;3
2024-11-15 10:30:00+01:00;48.48099899291992;48.48099899291992;48.48099899291992;48.48099899291992;48.48099899291992;20
2024-11-15 10:31:00+01:00;48.483001708984375;48.48899841308594;48.483001708984375;48.48899841308594;48.48899841308594;10
2024-11-15 10:32:00+01:00;48.483001708984375;48.483001708984375;48.481998443603516;48.481998443603516;48.481998443603516;33
2024-11-15 10:33:00+01:00;48.47800064086914;48.47800064086914;48.47700119018555;48.47700119018555;48.47700119018555;106
2024-11-15 10:34:00+01:00;48.47700119018555;48.47700119018555;48.47700119018555;48.47700119018555;48.47700119018555;49
2024-11-15 10:35:00+01:00;48.48400115966797;48.48500061035156;48.47700119018555;48.48500061035156;48.48500061035156;120
2024-11-15 10:36:00+01:00;48.49300003051758;48.49300003051758;48.47999954223633;48.48699951171875;48.48699951171875;19
2024-11-15 10:37:00+01:00;48.48899841308594;48.48899841308594;48.48899841308594;48.48899841308594;48.48899841308594;2
2024-11-15 10:38:00+01:00;48.4900016784668;48.4900016784668;48.4900016784668;48.4900016784668;48.4900016784668;15
2024-11-15 10:39:00+01:00;48.4900016784668;48.4900016784668;48.47600173950195;48.47600173950195;48.47600173950195;669
2024-11-15 10:40:00+01:00;48.47999954223633;48.47999954223633;48.47999954223633;48.47999954223633;48.47999954223633;3
2024-11-15 10:41:00+01:00;48.48099899291992;48.487998962402344;48.48099899291992;48.487998962402344;48.487998962402344;1030
2024-11-15 10:42:00+01:00;48.492000579833984;48.499000549316406;48.492000579833984;48.499000549316406;48.499000549316406;227
2024-11-15 10:43:00+01:00;48.499000549316406;48.499000549316406;48.48899841308594;48.48899841308594;48.48899841308594;4329
2024-11-15 10:44:00+01:00;48.49700164794922;48.49700164794922;48.494998931884766;48.494998931884766;48.494998931884766;30
2024-11-15 10:45:00+01:00;48.49300003051758;48.49300003051758;48.49300003051758;48.49300003051758;48.49300003051758;8
2024-11-15 10:46:00+01:00;48.499000549316406;48.499000549316406;48.499000549316406;48.499000549316406;48.499000549316406;4
2024-11-15 10:47:00+01:00;48.49300003051758;48.49399948120117;48.49300003051758;48.49399948120117;48.49399948120117;23
2024-11-15 10:48:00+01:00;48.49700164794922;48.499000549316406;48.49700164794922;48.499000549316406;48.499000549316406;1002
2024-11-15 10:49:00+01:00;48.492000579833984;48.49399948120117;48.492000579833984;48.49399948120117;48.49399948120117;208
2024-11-15 10:50:00+01:00;48.49100112915039;48.49399948120117;48.49100112915039;48.49399948120117;48.49399948120117;13
2024-11-15 10:51:00+01:00;48.47999954223633;48.492000579833984;48.47999954223633;48.492000579833984;48.492000579833984;140
2024-11-15 10:53:00+01:00;48.48899841308594;48.4900016784668;48.48899841308594;48.4900016784668;48.4900016784668;92
2024-11-15 10:54:00+01:00;48.49399948120117;48.49599838256836;48.474998474121094;48.49599838256836;48.49599838256836;29
2024-11-15 10:55:00+01:00;48.499000549316406;48.499000549316406;48.4900016784668;48.4900016784668;48.4900016784668;23
2024-11-15 10:57:00+01:00;48.499000549316406;48.5;48.499000549316406;48.5;48.5;63
2024-11-15 10:58:00+01:00;48.52000045776367;48.52000045776367;48.513999938964844;48.513999938964844;48.513999938964844;206
2024-11-15 10:59:00+01:00;48.51300048828125;48.51300048828125;48.512001037597656;48.512001037597656;48.512001037597656;22
2024-11-15 11:01:00+01:00;48.5;48.5;48.49599838256836;48.49599838256836;48.49599838256836;266
2024-11-15 11:02:00+01:00;48.5;48.500999450683594;48.5;48.500999450683594;48.500999450683594;310
2024-11-15 11:03:00+01:00;48.50600051879883;48.513999938964844;48.50600051879883;48.513999938964844;48.513999938964844;186
2024-11-15 11:04:00+01:00;48.507999420166016;48.507999420166016;48.507999420166016;48.507999420166016;48.507999420166016;41
2024-11-15 11:05:00+01:00;48.49800109863281;48.49800109863281;48.49800109863281;48.49800109863281;48.49800109863281;47
2024-11-15 11:06:00+01:00;48.50400161743164;48.50400161743164;48.50400161743164;48.50400161743164;48.50400161743164;25
2024-11-15 11:07:00+01:00;48.500999450683594;48.500999450683594;48.500999450683594;48.500999450683594;48.500999450683594;4
2024-11-15 11:08:00+01:00;48.505001068115234;48.50699996948242;48.505001068115234;48.50699996948242;48.50699996948242;131
2024-11-15 11:09:00+01:00;48.50199890136719;48.50199890136719;48.486000061035156;48.486000061035156;48.486000061035156;50
2024-11-15 11:11:00+01:00;48.50600051879883;48.50600051879883;48.50600051879883;48.50600051879883;48.50600051879883;11
2024-11-15 11:12:00+01:00;48.512001037597656;48.512001037597656;48.499000549316406;48.499000549316406;48.499000549316406;5
2024-11-15 11:14:00+01:00;48.5;48.5;48.47999954223633;48.4900016784668;48.4900016784668;112
2024-11-15 11:15:00+01:00;48.4900016784668;48.492000579833984;48.4900016784668;48.492000579833984;48.492000579833984;51
2024-11-15 11:16:00+01:00;48.49399948120117;48.494998931884766;48.47999954223633;48.47999954223633;48.47999954223633;121
2024-11-15 11:17:00+01:00;48.47200012207031;48.48400115966797;48.47200012207031;48.48400115966797;48.48400115966797;391
2024-11-15 11:18:00+01:00;48.48699951171875;48.49700164794922;48.48699951171875;48.49700164794922;48.49700164794922;148
2024-11-15 11:19:00+01:00;48.492000579833984;48.49599838256836;48.492000579833984;48.49599838256836;48.49599838256836;370
2024-11-15 11:20:00+01:00;48.47999954223633;48.48699951171875;48.470001220703125;48.48400115966797;48.48400115966797;43
2024-11-15 11:21:00+01:00;48.49700164794922;48.49700164794922;48.48400115966797;48.48400115966797;48.48400115966797;28
2024-11-15 11:22:00+01:00;48.49300003051758;48.49300003051758;48.49300003051758;48.49300003051758;48.49300003051758;15
2024-11-15 11:23:00+01:00;48.492000579833984;48.492000579833984;48.492000579833984;48.492000579833984;48.492000579833984;3
2024-11-15 11:25:00+01:00;48.48899841308594;48.48899841308594;48.48899841308594;48.48899841308594;48.48899841308594;3
2024-11-15 11:26:00+01:00;48.4900016784668;48.492000579833984;48.487998962402344;48.492000579833984;48.492000579833984;19
2024-11-15 11:27:00+01:00;48.49100112915039;48.494998931884766;48.4900016784668;48.4900016784668;48.4900016784668;230
2024-11-15 11:28:00+01:00;48.50299835205078;48.50299835205078;48.48400115966797;48.48400115966797;48.48400115966797;44
2024-11-15 11:29:00+01:00;48.5;48.5;48.4900016784668;48.4900016784668;48.4900016784668;144
2024-11-15 11:30:00+01:00;48.49800109863281;48.50899887084961;48.49800109863281;48.50899887084961;48.50899887084961;9
2024-11-15 11:31:00+01:00;48.512001037597656;48.52899932861328;48.50400161743164;48.50400161743164;48.50400161743164;1498
2024-11-15 11:32:00+01:00;48.5099983215332;48.51499938964844;48.50899887084961;48.50899887084961;48.50899887084961;61
2024-11-15 11:33:00+01:00;48.50199890136719;48.50199890136719;48.494998931884766;48.494998931884766;48.494998931884766;129
2024-11-15 11:34:00+01:00;48.494998931884766;48.5;48.494998931884766;48.5;48.5;99
2024-11-15 11:35:00+01:00;48.5099983215332;48.5099983215332;48.5099983215332;48.5099983215332;48.5099983215332;24
2024-11-15 11:36:00+01:00;48.499000549316406;48.499000549316406;48.49399948120117;48.494998931884766;48.494998931884766;36
2024-11-15 11:37:00+01:00;48.492000579833984;48.492000579833984;48.48899841308594;48.49100112915039;48.49100112915039;59
2024-11-15 11:38:00+01:00;48.49100112915039;48.49100112915039;48.470001220703125;48.47800064086914;48.47800064086914;264
2024-11-15 11:41:00+01:00;48.46699905395508;48.46699905395508;48.46699905395508;48.46699905395508;48.46699905395508;40
2024-11-15 11:42:00+01:00;48.46500015258789;48.46500015258789;48.46500015258789;48.46500015258789;48.46500015258789;10
2024-11-15 11:43:00+01:00;48.45100021362305;48.45100021362305;48.45100021362305;48.45100021362305;48.45100021362305;10
2024-11-15 11:44:00+01:00;48.46500015258789;48.46500015258789;48.45000076293945;48.45000076293945;48.45000076293945;12
2024-11-15 11:47:00+01:00;48.470001220703125;48.470001220703125;48.470001220703125;48.470001220703125;48.470001220703125;2
2024-11-15 11:49:00+01:00;48.45000076293945;48.45000076293945;48.45000076293945;48.45000076293945;48.45000076293945;88
2024-11-15 11:51:00+01:00;48.45899963378906;48.459999084472656;48.45899963378906;48.459999084472656;48.459999084472656;28
2024-11-15 11:52:00+01:00;48.47800064086914;48.47800064086914;48.47800064086914;48.47800064086914;48.47800064086914;30
2024-11-15 11:53:00+01:00;48.47600173950195;48.47600173950195;48.47600173950195;48.47600173950195;48.47600173950195;2
2024-11-15 11:54:00+01:00;48.47100067138672;48.47100067138672;48.47100067138672;48.47100067138672;48.47100067138672;1
2024-11-15 11:58:00+01:00;48.46500015258789;48.47200012207031;48.46500015258789;48.47200012207031;48.47200012207031;16
2024-11-15 11:59:00+01:00;48.47100067138672;48.47100067138672;48.47100067138672;48.47100067138672;48.47100067138672;4
2024-11-15 12:00:00+01:00;48.48500061035156;48.48500061035156;48.48500061035156;48.48500061035156;48.48500061035156;50
2024-11-15 12:01:00+01:00;48.472999572753906;48.472999572753906;48.472999572753906;48.472999572753906;48.472999572753906;4
2024-11-15 12:03:00+01:00;48.48400115966797;48.48400115966797;48.48400115966797;48.48400115966797;48.48400115966797;4
2024-11-15 12:04:00+01:00;48.487998962402344;48.499000549316406;48.487998962402344;48.499000549316406;48.499000549316406;40
2024-11-15 12:05:00+01:00;48.487998962402344;48.5;48.487998962402344;48.5;48.5;356
2024-11-15 12:06:00+01:00;48.499000549316406;48.52000045776367;48.499000549316406;48.52000045776367;48.52000045776367;16
2024-11-15 12:07:00+01:00;48.51599884033203;48.518001556396484;48.51599884033203;48.518001556396484;48.518001556396484;9
2024-11-15 12:09:00+01:00;48.52000045776367;48.52000045776367;48.499000549316406;48.512001037597656;48.512001037597656;91
2024-11-15 12:10:00+01:00;48.51300048828125;48.51300048828125;48.51300048828125;48.51300048828125;48.51300048828125;10
2024-11-15 12:11:00+01:00;48.4900016784668;48.4900016784668;48.4900016784668;48.4900016784668;48.4900016784668;2
2024-11-15 12:12:00+01:00;48.507999420166016;48.507999420166016;48.507999420166016;48.507999420166016;48.507999420166016;8
2024-11-15 12:13:00+01:00;48.51300048828125;48.51300048828125;48.51100158691406;48.51100158691406;48.51100158691406;18
2024-11-15 12:14:00+01:00;48.51300048828125;48.51300048828125;48.51100158691406;48.51100158691406;48.51100158691406;35
2024-11-15 12:16:00+01:00;48.507999420166016;48.507999420166016;48.5;48.5;48.5;171
2024-11-15 12:17:00+01:00;48.49599838256836;48.51599884033203;48.49599838256836;48.51599884033203;48.51599884033203;16
2024-11-15 12:19:00+01:00;48.516998291015625;48.516998291015625;48.516998291015625;48.516998291015625;48.516998291015625;66
2024-11-15 12:20:00+01:00;48.52299880981445;48.52299880981445;48.52299880981445;48.52299880981445;48.52299880981445;3
2024-11-15 12:21:00+01:00;48.52000045776367;48.52000045776367;48.52000045776367;48.52000045776367;48.52000045776367;290
2024-11-15 12:22:00+01:00;48.518001556396484;48.51900100708008;48.518001556396484;48.51900100708008;48.51900100708008;373
2024-11-15 12:23:00+01:00;48.50199890136719;48.5099983215332;48.5;48.5099983215332;48.5099983215332;39
2024-11-15 12:25:00+01:00;48.505001068115234;48.505001068115234;48.500999450683594;48.50299835205078;48.50299835205078;68
2024-11-15 12:26:00+01:00;48.507999420166016;48.507999420166016;48.505001068115234;48.505001068115234;48.505001068115234;13
2024-11-15 12:27:00+01:00;48.49800109863281;48.5;48.49800109863281;48.5;48.5;22
2024-11-15 12:28:00+01:00;48.49399948120117;48.500999450683594;48.49399948120117;48.500999450683594;48.500999450683594;40
2024-11-15 12:29:00+01:00;48.4900016784668;48.500999450683594;48.4900016784668;48.49399948120117;48.49399948120117;193
2024-11-15 12:30:00+01:00;48.481998443603516;48.49700164794922;48.481998443603516;48.49700164794922;48.49700164794922;35
2024-11-15 12:31:00+01:00;48.49700164794922;48.49700164794922;48.49700164794922;48.49700164794922;48.49700164794922;4
2024-11-15 12:32:00+01:00;48.49399948120117;48.49399948120117;48.49399948120117;48.49399948120117;48.49399948120117;41
2024-11-15 12:33:00+01:00;48.48899841308594;48.48899841308594;48.48899841308594;48.48899841308594;48.48899841308594;72
2024-11-15 12:35:00+01:00;48.49399948120117;48.49399948120117;48.472999572753906;48.472999572753906;48.472999572753906;65
2024-11-15 12:37:00+01:00;48.49800109863281;48.49800109863281;48.483001708984375;48.494998931884766;48.494998931884766;20
2024-11-15 12:38:00+01:00;48.47800064086914;48.500999450683594;48.47600173950195;48.47600173950195;48.47600173950195;29
2024-11-15 12:40:00+01:00;48.49100112915039;48.49100112915039;48.49100112915039;48.49100112915039;48.49100112915039;32
2024-11-15 12:42:00+01:00;48.47600173950195;48.47600173950195;48.47600173950195;48.47600173950195;48.47600173950195;12
2024-11-15 12:43:00+01:00;48.49599838256836;48.49599838256836;48.49599838256836;48.49599838256836;48.49599838256836;20
2024-11-15 12:45:00+01:00;48.49399948120117;48.49399948120117;48.49399948120117;48.49399948120117;48.49399948120117;3
2024-11-15 12:46:00+01:00;48.49399948120117;48.49399948120117;48.49399948120117;48.49399948120117;48.49399948120117;10
2024-11-15 12:48:00+01:00;48.47600173950195;48.47600173950195;48.47600173950195;48.47600173950195;48.47600173950195;8
2024-11-15 12:49:00+01:00;48.48699951171875;48.487998962402344;48.48699951171875;48.487998962402344;48.487998962402344;23
2024-11-15 12:50:00+01:00;48.49100112915039;48.49100112915039;48.49100112915039;48.49100112915039;48.49100112915039;8
2024-11-15 12:51:00+01:00;48.486000061035156;48.486000061035156;48.47999954223633;48.47999954223633;48.47999954223633;14
2024-11-15 12:52:00+01:00;48.49700164794922;48.49800109863281;48.49700164794922;48.49800109863281;48.49800109863281;44
2024-11-15 12:54:00+01:00;48.47800064086914;48.49700164794922;48.47800064086914;48.49700164794922;48.49700164794922;105
2024-11-15 12:55:00+01:00;48.500999450683594;48.500999450683594;48.500999450683594;48.500999450683594;48.500999450683594;2
2024-11-15 12:56:00+01:00;48.5;48.50199890136719;48.481998443603516;48.50199890136719;48.50199890136719;72
2024-11-15 12:59:00+01:00;48.5;48.5;48.5;48.5;48.5;100
2024-11-15 13:00:00+01:00;48.47999954223633;48.47999954223633;48.47999954223633;48.47999954223633;48.47999954223633;11
2024-11-15 13:03:00+01:00;48.500999450683594;48.500999450683594;48.500999450683594;48.500999450683594;48.500999450683594;3
2024-11-15 13:04:00+01:00;48.499000549316406;48.499000549316406;48.499000549316406;48.499000549316406;48.499000549316406;53
2024-11-15 13:09:00+01:00;48.53300094604492;48.53300094604492;48.53300094604492;48.53300094604492;48.53300094604492;2
2024-11-15 13:12:00+01:00;48.54800033569336;48.54800033569336;48.54800033569336;48.54800033569336;48.54800033569336;20
2024-11-15 13:13:00+01:00;48.54999923706055;48.54999923706055;48.54999923706055;48.54999923706055;48.54999923706055;20
2024-11-15 13:14:00+01:00;48.54899978637695;48.55099868774414;48.54899978637695;48.55099868774414;48.55099868774414;318
2024-11-15 13:16:00+01:00;48.53099822998047;48.53099822998047;48.53099822998047;48.53099822998047;48.53099822998047;2
2024-11-15 13:18:00+01:00;48.53099822998047;48.53099822998047;48.53099822998047;48.53099822998047;48.53099822998047;2
2024-11-15 13:19:00+01:00;48.53099822998047;48.53099822998047;48.53099822998047;48.53099822998047;48.53099822998047;23
2024-11-15 13:20:00+01:00;48.51900100708008;48.51900100708008;48.51900100708008;48.51900100708008;48.51900100708008;181
2024-11-15 13:21:00+01:00;48.54199981689453;48.54199981689453;48.54199981689453;48.54199981689453;48.54199981689453;5
2024-11-15 13:23:00+01:00;48.52299880981445;48.52299880981445;48.52299880981445;48.52299880981445;48.52299880981445;20
2024-11-15 13:24:00+01:00;48.51599884033203;48.51900100708008;48.51599884033203;48.51900100708008;48.51900100708008;205
2024-11-15 13:27:00+01:00;48.54100036621094;48.54100036621094;48.540000915527344;48.540000915527344;48.540000915527344;115
2024-11-15 13:28:00+01:00;48.547000885009766;48.547000885009766;48.547000885009766;48.547000885009766;48.547000885009766;5
2024-11-15 13:30:00+01:00;48.54800033569336;48.54800033569336;48.54800033569336;48.54800033569336;48.54800033569336;100
2024-11-15 13:33:00+01:00;48.551998138427734;48.551998138427734;48.551998138427734;48.551998138427734;48.551998138427734;7
2024-11-15 13:34:00+01:00;48.55500030517578;48.55500030517578;48.55500030517578;48.55500030517578;48.55500030517578;83
2024-11-15 13:35:00+01:00;48.55699920654297;48.55699920654297;48.55699920654297;48.55699920654297;48.55699920654297;3
2024-11-15 13:36:00+01:00;48.55500030517578;48.55699920654297;48.55500030517578;48.55699920654297;48.55699920654297;35
2024-11-15 13:37:00+01:00;48.54999923706055;48.55799865722656;48.54999923706055;48.55799865722656;48.55799865722656;277
2024-11-15 13:38:00+01:00;48.57400131225586;48.57400131225586;48.57400131225586;48.57400131225586;48.57400131225586;3
2024-11-15 13:39:00+01:00;48.58000183105469;48.58000183105469;48.57600021362305;48.57600021362305;48.57600021362305;4
2024-11-15 13:40:00+01:00;48.55699920654297;48.55699920654297;48.55699920654297;48.55699920654297;48.55699920654297;2
2024-11-15 13:41:00+01:00;48.57600021362305;48.582000732421875;48.57600021362305;48.582000732421875;48.582000732421875;7
2024-11-15 13:42:00+01:00;48.58399963378906;48.58399963378906;48.5620002746582;48.5620002746582;48.5620002746582;27
2024-11-15 13:44:00+01:00;48.57500076293945;48.57500076293945;48.560001373291016;48.560001373291016;48.560001373291016;115
2024-11-15 13:45:00+01:00;48.560001373291016;48.560001373291016;48.560001373291016;48.560001373291016;48.560001373291016;37
2024-11-15 13:47:00+01:00;48.57099914550781;48.57099914550781;48.566001892089844;48.566001892089844;48.566001892089844;32
2024-11-15 13:48:00+01:00;48.566001892089844;48.566001892089844;48.566001892089844;48.566001892089844;48.566001892089844;10
2024-11-15 13:49:00+01:00;48.564998626708984;48.564998626708984;48.564998626708984;48.564998626708984;48.564998626708984;20
2024-11-15 13:50:00+01:00;48.566001892089844;48.566001892089844;48.566001892089844;48.566001892089844;48.566001892089844;5
2024-11-15 13:51:00+01:00;48.54499816894531;48.56100082397461;48.54499816894531;48.553001403808594;48.553001403808594;19
2024-11-15 13:52:00+01:00;48.553001403808594;48.553001403808594;48.553001403808594;48.553001403808594;48.553001403808594;6
2024-11-15 13:53:00+01:00;48.54999923706055;48.54999923706055;48.52799987792969;48.52799987792969;48.52799987792969;26
2024-11-15 13:55:00+01:00;48.52299880981445;48.52299880981445;48.52299880981445;48.52299880981445;48.52299880981445;1
2024-11-15 13:56:00+01:00;48.553001403808594;48.553001403808594;48.553001403808594;48.553001403808594;48.553001403808594;20
2024-11-15 13:58:00+01:00;48.551998138427734;48.551998138427734;48.551998138427734;48.551998138427734;48.551998138427734;20
2024-11-15 14:00:00+01:00;48.54100036621094;48.54100036621094;48.54100036621094;48.54100036621094;48.54100036621094;3
2024-11-15 14:02:00+01:00;48.54600143432617;48.54600143432617;48.54600143432617;48.54600143432617;48.54600143432617;10
2024-11-15 14:03:00+01:00;48.534000396728516;48.534000396728516;48.525001525878906;48.525001525878906;48.525001525878906;260
2024-11-15 14:04:00+01:00;48.52000045776367;48.529998779296875;48.52000045776367;48.52799987792969;48.52799987792969;106
2024-11-15 14:05:00+01:00;48.50400161743164;48.52399826049805;48.50400161743164;48.52399826049805;48.52399826049805;104
2024-11-15 14:06:00+01:00;48.5;48.50899887084961;48.5;48.50899887084961;48.50899887084961;111
2024-11-15 14:08:00+01:00;48.5099983215332;48.5099983215332;48.507999420166016;48.507999420166016;48.507999420166016;17
2024-11-15 14:09:00+01:00;48.50299835205078;48.50299835205078;48.494998931884766;48.494998931884766;48.494998931884766;82
2024-11-15 14:11:00+01:00;48.4900016784668;48.4900016784668;48.47600173950195;48.487998962402344;48.487998962402344;63
2024-11-15 14:12:00+01:00;48.459999084472656;48.459999084472656;48.459999084472656;48.459999084472656;48.459999084472656;10
2024-11-15 14:13:00+01:00;48.470001220703125;48.470001220703125;48.45000076293945;48.45000076293945;48.45000076293945;172
2024-11-15 14:18:00+01:00;48.4630012512207;48.4630012512207;48.4630012512207;48.4630012512207;48.4630012512207;2
2024-11-15 14:19:00+01:00;48.47800064086914;48.47800064086914;48.47800064086914;48.47800064086914;48.47800064086914;3
2024-11-15 14:21:00+01:00;48.48099899291992;48.48099899291992;48.48099899291992;48.48099899291992;48.48099899291992;3
2024-11-15 14:22:00+01:00;48.4739990234375;48.4739990234375;48.4739990234375;48.4739990234375;48.4739990234375;2
2024-11-15 14:23:00+01:00;48.47600173950195;48.47600173950195;48.47600173950195;48.47600173950195;48.47600173950195;5
2024-11-15 14:24:00+01:00;48.474998474121094;48.474998474121094;48.457000732421875;48.46200180053711;48.46200180053711;36
2024-11-15 14:26:00+01:00;48.47700119018555;48.47700119018555;48.47700119018555;48.47700119018555;48.47700119018555;265
2024-11-15 14:27:00+01:00;48.472999572753906;48.472999572753906;48.472999572753906;48.472999572753906;48.472999572753906;20
2024-11-15 14:32:00+01:00;48.54399871826172;48.54399871826172;48.54399871826172;48.54399871826172;48.54399871826172;11
2024-11-15 14:33:00+01:00;48.5629997253418;48.569000244140625;48.5629997253418;48.569000244140625;48.569000244140625;3
2024-11-15 14:35:00+01:00;48.53900146484375;48.53900146484375;48.53900146484375;48.53900146484375;48.53900146484375;2
2024-11-15 14:36:00+01:00;48.54999923706055;48.54999923706055;48.547000885009766;48.547000885009766;48.547000885009766;26
2024-11-15 14:37:00+01:00;48.54999923706055;48.54999923706055;48.529998779296875;48.529998779296875;48.529998779296875;34
2024-11-15 14:38:00+01:00;48.5;48.51599884033203;48.5;48.51599884033203;48.51599884033203;60
2024-11-15 14:39:00+01:00;48.51499938964844;48.51499938964844;48.51499938964844;48.51499938964844;48.51499938964844;6
2024-11-15 14:40:00+01:00;48.5260009765625;48.5260009765625;48.52000045776367;48.52000045776367;48.52000045776367;180
2024-11-15 14:42:00+01:00;48.52799987792969;48.52799987792969;48.52799987792969;48.52799987792969;48.52799987792969;14
2024-11-15 14:43:00+01:00;48.547000885009766;48.551998138427734;48.5369987487793;48.551998138427734;48.551998138427734;30
2024-11-15 14:44:00+01:00;48.55799865722656;48.558998107910156;48.53099822998047;48.53099822998047;48.53099822998047;1625
2024-11-15 14:45:00+01:00;48.53799819946289;48.53799819946289;48.53799819946289;48.53799819946289;48.53799819946289;20
2024-11-15 14:46:00+01:00;48.529998779296875;48.529998779296875;48.529998779296875;48.529998779296875;48.529998779296875;3
2024-11-15 14:47:00+01:00;48.55500030517578;48.55699920654297;48.55500030517578;48.55699920654297;48.55699920654297;28
2024-11-15 14:48:00+01:00;48.51599884033203;48.5369987487793;48.51599884033203;48.53099822998047;48.53099822998047;477
2024-11-15 14:49:00+01:00;48.53499984741211;48.53499984741211;48.500999450683594;48.51499938964844;48.51499938964844;774
2024-11-15 14:50:00+01:00;48.5;48.5;48.5;48.5;48.5;27
2024-11-15 14:51:00+01:00;48.5;48.5;48.5;48.5;48.5;45
2024-11-15 14:52:00+01:00;48.53900146484375;48.53900146484375;48.53799819946289;48.53799819946289;48.53799819946289;40
2024-11-15 14:53:00+01:00;48.54800033569336;48.55400085449219;48.54800033569336;48.55400085449219;48.55400085449219;107
2024-11-15 14:55:00+01:00;48.55400085449219;48.55400085449219;48.55400085449219;48.55400085449219;48.55400085449219;5
2024-11-15 14:58:00+01:00;48.5629997253418;48.5629997253418;48.55099868774414;48.55099868774414;48.55099868774414;97
2024-11-15 15:01:00+01:00;48.56399917602539;48.56399917602539;48.56399917602539;48.56399917602539;48.56399917602539;2
2024-11-15 15:03:00+01:00;48.558998107910156;48.558998107910156;48.558998107910156;48.558998107910156;48.558998107910156;2
2024-11-15 15:05:00+01:00;48.516998291015625;48.516998291015625;48.516998291015625;48.516998291015625;48.516998291015625;55
2024-11-15 15:06:00+01:00;48.53900146484375;48.53900146484375;48.53900146484375;48.53900146484375;48.53900146484375;4
2024-11-15 15:07:00+01:00;48.5260009765625;48.5260009765625;48.5260009765625;48.5260009765625;48.5260009765625;4
2024-11-15 15:08:00+01:00;48.566001892089844;48.566001892089844;48.5620002746582;48.5620002746582;48.5620002746582;105
2024-11-15 15:09:00+01:00;48.59299850463867;48.59299850463867;48.59299850463867;48.59299850463867;48.59299850463867;4
2024-11-15 15:10:00+01:00;48.58000183105469;48.58000183105469;48.58000183105469;48.58000183105469;48.58000183105469;5
2024-11-15 15:12:00+01:00;48.58000183105469;48.58000183105469;48.58000183105469;48.58000183105469;48.58000183105469;61
2024-11-15 15:13:00+01:00;48.58700180053711;48.58700180053711;48.58700180053711;48.58700180053711;48.58700180053711;11
2024-11-15 15:14:00+01:00;48.59700012207031;48.59700012207031;48.59700012207031;48.59700012207031;48.59700012207031;5
2024-11-15 15:15:00+01:00;48.58399963378906;48.58399963378906;48.58399963378906;48.58399963378906;48.58399963378906;8
2024-11-15 15:16:00+01:00;48.604000091552734;48.604000091552734;48.604000091552734;48.604000091552734;48.604000091552734;12
2024-11-15 15:17:00+01:00;48.5989990234375;48.62099838256836;48.5989990234375;48.62099838256836;48.62099838256836;46
2024-11-15 15:18:00+01:00;48.59600067138672;48.59600067138672;48.59600067138672;48.59600067138672;48.59600067138672;10
2024-11-15 15:20:00+01:00;48.595001220703125;48.59600067138672;48.595001220703125;48.59600067138672;48.59600067138672;23
2024-11-15 15:21:00+01:00;48.5880012512207;48.5880012512207;48.5880012512207;48.5880012512207;48.5880012512207;3
2024-11-15 15:22:00+01:00;48.59199905395508;48.59600067138672;48.59000015258789;48.59600067138672;48.59600067138672;68
2024-11-15 15:23:00+01:00;48.58300018310547;48.58300018310547;48.56800079345703;48.56800079345703;48.56800079345703;205
2024-11-15 15:24:00+01:00;48.54999923706055;48.54999923706055;48.54999923706055;48.54999923706055;48.54999923706055;8
2024-11-15 15:25:00+01:00;48.551998138427734;48.551998138427734;48.551998138427734;48.551998138427734;48.551998138427734;5
2024-11-15 15:26:00+01:00;48.569000244140625;48.569000244140625;48.569000244140625;48.569000244140625;48.569000244140625;20
2024-11-15 15:27:00+01:00;48.558998107910156;48.5629997253418;48.558998107910156;48.5629997253418;48.5629997253418;55
2024-11-15 15:30:00+01:00;48.58300018310547;48.58300018310547;48.58300018310547;48.58300018310547;48.58300018310547;7
2024-11-15 15:31:00+01:00;48.555999755859375;48.60900115966797;48.555999755859375;48.60900115966797;48.60900115966797;3
2024-11-15 15:32:00+01:00;48.597999572753906;48.62099838256836;48.597999572753906;48.62099838256836;48.62099838256836;5
2024-11-15 15:33:00+01:00;48.56800079345703;48.56800079345703;48.56800079345703;48.56800079345703;48.56800079345703;15
2024-11-15 15:34:00+01:00;48.555999755859375;48.555999755859375;48.555999755859375;48.555999755859375;48.555999755859375;62
2024-11-15 15:35:00+01:00;48.551998138427734;48.56999969482422;48.551998138427734;48.56999969482422;48.56999969482422;7
2024-11-15 15:36:00+01:00;48.56999969482422;48.577999114990234;48.56999969482422;48.577999114990234;48.577999114990234;185
2024-11-15 15:39:00+01:00;48.608001708984375;48.608001708984375;48.608001708984375;48.608001708984375;48.608001708984375;2
2024-11-15 15:40:00+01:00;48.608001708984375;48.624000549316406;48.608001708984375;48.624000549316406;48.624000549316406;15
2024-11-15 15:42:00+01:00;48.61899948120117;48.61899948120117;48.5880012512207;48.5880012512207;48.5880012512207;149
2024-11-15 15:43:00+01:00;48.56999969482422;48.56999969482422;48.56999969482422;48.56999969482422;48.56999969482422;25
2024-11-15 15:44:00+01:00;48.56800079345703;48.56800079345703;48.56700134277344;48.56700134277344;48.56700134277344;103
2024-11-15 15:45:00+01:00;48.584999084472656;48.584999084472656;48.584999084472656;48.584999084472656;48.584999084472656;7
2024-11-15 15:46:00+01:00;48.57400131225586;48.57400131225586;48.551998138427734;48.551998138427734;48.551998138427734;23
2024-11-15 15:47:00+01:00;48.54999923706055;48.55400085449219;48.54999923706055;48.55400085449219;48.55400085449219;81
2024-11-15 15:48:00+01:00;48.56999969482422;48.56999969482422;48.56999969482422;48.56999969482422;48.56999969482422;1
2024-11-15 15:49:00+01:00;48.60300064086914;48.63100051879883;48.60300064086914;48.63100051879883;48.63100051879883;27
2024-11-15 15:52:00+01:00;48.624000549316406;48.624000549316406;48.624000549316406;48.624000549316406;48.624000549316406;20
2024-11-15 15:53:00+01:00;48.630001068115234;48.630001068115234;48.630001068115234;48.630001068115234;48.630001068115234;10
2024-11-15 15:54:00+01:00;48.62799835205078;48.62799835205078;48.62799835205078;48.62799835205078;48.62799835205078;51
2024-11-15 15:55:00+01:00;48.604000091552734;48.60499954223633;48.599998474121094;48.599998474121094;48.599998474121094;14
2024-11-15 15:56:00+01:00;48.611000061035156;48.611000061035156;48.56999969482422;48.56999969482422;48.56999969482422;14
2024-11-15 15:57:00+01:00;48.56999969482422;48.595001220703125;48.56999969482422;48.595001220703125;48.595001220703125;117
2024-11-15 15:58:00+01:00;48.57099914550781;48.57099914550781;48.529998779296875;48.529998779296875;48.529998779296875;17
2024-11-15 15:59:00+01:00;48.52000045776367;48.52000045776367;48.50199890136719;48.50199890136719;48.50199890136719;2
2024-11-15 16:00:00+01:00;48.540000915527344;48.540000915527344;48.527000427246094;48.527000427246094;48.527000427246094;26
2024-11-15 16:01:00+01:00;48.53499984741211;48.53499984741211;48.5;48.5;48.5;1849
2024-11-15 16:03:00+01:00;48.4900016784668;48.4900016784668;48.48500061035156;48.48500061035156;48.48500061035156;163
2024-11-15 16:05:00+01:00;48.48699951171875;48.48699951171875;48.470001220703125;48.470001220703125;48.470001220703125;9
2024-11-15 16:06:00+01:00;48.45000076293945;48.45000076293945;48.444000244140625;48.44900131225586;48.44900131225586;723
2024-11-15 16:07:00+01:00;48.46099853515625;48.46099853515625;48.46099853515625;48.46099853515625;48.46099853515625;54
2024-11-15 16:08:00+01:00;48.439998626708984;48.439998626708984;48.380001068115234;48.380001068115234;48.380001068115234;606
2024-11-15 16:09:00+01:00;48.40700149536133;48.40700149536133;48.40700149536133;48.40700149536133;48.40700149536133;41
2024-11-15 16:12:00+01:00;48.417999267578125;48.417999267578125;48.417999267578125;48.417999267578125;48.417999267578125;10
2024-11-15 16:13:00+01:00;48.39799880981445;48.42399978637695;48.39799880981445;48.42399978637695;48.42399978637695;53
2024-11-15 16:17:00+01:00;48.4109992980957;48.43000030517578;48.4109992980957;48.422000885009766;48.422000885009766;13
2024-11-15 16:21:00+01:00;48.42499923706055;48.42499923706055;48.42499923706055;48.42499923706055;48.42499923706055;61
2024-11-15 16:22:00+01:00;48.400001525878906;48.400001525878906;48.380001068115234;48.380001068115234;48.380001068115234;12
2024-11-15 16:24:00+01:00;48.380001068115234;48.380001068115234;48.349998474121094;48.380001068115234;48.380001068115234;105
2024-11-15 16:25:00+01:00;48.3849983215332;48.395999908447266;48.3849983215332;48.395999908447266;48.395999908447266;545
2024-11-15 16:26:00+01:00;48.38999938964844;48.40800094604492;48.38999938964844;48.40800094604492;48.40800094604492;34
2024-11-15 16:29:00+01:00;48.38600158691406;48.38600158691406;48.38600158691406;48.38600158691406;48.38600158691406;2
2024-11-15 16:30:00+01:00;48.36600112915039;48.36600112915039;48.33000183105469;48.33000183105469;48.33000183105469;39
2024-11-15 16:31:00+01:00;48.36600112915039;48.36600112915039;48.35900115966797;48.35900115966797;48.35900115966797;66
2024-11-15 16:32:00+01:00;48.35599899291992;48.35599899291992;48.35599899291992;48.35599899291992;48.35599899291992;20
2024-11-15 16:33:00+01:00;48.36800003051758;48.36800003051758;48.36800003051758;48.36800003051758;48.36800003051758;3
2024-11-15 16:34:00+01:00;48.38399887084961;48.39699935913086;48.38399887084961;48.38800048828125;48.38800048828125;508
2024-11-15 16:36:00+01:00;48.35900115966797;48.369998931884766;48.35900115966797;48.369998931884766;48.369998931884766;104
2024-11-15 16:37:00+01:00;48.35100173950195;48.37900161743164;48.35100173950195;48.37900161743164;48.37900161743164;548
2024-11-15 16:38:00+01:00;48.37200164794922;48.38100051879883;48.37200164794922;48.38100051879883;48.38100051879883;31
2024-11-15 16:39:00+01:00;48.354000091552734;48.387001037597656;48.354000091552734;48.387001037597656;48.387001037597656;211
2024-11-15 16:40:00+01:00;48.38999938964844;48.39500045776367;48.35100173950195;48.35100173950195;48.35100173950195;119
2024-11-15 16:41:00+01:00;48.36600112915039;48.375999450683594;48.36399841308594;48.36399841308594;48.36399841308594;9556
2024-11-15 16:42:00+01:00;48.349998474121094;48.37099838256836;48.349998474121094;48.36800003051758;48.36800003051758;40
2024-11-15 16:43:00+01:00;48.38199996948242;48.40700149536133;48.362998962402344;48.362998962402344;48.362998962402344;17
2024-11-15 16:45:00+01:00;48.40800094604492;48.40800094604492;48.40800094604492;48.40800094604492;48.40800094604492;10
2024-11-15 16:46:00+01:00;48.39099884033203;48.39099884033203;48.39099884033203;48.39099884033203;48.39099884033203;5
2024-11-15 16:48:00+01:00;48.37900161743164;48.37900161743164;48.37900161743164;48.37900161743164;48.37900161743164;150
2024-11-15 16:50:00+01:00;48.375;48.382999420166016;48.375;48.382999420166016;48.382999420166016;3640
2024-11-15 16:51:00+01:00;48.40800094604492;48.422000885009766;48.40800094604492;48.422000885009766;48.422000885009766;30
2024-11-15 16:52:00+01:00;48.400001525878906;48.400001525878906;48.388999938964844;48.388999938964844;48.388999938964844;212
2024-11-15 16:53:00+01:00;48.391998291015625;48.391998291015625;48.3650016784668;48.375;48.375;45
2024-11-15 16:54:00+01:00;48.347999572753906;48.347999572753906;48.33100128173828;48.33100128173828;48.33100128173828;11
2024-11-15 16:55:00+01:00;48.33300018310547;48.33300018310547;48.33300018310547;48.33300018310547;48.33300018310547;42
2024-11-15 16:56:00+01:00;48.33100128173828;48.33100128173828;48.33000183105469;48.33000183105469;48.33000183105469;137
2024-11-15 16:57:00+01:00;48.33000183105469;48.33000183105469;48.33000183105469;48.33000183105469;48.33000183105469;194
2024-11-15 16:58:00+01:00;48.31999969482422;48.33000183105469;48.31999969482422;48.33000183105469;48.33000183105469;74
2024-11-15 16:59:00+01:00;48.35499954223633;48.35499954223633;48.35499954223633;48.35499954223633;48.35499954223633;10
2024-11-15 17:01:00+01:00;48.34199905395508;48.34199905395508;48.34199905395508;48.34199905395508;48.34199905395508;4
2024-11-15 17:02:00+01:00;48.32500076293945;48.36000061035156;48.32500076293945;48.36000061035156;48.36000061035156;70
2024-11-15 17:03:00+01:00;48.327999114990234;48.33399963378906;48.29999923706055;48.29999923706055;48.29999923706055;70
2024-11-15 17:04:00+01:00;48.31100082397461;48.31100082397461;48.26900100708008;48.26900100708008;48.26900100708008;683
2024-11-15 17:05:00+01:00;48.26900100708008;48.305999755859375;48.26900100708008;48.305999755859375;48.305999755859375;1158
2024-11-15 17:06:00+01:00;48.30400085449219;48.316001892089844;48.30400085449219;48.316001892089844;48.316001892089844;33
2024-11-15 17:07:00+01:00;48.31399917602539;48.323001861572266;48.31399917602539;48.323001861572266;48.323001861572266;726
2024-11-15 17:08:00+01:00;48.316001892089844;48.316001892089844;48.28900146484375;48.28900146484375;48.28900146484375;1005
2024-11-15 17:09:00+01:00;48.303001403808594;48.303001403808594;48.29999923706055;48.29999923706055;48.29999923706055;269
2024-11-15 17:10:00+01:00;48.32899856567383;48.32899856567383;48.32400131225586;48.32400131225586;48.32400131225586;24
2024-11-15 17:11:00+01:00;48.380001068115234;48.38600158691406;48.36600112915039;48.36600112915039;48.36600112915039;28
2024-11-15 17:12:00+01:00;48.356998443603516;48.358001708984375;48.31800079345703;48.31800079345703;48.31800079345703;332
2024-11-15 17:13:00+01:00;48.33599853515625;48.33599853515625;48.319000244140625;48.32400131225586;48.32400131225586;80
2024-11-15 17:14:00+01:00;48.33100128173828;48.33100128173828;48.31999969482422;48.31999969482422;48.31999969482422;95
2024-11-15 17:15:00+01:00;48.327999114990234;48.327999114990234;48.327999114990234;48.327999114990234;48.327999114990234;199
2024-11-15 17:16:00+01:00;48.35900115966797;48.35900115966797;48.35900115966797;48.35900115966797;48.35900115966797;8
2024-11-15 17:17:00+01:00;48.37300109863281;48.37799835205078;48.3650016784668;48.37799835205078;48.37799835205078;16
2024-11-15 17:18:00+01:00;48.36899948120117;48.388999938964844;48.36899948120117;48.388999938964844;48.388999938964844;52
2024-11-15 17:20:00+01:00;48.33100128173828;48.33100128173828;48.31999969482422;48.31999969482422;48.31999969482422;81
2024-11-15 17:21:00+01:00;48.31999969482422;48.327999114990234;48.31999969482422;48.327999114990234;48.327999114990234;69
2024-11-15 17:22:00+01:00;48.31100082397461;48.31399917602539;48.31100082397461;48.31399917602539;48.31399917602539;18
2024-11-15 17:23:00+01:00;48.32099914550781;48.32099914550781;48.3120002746582;48.3120002746582;48.3120002746582;11
2024-11-15 17:24:00+01:00;48.305999755859375;48.32400131225586;48.305999755859375;48.32400131225586;48.32400131225586;20
2024-11-15 17:26:00+01:00;48.33000183105469;48.33000183105469;48.33000183105469;48.33000183105469;48.33000183105469;7
2024-11-15 17:28:00+01:00;48.35900115966797;48.35900115966797;48.33100128173828;48.34700012207031;48.34700012207031;475
2024-11-15 17:29:00+01:00;48.35100173950195;48.35100173950195;48.33700180053711;48.33700180053711;48.33700180053711;153
