Datetime;Open;High;Low;Close;Adj Close;Volume
2024-11-14 09:04:00+01:00;49.159000396728516;49.1619987487793;49.159000396728516;49.1619987487793;49.1619987487793;0
2024-11-14 09:05:00+01:00;49.150001525878906;49.178001403808594;49.150001525878906;49.178001403808594;49.178001403808594;401
2024-11-14 09:08:00+01:00;49.18000030517578;49.18000030517578;49.172000885009766;49.172000885009766;49.172000885009766;39
2024-11-14 09:09:00+01:00;49.16699981689453;49.16699981689453;49.16699981689453;49.16699981689453;49.16699981689453;51
2024-11-14 09:10:00+01:00;49.172000885009766;49.172000885009766;49.167999267578125;49.16999816894531;49.16999816894531;32
2024-11-14 09:11:00+01:00;49.159000396728516;49.159000396728516;49.159000396728516;49.159000396728516;49.159000396728516;480
2024-11-14 09:12:00+01:00;49.17300033569336;49.21799850463867;49.17300033569336;49.21799850463867;49.21799850463867;2186
2024-11-14 09:13:00+01:00;49.198001861572266;49.198001861572266;49.198001861572266;49.198001861572266;49.198001861572266;42
2024-11-14 09:14:00+01:00;49.19900131225586;49.20399856567383;49.19900131225586;49.20399856567383;49.20399856567383;60
2024-11-14 09:15:00+01:00;49.20800018310547;49.20800018310547;49.20800018310547;49.20800018310547;49.20800018310547;7
2024-11-14 09:16:00+01:00;49.20899963378906;49.20899963378906;49.20899963378906;49.20899963378906;49.20899963378906;11
2024-11-14 09:17:00+01:00;49.202999114990234;49.202999114990234;49.20100021362305;49.202999114990234;49.202999114990234;208
2024-11-14 09:18:00+01:00;49.20399856567383;49.20399856567383;49.20399856567383;49.20399856567383;49.20399856567383;5
2024-11-14 09:19:00+01:00;49.20500183105469;49.2140007019043;49.20500183105469;49.2140007019043;49.2140007019043;230
2024-11-14 09:21:00+01:00;49.21099853515625;49.21099853515625;49.20600128173828;49.20600128173828;49.20600128173828;215
2024-11-14 09:23:00+01:00;49.21500015258789;49.21500015258789;49.21500015258789;49.21500015258789;49.21500015258789;6
2024-11-14 09:24:00+01:00;49.22100067138672;49.22100067138672;49.22100067138672;49.22100067138672;49.22100067138672;30
2024-11-14 09:25:00+01:00;49.231998443603516;49.23500061035156;49.231998443603516;49.23500061035156;49.23500061035156;7
2024-11-14 09:27:00+01:00;49.23500061035156;49.23500061035156;49.231998443603516;49.231998443603516;49.231998443603516;40
2024-11-14 09:28:00+01:00;49.22999954223633;49.23500061035156;49.22999954223633;49.23500061035156;49.23500061035156;532
2024-11-14 09:29:00+01:00;49.22600173950195;49.22600173950195;49.22600173950195;49.22600173950195;49.22600173950195;3
2024-11-14 09:30:00+01:00;49.23500061035156;49.23500061035156;49.23500061035156;49.23500061035156;49.23500061035156;16
2024-11-14 09:31:00+01:00;49.23400115966797;49.23400115966797;49.22999954223633;49.22999954223633;49.22999954223633;218
2024-11-14 09:32:00+01:00;49.236000061035156;49.236000061035156;49.236000061035156;49.236000061035156;49.236000061035156;40
2024-11-14 09:33:00+01:00;49.24599838256836;49.25899887084961;49.24599838256836;49.25899887084961;49.25899887084961;34
2024-11-14 09:34:00+01:00;49.2599983215332;49.2599983215332;49.23500061035156;49.23899841308594;49.23899841308594;92
2024-11-14 09:35:00+01:00;49.262001037597656;49.262001037597656;49.262001037597656;49.262001037597656;49.262001037597656;10
2024-11-14 09:36:00+01:00;49.26599884033203;49.26599884033203;49.26599884033203;49.26599884033203;49.26599884033203;5
2024-11-14 09:37:00+01:00;49.27399826049805;49.27399826049805;49.26499938964844;49.268001556396484;49.268001556396484;211
2024-11-14 09:38:00+01:00;49.27199935913086;49.27199935913086;49.2599983215332;49.2599983215332;49.2599983215332;939
2024-11-14 09:39:00+01:00;49.250999450683594;49.26300048828125;49.250999450683594;49.2599983215332;49.2599983215332;172
2024-11-14 09:40:00+01:00;49.2599983215332;49.2599983215332;49.2599983215332;49.2599983215332;49.2599983215332;3
2024-11-14 09:41:00+01:00;49.25400161743164;49.25400161743164;49.22800064086914;49.22800064086914;49.22800064086914;45
2024-11-14 09:42:00+01:00;49.24100112915039;49.24100112915039;49.233001708984375;49.233001708984375;49.233001708984375;46
2024-11-14 09:43:00+01:00;49.22600173950195;49.233001708984375;49.22600173950195;49.233001708984375;49.233001708984375;25
2024-11-14 09:44:00+01:00;49.23699951171875;49.23699951171875;49.23699951171875;49.23699951171875;49.23699951171875;1
2024-11-14 09:45:00+01:00;49.25400161743164;49.25400161743164;49.25199890136719;49.25199890136719;49.25199890136719;1618
2024-11-14 09:46:00+01:00;49.25;49.25400161743164;49.249000549316406;49.25;49.25;121
2024-11-14 09:47:00+01:00;49.236000061035156;49.25400161743164;49.236000061035156;49.250999450683594;49.250999450683594;98
2024-11-14 09:48:00+01:00;49.25400161743164;49.255001068115234;49.25;49.255001068115234;49.255001068115234;693
2024-11-14 09:49:00+01:00;49.255001068115234;49.255001068115234;49.255001068115234;49.255001068115234;49.255001068115234;40
2024-11-14 09:50:00+01:00;49.25299835205078;49.25299835205078;49.25299835205078;49.25299835205078;49.25299835205078;5
2024-11-14 09:51:00+01:00;49.26599884033203;49.26599884033203;49.26599884033203;49.26599884033203;49.26599884033203;8
2024-11-14 09:52:00+01:00;49.279998779296875;49.279998779296875;49.275001525878906;49.275001525878906;49.275001525878906;4
2024-11-14 09:53:00+01:00;49.2760009765625;49.277000427246094;49.2760009765625;49.277000427246094;49.277000427246094;63
2024-11-14 09:54:00+01:00;49.277000427246094;49.277000427246094;49.270999908447266;49.277000427246094;49.277000427246094;223
2024-11-14 09:55:00+01:00;49.27799987792969;49.27799987792969;49.27799987792969;49.27799987792969;49.27799987792969;20
2024-11-14 09:56:00+01:00;49.279998779296875;49.279998779296875;49.2760009765625;49.2760009765625;49.2760009765625;6
2024-11-14 09:57:00+01:00;49.27299880981445;49.27299880981445;49.27000045776367;49.27000045776367;49.27000045776367;223
2024-11-14 09:58:00+01:00;49.27000045776367;49.27299880981445;49.27000045776367;49.27299880981445;49.27299880981445;91
2024-11-14 09:59:00+01:00;49.27899932861328;49.28099822998047;49.27899932861328;49.28099822998047;49.28099822998047;62
2024-11-14 10:00:00+01:00;49.297000885009766;49.297000885009766;49.297000885009766;49.297000885009766;49.297000885009766;11
2024-11-14 10:02:00+01:00;49.29800033569336;49.29800033569336;49.277000427246094;49.277000427246094;49.277000427246094;110
2024-11-14 10:04:00+01:00;49.29899978637695;49.29899978637695;49.29899978637695;49.29899978637695;49.29899978637695;3
2024-11-14 10:05:00+01:00;49.29999923706055;49.29999923706055;49.29999923706055;49.29999923706055;49.29999923706055;5
2024-11-14 10:06:00+01:00;49.29100036621094;49.29100036621094;49.290000915527344;49.290000915527344;49.290000915527344;43
2024-11-14 10:08:00+01:00;49.29999923706055;49.29999923706055;49.29999923706055;49.29999923706055;49.29999923706055;30
2024-11-14 10:09:00+01:00;49.310001373291016;49.310001373291016;49.310001373291016;49.310001373291016;49.310001373291016;9
2024-11-14 10:10:00+01:00;49.310001373291016;49.310001373291016;49.29999923706055;49.308998107910156;49.308998107910156;139
2024-11-14 10:11:00+01:00;49.3129997253418;49.3129997253418;49.3129997253418;49.3129997253418;49.3129997253418;9
2024-11-14 10:12:00+01:00;49.3120002746582;49.31800079345703;49.3120002746582;49.31800079345703;49.31800079345703;9
2024-11-14 10:13:00+01:00;49.31800079345703;49.31800079345703;49.316001892089844;49.316001892089844;49.316001892089844;39
2024-11-14 10:14:00+01:00;49.301998138427734;49.316001892089844;49.301998138427734;49.3129997253418;49.3129997253418;89
2024-11-14 10:15:00+01:00;49.321998596191406;49.33000183105469;49.30699920654297;49.30699920654297;49.30699920654297;42
2024-11-14 10:16:00+01:00;49.3120002746582;49.32400131225586;49.3120002746582;49.32400131225586;49.32400131225586;153
2024-11-14 10:17:00+01:00;49.33000183105469;49.33000183105469;49.323001861572266;49.323001861572266;49.323001861572266;132
2024-11-14 10:18:00+01:00;49.32899856567383;49.32899856567383;49.327999114990234;49.327999114990234;49.327999114990234;32
2024-11-14 10:19:00+01:00;49.32899856567383;49.33300018310547;49.32899856567383;49.33300018310547;49.33300018310547;108
2024-11-14 10:20:00+01:00;49.32500076293945;49.32500076293945;49.323001861572266;49.323001861572266;49.323001861572266;11
2024-11-14 10:21:00+01:00;49.323001861572266;49.33100128173828;49.31999969482422;49.31999969482422;49.31999969482422;218
2024-11-14 10:22:00+01:00;49.332000732421875;49.332000732421875;49.332000732421875;49.332000732421875;49.332000732421875;3
2024-11-14 10:23:00+01:00;49.334999084472656;49.334999084472656;49.334999084472656;49.334999084472656;49.334999084472656;9
2024-11-14 10:24:00+01:00;49.3390007019043;49.34000015258789;49.3390007019043;49.34000015258789;49.34000015258789;43
2024-11-14 10:25:00+01:00;49.34000015258789;49.34000015258789;49.34000015258789;49.34000015258789;49.34000015258789;10
2024-11-14 10:26:00+01:00;49.33700180053711;49.33700180053711;49.33700180053711;49.33700180053711;49.33700180053711;11
2024-11-14 10:27:00+01:00;49.34000015258789;49.34000015258789;49.3380012512207;49.3380012512207;49.3380012512207;67
2024-11-14 10:28:00+01:00;49.34600067138672;49.34700012207031;49.34000015258789;49.34700012207031;49.34700012207031;525
2024-11-14 10:29:00+01:00;49.345001220703125;49.345001220703125;49.345001220703125;49.345001220703125;49.345001220703125;31
2024-11-14 10:30:00+01:00;49.35100173950195;49.3650016784668;49.35100173950195;49.356998443603516;49.356998443603516;99
2024-11-14 10:32:00+01:00;49.349998474121094;49.361000061035156;49.349998474121094;49.361000061035156;49.361000061035156;197
2024-11-14 10:34:00+01:00;49.37200164794922;49.37200164794922;49.37200164794922;49.37200164794922;49.37200164794922;50
2024-11-14 10:35:00+01:00;49.37900161743164;49.37900161743164;49.37900161743164;49.37900161743164;49.37900161743164;2
2024-11-14 10:36:00+01:00;49.38199996948242;49.38199996948242;49.37799835205078;49.37799835205078;49.37799835205078;156
2024-11-14 10:37:00+01:00;49.38800048828125;49.39099884033203;49.38800048828125;49.39099884033203;49.39099884033203;13
2024-11-14 10:38:00+01:00;49.37099838256836;49.3849983215332;49.369998931884766;49.3849983215332;49.3849983215332;160
2024-11-14 10:39:00+01:00;49.38100051879883;49.38100051879883;49.375999450683594;49.375999450683594;49.375999450683594;100
2024-11-14 10:40:00+01:00;49.374000549316406;49.374000549316406;49.361000061035156;49.361000061035156;49.361000061035156;344
2024-11-14 10:41:00+01:00;49.361000061035156;49.361000061035156;49.349998474121094;49.36000061035156;49.36000061035156;123
2024-11-14 10:42:00+01:00;49.354000091552734;49.354000091552734;49.349998474121094;49.349998474121094;49.349998474121094;15
2024-11-14 10:43:00+01:00;49.35499954223633;49.37099838256836;49.35499954223633;49.37099838256836;49.37099838256836;11
2024-11-14 10:44:00+01:00;49.358001708984375;49.36000061035156;49.358001708984375;49.36000061035156;49.36000061035156;114
2024-11-14 10:45:00+01:00;49.362998962402344;49.38100051879883;49.36000061035156;49.38100051879883;49.38100051879883;238
2024-11-14 10:46:00+01:00;49.37200164794922;49.37200164794922;49.36899948120117;49.36899948120117;49.36899948120117;25
2024-11-14 10:47:00+01:00;49.36600112915039;49.36600112915039;49.36600112915039;49.36600112915039;49.36600112915039;78
2024-11-14 10:48:00+01:00;49.3650016784668;49.3650016784668;49.35300064086914;49.35300064086914;49.35300064086914;80
2024-11-14 10:49:00+01:00;49.35100173950195;49.35300064086914;49.3489990234375;49.3489990234375;49.3489990234375;70
2024-11-14 10:50:00+01:00;49.356998443603516;49.356998443603516;49.354000091552734;49.354000091552734;49.354000091552734;8
2024-11-14 10:51:00+01:00;49.35499954223633;49.362998962402344;49.34299850463867;49.362998962402344;49.362998962402344;1771
2024-11-14 10:52:00+01:00;49.35200119018555;49.35200119018555;49.35200119018555;49.35200119018555;49.35200119018555;5
2024-11-14 10:53:00+01:00;49.356998443603516;49.358001708984375;49.356998443603516;49.358001708984375;49.358001708984375;69
2024-11-14 10:54:00+01:00;49.34700012207031;49.349998474121094;49.34700012207031;49.349998474121094;49.349998474121094;24
2024-11-14 10:55:00+01:00;49.34000015258789;49.34000015258789;49.3380012512207;49.3380012512207;49.3380012512207;202
2024-11-14 10:56:00+01:00;49.34000015258789;49.34000015258789;49.32899856567383;49.32899856567383;49.32899856567383;103
2024-11-14 10:57:00+01:00;49.34400177001953;49.34400177001953;49.34400177001953;49.34400177001953;49.34400177001953;6
2024-11-14 10:58:00+01:00;49.34400177001953;49.356998443603516;49.33100128173828;49.356998443603516;49.356998443603516;309
2024-11-14 10:59:00+01:00;49.356998443603516;49.356998443603516;49.3489990234375;49.3489990234375;49.3489990234375;149
2024-11-14 11:01:00+01:00;49.349998474121094;49.374000549316406;49.349998474121094;49.374000549316406;49.374000549316406;28
2024-11-14 11:02:00+01:00;49.369998931884766;49.369998931884766;49.369998931884766;49.369998931884766;49.369998931884766;3
2024-11-14 11:03:00+01:00;49.3650016784668;49.3650016784668;49.3650016784668;49.3650016784668;49.3650016784668;4
2024-11-14 11:04:00+01:00;49.38800048828125;49.38800048828125;49.3849983215332;49.3849983215332;49.3849983215332;23
2024-11-14 11:05:00+01:00;49.380001068115234;49.380001068115234;49.37200164794922;49.37200164794922;49.37200164794922;60
2024-11-14 11:06:00+01:00;49.369998931884766;49.37099838256836;49.36800003051758;49.37099838256836;49.37099838256836;26
2024-11-14 11:07:00+01:00;49.37699890136719;49.37699890136719;49.369998931884766;49.369998931884766;49.369998931884766;52
2024-11-14 11:08:00+01:00;49.38800048828125;49.38800048828125;49.38100051879883;49.38100051879883;49.38100051879883;10
2024-11-14 11:09:00+01:00;49.39699935913086;49.39799880981445;49.3849983215332;49.3849983215332;49.3849983215332;5634
2024-11-14 11:10:00+01:00;49.393001556396484;49.393001556396484;49.393001556396484;49.393001556396484;49.393001556396484;3
2024-11-14 11:11:00+01:00;49.38999938964844;49.38999938964844;49.38999938964844;49.38999938964844;49.38999938964844;26
2024-11-14 11:12:00+01:00;49.38999938964844;49.38999938964844;49.37900161743164;49.37900161743164;49.37900161743164;6
2024-11-14 11:13:00+01:00;49.388999938964844;49.388999938964844;49.36899948120117;49.36899948120117;49.36899948120117;1475
2024-11-14 11:14:00+01:00;49.3849983215332;49.3849983215332;49.36899948120117;49.382999420166016;49.382999420166016;370
2024-11-14 11:15:00+01:00;49.39400100708008;49.4010009765625;49.39400100708008;49.4010009765625;49.4010009765625;6
2024-11-14 11:16:00+01:00;49.3849983215332;49.3849983215332;49.38399887084961;49.38399887084961;49.38399887084961;648
2024-11-14 11:18:00+01:00;49.39400100708008;49.39400100708008;49.393001556396484;49.393001556396484;49.393001556396484;14
2024-11-14 11:19:00+01:00;49.39400100708008;49.40999984741211;49.39400100708008;49.40999984741211;49.40999984741211;34
2024-11-14 11:20:00+01:00;49.415000915527344;49.415000915527344;49.41299819946289;49.41299819946289;49.41299819946289;101
2024-11-14 11:21:00+01:00;49.40599822998047;49.40999984741211;49.40599822998047;49.40999984741211;49.40999984741211;194
2024-11-14 11:22:00+01:00;49.4119987487793;49.4119987487793;49.40299987792969;49.40399932861328;49.40399932861328;133
2024-11-14 11:23:00+01:00;49.409000396728516;49.41999816894531;49.404998779296875;49.404998779296875;49.404998779296875;87
2024-11-14 11:24:00+01:00;49.40399932861328;49.404998779296875;49.39699935913086;49.39699935913086;49.39699935913086;85
2024-11-14 11:25:00+01:00;49.40299987792969;49.40299987792969;49.4010009765625;49.4010009765625;49.4010009765625;55
2024-11-14 11:26:00+01:00;49.4119987487793;49.4119987487793;49.4119987487793;49.4119987487793;49.4119987487793;5
2024-11-14 11:27:00+01:00;49.41299819946289;49.41400146484375;49.40999984741211;49.40999984741211;49.40999984741211;22
2024-11-14 11:28:00+01:00;49.42499923706055;49.42499923706055;49.40999984741211;49.40999984741211;49.40999984741211;173
2024-11-14 11:29:00+01:00;49.41699981689453;49.41699981689453;49.41699981689453;49.41699981689453;49.41699981689453;41
2024-11-14 11:30:00+01:00;49.422000885009766;49.422000885009766;49.422000885009766;49.422000885009766;49.422000885009766;21
2024-11-14 11:31:00+01:00;49.43899917602539;49.43899917602539;49.4370002746582;49.4370002746582;49.4370002746582;88
2024-11-14 11:32:00+01:00;49.4370002746582;49.43899917602539;49.4370002746582;49.4370002746582;49.4370002746582;118
2024-11-14 11:33:00+01:00;49.43600082397461;49.45500183105469;49.43600082397461;49.45500183105469;49.45500183105469;10
2024-11-14 11:34:00+01:00;49.435001373291016;49.45000076293945;49.435001373291016;49.45000076293945;49.45000076293945;63
2024-11-14 11:35:00+01:00;49.45000076293945;49.45000076293945;49.45000076293945;49.45000076293945;49.45000076293945;29
2024-11-14 11:36:00+01:00;49.452999114990234;49.452999114990234;49.4379997253418;49.439998626708984;49.439998626708984;831
2024-11-14 11:37:00+01:00;49.44200134277344;49.44200134277344;49.44200134277344;49.44200134277344;49.44200134277344;3
2024-11-14 11:40:00+01:00;49.45600128173828;49.45600128173828;49.43000030517578;49.43000030517578;49.43000030517578;49
2024-11-14 11:41:00+01:00;49.41999816894531;49.4379997253418;49.41400146484375;49.41400146484375;49.41400146484375;87
2024-11-14 11:42:00+01:00;49.400001525878906;49.4109992980957;49.400001525878906;49.4109992980957;49.4109992980957;43
2024-11-14 11:43:00+01:00;49.40399932861328;49.40399932861328;49.38999938964844;49.38999938964844;49.38999938964844;139
2024-11-14 11:44:00+01:00;49.39099884033203;49.391998291015625;49.38999938964844;49.391998291015625;49.391998291015625;272
2024-11-14 11:45:00+01:00;49.38399887084961;49.38399887084961;49.38399887084961;49.38399887084961;49.38399887084961;100
2024-11-14 11:46:00+01:00;49.38800048828125;49.38800048828125;49.38600158691406;49.38600158691406;49.38600158691406;67
2024-11-14 11:47:00+01:00;49.3849983215332;49.387001037597656;49.3849983215332;49.387001037597656;49.387001037597656;324
2024-11-14 11:48:00+01:00;49.38600158691406;49.38600158691406;49.38199996948242;49.38399887084961;49.38399887084961;563
2024-11-14 11:49:00+01:00;49.382999420166016;49.3849983215332;49.36899948120117;49.380001068115234;49.380001068115234;268
2024-11-14 11:50:00+01:00;49.38800048828125;49.388999938964844;49.38199996948242;49.38199996948242;49.38199996948242;760
2024-11-14 11:51:00+01:00;49.36899948120117;49.388999938964844;49.36899948120117;49.388999938964844;49.388999938964844;510
2024-11-14 11:52:00+01:00;49.38800048828125;49.38800048828125;49.38800048828125;49.38800048828125;49.38800048828125;215
2024-11-14 11:53:00+01:00;49.387001037597656;49.387001037597656;49.387001037597656;49.387001037597656;49.387001037597656;10
2024-11-14 11:54:00+01:00;49.36899948120117;49.3849983215332;49.36899948120117;49.380001068115234;49.380001068115234;36
2024-11-14 11:55:00+01:00;49.36600112915039;49.37699890136719;49.3650016784668;49.37699890136719;49.37699890136719;415
2024-11-14 11:56:00+01:00;49.37900161743164;49.37900161743164;49.37900161743164;49.37900161743164;49.37900161743164;10
2024-11-14 11:57:00+01:00;49.380001068115234;49.380001068115234;49.380001068115234;49.380001068115234;49.380001068115234;4
2024-11-14 11:58:00+01:00;49.37900161743164;49.37900161743164;49.37900161743164;49.37900161743164;49.37900161743164;2
2024-11-14 11:59:00+01:00;49.380001068115234;49.39400100708008;49.380001068115234;49.39400100708008;49.39400100708008;48
2024-11-14 12:01:00+01:00;49.41299819946289;49.41999816894531;49.4109992980957;49.41999816894531;49.41999816894531;109
2024-11-14 12:03:00+01:00;49.448001861572266;49.448001861572266;49.448001861572266;49.448001861572266;49.448001861572266;1
2024-11-14 12:04:00+01:00;49.435001373291016;49.435001373291016;49.435001373291016;49.435001373291016;49.435001373291016;8
2024-11-14 12:06:00+01:00;49.41999816894531;49.41999816894531;49.41999816894531;49.41999816894531;49.41999816894531;6
2024-11-14 12:07:00+01:00;49.400001525878906;49.40999984741211;49.400001525878906;49.40999984741211;49.40999984741211;154
2024-11-14 12:08:00+01:00;49.409000396728516;49.42499923706055;49.409000396728516;49.42499923706055;49.42499923706055;309
2024-11-14 12:09:00+01:00;49.435001373291016;49.435001373291016;49.42499923706055;49.42499923706055;49.42499923706055;6
2024-11-14 12:12:00+01:00;49.41999816894531;49.41999816894531;49.409000396728516;49.41400146484375;49.41400146484375;29
2024-11-14 12:15:00+01:00;49.428001403808594;49.44499969482422;49.428001403808594;49.43600082397461;49.43600082397461;335
2024-11-14 12:16:00+01:00;49.428001403808594;49.428001403808594;49.428001403808594;49.428001403808594;49.428001403808594;4
2024-11-14 12:18:00+01:00;49.41400146484375;49.435001373291016;49.41400146484375;49.435001373291016;49.435001373291016;1507
2024-11-14 12:19:00+01:00;49.44200134277344;49.44200134277344;49.44200134277344;49.44200134277344;49.44200134277344;54
2024-11-14 12:21:00+01:00;49.439998626708984;49.439998626708984;49.439998626708984;49.439998626708984;49.439998626708984;17
2024-11-14 12:22:00+01:00;49.41400146484375;49.41400146484375;49.41400146484375;49.41400146484375;49.41400146484375;460
2024-11-14 12:23:00+01:00;49.41400146484375;49.41400146484375;49.41400146484375;49.41400146484375;49.41400146484375;1
2024-11-14 12:24:00+01:00;49.42599868774414;49.42599868774414;49.42599868774414;49.42599868774414;49.42599868774414;4
2024-11-14 12:25:00+01:00;49.42499923706055;49.42599868774414;49.42499923706055;49.42599868774414;49.42599868774414;31
2024-11-14 12:26:00+01:00;49.43000030517578;49.43000030517578;49.43000030517578;49.43000030517578;49.43000030517578;10
2024-11-14 12:27:00+01:00;49.435001373291016;49.435001373291016;49.41999816894531;49.41999816894531;49.41999816894531;167
2024-11-14 12:35:00+01:00;49.417999267578125;49.417999267578125;49.40999984741211;49.41400146484375;49.41400146484375;3608
2024-11-14 12:36:00+01:00;49.41400146484375;49.41400146484375;49.395999908447266;49.395999908447266;49.395999908447266;51
2024-11-14 12:37:00+01:00;49.40999984741211;49.40999984741211;49.404998779296875;49.404998779296875;49.404998779296875;63
2024-11-14 12:38:00+01:00;49.4010009765625;49.4010009765625;49.38800048828125;49.39500045776367;49.39500045776367;15
2024-11-14 12:39:00+01:00;49.391998291015625;49.393001556396484;49.391998291015625;49.393001556396484;49.393001556396484;35
2024-11-14 12:40:00+01:00;49.39500045776367;49.39500045776367;49.393001556396484;49.393001556396484;49.393001556396484;6
2024-11-14 12:41:00+01:00;49.39099884033203;49.39500045776367;49.39099884033203;49.39500045776367;49.39500045776367;20
2024-11-14 12:42:00+01:00;49.39400100708008;49.39400100708008;49.380001068115234;49.380001068115234;49.380001068115234;2297
2024-11-14 12:43:00+01:00;49.391998291015625;49.391998291015625;49.391998291015625;49.391998291015625;49.391998291015625;1
2024-11-14 12:44:00+01:00;49.38399887084961;49.38600158691406;49.38399887084961;49.38600158691406;49.38600158691406;10
2024-11-14 12:45:00+01:00;49.38600158691406;49.38600158691406;49.37900161743164;49.37900161743164;49.37900161743164;23
2024-11-14 12:46:00+01:00;49.36000061035156;49.36800003051758;49.36000061035156;49.36800003051758;49.36800003051758;31
2024-11-14 12:47:00+01:00;49.36899948120117;49.369998931884766;49.36800003051758;49.369998931884766;49.369998931884766;15
2024-11-14 12:49:00+01:00;49.38399887084961;49.38399887084961;49.349998474121094;49.356998443603516;49.356998443603516;1519
2024-11-14 12:50:00+01:00;49.36000061035156;49.36399841308594;49.36000061035156;49.36399841308594;49.36399841308594;14
2024-11-14 12:51:00+01:00;49.36399841308594;49.36399841308594;49.35499954223633;49.35499954223633;49.35499954223633;5
2024-11-14 12:52:00+01:00;49.33000183105469;49.33000183105469;49.33000183105469;49.33000183105469;49.33000183105469;400
2024-11-14 12:53:00+01:00;49.33700180053711;49.33700180053711;49.32600021362305;49.32600021362305;49.32600021362305;272
2024-11-14 12:54:00+01:00;49.334999084472656;49.334999084472656;49.334999084472656;49.334999084472656;49.334999084472656;1
2024-11-14 12:55:00+01:00;49.36000061035156;49.36000061035156;49.36000061035156;49.36000061035156;49.36000061035156;8
2024-11-14 12:56:00+01:00;49.35100173950195;49.35100173950195;49.35100173950195;49.35100173950195;49.35100173950195;4
2024-11-14 12:57:00+01:00;49.37799835205078;49.37799835205078;49.375999450683594;49.375999450683594;49.375999450683594;17
2024-11-14 12:58:00+01:00;49.358001708984375;49.358001708984375;49.358001708984375;49.358001708984375;49.358001708984375;10
2024-11-14 12:59:00+01:00;49.349998474121094;49.349998474121094;49.349998474121094;49.349998474121094;49.349998474121094;95
2024-11-14 13:00:00+01:00;49.356998443603516;49.356998443603516;49.356998443603516;49.356998443603516;49.356998443603516;6
2024-11-14 13:01:00+01:00;49.356998443603516;49.356998443603516;49.35499954223633;49.35499954223633;49.35499954223633;9
2024-11-14 13:02:00+01:00;49.334999084472656;49.35100173950195;49.334999084472656;49.35100173950195;49.35100173950195;29
2024-11-14 13:03:00+01:00;49.34700012207031;49.34700012207031;49.33599853515625;49.33599853515625;49.33599853515625;18
2024-11-14 13:05:00+01:00;49.340999603271484;49.340999603271484;49.340999603271484;49.340999603271484;49.340999603271484;37
2024-11-14 13:06:00+01:00;49.3390007019043;49.3390007019043;49.3390007019043;49.3390007019043;49.3390007019043;8
2024-11-14 13:07:00+01:00;49.33399963378906;49.33399963378906;49.33399963378906;49.33399963378906;49.33399963378906;2
2024-11-14 13:09:00+01:00;49.33300018310547;49.33300018310547;49.33300018310547;49.33300018310547;49.33300018310547;6
2024-11-14 13:10:00+01:00;49.35300064086914;49.36000061035156;49.35100173950195;49.36000061035156;49.36000061035156;32
2024-11-14 13:11:00+01:00;49.32899856567383;49.32899856567383;49.32899856567383;49.32899856567383;49.32899856567383;11
2024-11-14 13:12:00+01:00;49.334999084472656;49.334999084472656;49.334999084472656;49.334999084472656;49.334999084472656;10
2024-11-14 13:15:00+01:00;49.33399963378906;49.33399963378906;49.33000183105469;49.33300018310547;49.33300018310547;4093
2024-11-14 13:16:00+01:00;49.323001861572266;49.33000183105469;49.323001861572266;49.33000183105469;49.33000183105469;2694
2024-11-14 13:17:00+01:00;49.332000732421875;49.33300018310547;49.332000732421875;49.33300018310547;49.33300018310547;150
2024-11-14 13:18:00+01:00;49.33300018310547;49.33300018310547;49.33300018310547;49.33300018310547;49.33300018310547;120
2024-11-14 13:19:00+01:00;49.334999084472656;49.334999084472656;49.334999084472656;49.334999084472656;49.334999084472656;13
2024-11-14 13:22:00+01:00;49.3380012512207;49.3380012512207;49.33399963378906;49.33399963378906;49.33399963378906;67
2024-11-14 13:23:00+01:00;49.33399963378906;49.33399963378906;49.33000183105469;49.33000183105469;49.33000183105469;409
2024-11-14 13:24:00+01:00;49.33100128173828;49.33100128173828;49.33100128173828;49.33100128173828;49.33100128173828;60
2024-11-14 13:25:00+01:00;49.33599853515625;49.33599853515625;49.33599853515625;49.33599853515625;49.33599853515625;213
2024-11-14 13:26:00+01:00;49.33399963378906;49.33399963378906;49.31999969482422;49.33000183105469;49.33000183105469;118
2024-11-14 13:27:00+01:00;49.327999114990234;49.327999114990234;49.31800079345703;49.31800079345703;49.31800079345703;45
2024-11-14 13:29:00+01:00;49.33000183105469;49.33000183105469;49.327999114990234;49.32899856567383;49.32899856567383;21
2024-11-14 13:30:00+01:00;49.32899856567383;49.32899856567383;49.314998626708984;49.314998626708984;49.314998626708984;38
2024-11-14 13:31:00+01:00;49.32600021362305;49.32600021362305;49.32600021362305;49.32600021362305;49.32600021362305;27
2024-11-14 13:33:00+01:00;49.33399963378906;49.33399963378906;49.32500076293945;49.32500076293945;49.32500076293945;14
2024-11-14 13:34:00+01:00;49.33599853515625;49.33599853515625;49.33599853515625;49.33599853515625;49.33599853515625;3
2024-11-14 13:35:00+01:00;49.33399963378906;49.33399963378906;49.33399963378906;49.33399963378906;49.33399963378906;93
2024-11-14 13:36:00+01:00;49.33100128173828;49.33100128173828;49.33100128173828;49.33100128173828;49.33100128173828;121
2024-11-14 13:38:00+01:00;49.32400131225586;49.32400131225586;49.29999923706055;49.29999923706055;49.29999923706055;515
2024-11-14 13:39:00+01:00;49.303001403808594;49.303001403808594;49.30099868774414;49.30099868774414;49.30099868774414;7
2024-11-14 13:40:00+01:00;49.29800033569336;49.29800033569336;49.29100036621094;49.29199981689453;49.29199981689453;109
2024-11-14 13:42:00+01:00;49.30799865722656;49.30799865722656;49.30799865722656;49.30799865722656;49.30799865722656;610
2024-11-14 13:43:00+01:00;49.29899978637695;49.29899978637695;49.29800033569336;49.29800033569336;49.29800033569336;71
2024-11-14 13:44:00+01:00;49.301998138427734;49.305999755859375;49.301998138427734;49.305999755859375;49.305999755859375;24
2024-11-14 13:45:00+01:00;49.30099868774414;49.30099868774414;49.279998779296875;49.279998779296875;49.279998779296875;168
2024-11-14 13:46:00+01:00;49.270999908447266;49.270999908447266;49.270999908447266;49.270999908447266;49.270999908447266;104
2024-11-14 13:47:00+01:00;49.277000427246094;49.277000427246094;49.27000045776367;49.270999908447266;49.270999908447266;262
2024-11-14 13:48:00+01:00;49.279998779296875;49.279998779296875;49.270999908447266;49.270999908447266;49.270999908447266;202
2024-11-14 13:49:00+01:00;49.29399871826172;49.29399871826172;49.29100036621094;49.29100036621094;49.29100036621094;4
2024-11-14 13:50:00+01:00;49.290000915527344;49.290000915527344;49.27899932861328;49.27899932861328;49.27899932861328;217
2024-11-14 13:51:00+01:00;49.290000915527344;49.290000915527344;49.290000915527344;49.290000915527344;49.290000915527344;1
2024-11-14 13:52:00+01:00;49.29499816894531;49.29499816894531;49.29499816894531;49.29499816894531;49.29499816894531;11
2024-11-14 13:53:00+01:00;49.28799819946289;49.28799819946289;49.28799819946289;49.28799819946289;49.28799819946289;4
2024-11-14 13:54:00+01:00;49.2869987487793;49.2869987487793;49.2869987487793;49.2869987487793;49.2869987487793;25
2024-11-14 13:55:00+01:00;49.28099822998047;49.28099822998047;49.27299880981445;49.27299880981445;49.27299880981445;15
2024-11-14 13:56:00+01:00;49.266998291015625;49.26900100708008;49.25899887084961;49.25899887084961;49.25899887084961;212
2024-11-14 13:57:00+01:00;49.266998291015625;49.266998291015625;49.257999420166016;49.257999420166016;49.257999420166016;133
2024-11-14 14:00:00+01:00;49.28499984741211;49.28499984741211;49.28499984741211;49.28499984741211;49.28499984741211;39
2024-11-14 14:01:00+01:00;49.284000396728516;49.284000396728516;49.27899932861328;49.27899932861328;49.27899932861328;113
2024-11-14 14:02:00+01:00;49.29600143432617;49.29600143432617;49.29600143432617;49.29600143432617;49.29600143432617;10
2024-11-14 14:07:00+01:00;49.3129997253418;49.3129997253418;49.3129997253418;49.3129997253418;49.3129997253418;30
2024-11-14 14:08:00+01:00;49.305999755859375;49.305999755859375;49.305999755859375;49.305999755859375;49.305999755859375;31
2024-11-14 14:09:00+01:00;49.29999923706055;49.29999923706055;49.29999923706055;49.29999923706055;49.29999923706055;30
2024-11-14 14:10:00+01:00;49.31399917602539;49.31399917602539;49.31399917602539;49.31399917602539;49.31399917602539;2
2024-11-14 14:11:00+01:00;49.32899856567383;49.32899856567383;49.32099914550781;49.32099914550781;49.32099914550781;70
2024-11-14 14:12:00+01:00;49.323001861572266;49.323001861572266;49.323001861572266;49.323001861572266;49.323001861572266;1
2024-11-14 14:13:00+01:00;49.316001892089844;49.316001892089844;49.316001892089844;49.316001892089844;49.316001892089844;1
2024-11-14 14:15:00+01:00;49.31100082397461;49.31100082397461;49.290000915527344;49.290000915527344;49.290000915527344;28
2024-11-14 14:16:00+01:00;49.28900146484375;49.303001403808594;49.28799819946289;49.303001403808594;49.303001403808594;1029
2024-11-14 14:17:00+01:00;49.316001892089844;49.316001892089844;49.316001892089844;49.316001892089844;49.316001892089844;3
2024-11-14 14:19:00+01:00;49.30500030517578;49.30500030517578;49.30500030517578;49.30500030517578;49.30500030517578;21
2024-11-14 14:20:00+01:00;49.316001892089844;49.316001892089844;49.316001892089844;49.316001892089844;49.316001892089844;4
2024-11-14 14:21:00+01:00;49.30699920654297;49.30699920654297;49.303001403808594;49.303001403808594;49.303001403808594;21
2024-11-14 14:22:00+01:00;49.284000396728516;49.28499984741211;49.284000396728516;49.28499984741211;49.28499984741211;61
2024-11-14 14:25:00+01:00;49.29999923706055;49.30500030517578;49.29999923706055;49.30500030517578;49.30500030517578;26
2024-11-14 14:26:00+01:00;49.30400085449219;49.30400085449219;49.30400085449219;49.30400085449219;49.30400085449219;32
2024-11-14 14:27:00+01:00;49.308998107910156;49.308998107910156;49.30799865722656;49.30799865722656;49.30799865722656;513
2024-11-14 14:28:00+01:00;49.30500030517578;49.30500030517578;49.30500030517578;49.30500030517578;49.30500030517578;10
2024-11-14 14:29:00+01:00;49.30400085449219;49.30400085449219;49.30400085449219;49.30400085449219;49.30400085449219;2
2024-11-14 14:30:00+01:00;49.279998779296875;49.380001068115234;49.279998779296875;49.35499954223633;49.35499954223633;278
2024-11-14 14:31:00+01:00;49.301998138427734;49.301998138427734;49.257999420166016;49.257999420166016;49.257999420166016;10
2024-11-14 14:32:00+01:00;49.2869987487793;49.2869987487793;49.27000045776367;49.279998779296875;49.279998779296875;3038
2024-11-14 14:33:00+01:00;49.30699920654297;49.30799865722656;49.30699920654297;49.30799865722656;49.30799865722656;6
2024-11-14 14:34:00+01:00;49.28900146484375;49.29800033569336;49.28900146484375;49.29800033569336;49.29800033569336;1488
2024-11-14 14:36:00+01:00;49.3129997253418;49.32400131225586;49.290000915527344;49.290000915527344;49.290000915527344;2932
2024-11-14 14:37:00+01:00;49.310001373291016;49.310001373291016;49.310001373291016;49.310001373291016;49.310001373291016;4
2024-11-14 14:38:00+01:00;49.2869987487793;49.290000915527344;49.2869987487793;49.290000915527344;49.290000915527344;1494
2024-11-14 14:39:00+01:00;49.29800033569336;49.29800033569336;49.29800033569336;49.29800033569336;49.29800033569336;1
2024-11-14 14:42:00+01:00;49.31999969482422;49.31999969482422;49.31999969482422;49.31999969482422;49.31999969482422;150
2024-11-14 14:44:00+01:00;49.32099914550781;49.32099914550781;49.32099914550781;49.32099914550781;49.32099914550781;20
2024-11-14 14:45:00+01:00;49.33300018310547;49.33700180053711;49.31999969482422;49.32699966430664;49.32699966430664;1492
2024-11-14 14:46:00+01:00;49.279998779296875;49.279998779296875;49.279998779296875;49.279998779296875;49.279998779296875;5
2024-11-14 14:47:00+01:00;49.284000396728516;49.2859992980957;49.284000396728516;49.2859992980957;49.2859992980957;134
2024-11-14 14:48:00+01:00;49.279998779296875;49.279998779296875;49.279998779296875;49.279998779296875;49.279998779296875;38
2024-11-14 14:49:00+01:00;49.279998779296875;49.2859992980957;49.279998779296875;49.2859992980957;49.2859992980957;39
2024-11-14 14:51:00+01:00;49.2869987487793;49.2869987487793;49.27199935913086;49.27199935913086;49.27199935913086;33
2024-11-14 14:52:00+01:00;49.25;49.25299835205078;49.25;49.25199890136719;49.25199890136719;630
2024-11-14 14:53:00+01:00;49.25400161743164;49.25400161743164;49.25400161743164;49.25400161743164;49.25400161743164;1
2024-11-14 14:54:00+01:00;49.2400016784668;49.2400016784668;49.2400016784668;49.2400016784668;49.2400016784668;20
2024-11-14 14:55:00+01:00;49.26599884033203;49.26599884033203;49.26599884033203;49.26599884033203;49.26599884033203;200
2024-11-14 14:56:00+01:00;49.2599983215332;49.27199935913086;49.2599983215332;49.27199935913086;49.27199935913086;13
2024-11-14 14:57:00+01:00;49.27799987792969;49.27799987792969;49.27399826049805;49.27399826049805;49.27399826049805;8
2024-11-14 14:59:00+01:00;49.2760009765625;49.2760009765625;49.268001556396484;49.268001556396484;49.268001556396484;245
2024-11-14 15:00:00+01:00;49.26499938964844;49.26499938964844;49.262001037597656;49.262001037597656;49.262001037597656;109
2024-11-14 15:04:00+01:00;49.23500061035156;49.23500061035156;49.22700119018555;49.22700119018555;49.22700119018555;15
2024-11-14 15:07:00+01:00;49.23500061035156;49.23500061035156;49.23500061035156;49.23500061035156;49.23500061035156;2
2024-11-14 15:08:00+01:00;49.244998931884766;49.244998931884766;49.23400115966797;49.23400115966797;49.23400115966797;157
2024-11-14 15:10:00+01:00;49.22999954223633;49.22999954223633;49.22999954223633;49.22999954223633;49.22999954223633;72
2024-11-14 15:12:00+01:00;49.25699996948242;49.25699996948242;49.25699996948242;49.25699996948242;49.25699996948242;3
2024-11-14 15:13:00+01:00;49.22999954223633;49.22999954223633;49.22999954223633;49.22999954223633;49.22999954223633;63
2024-11-14 15:14:00+01:00;49.237998962402344;49.237998962402344;49.22999954223633;49.22999954223633;49.22999954223633;8
2024-11-14 15:15:00+01:00;49.21200180053711;49.22100067138672;49.21200180053711;49.21699905395508;49.21699905395508;61
2024-11-14 15:16:00+01:00;49.215999603271484;49.215999603271484;49.215999603271484;49.215999603271484;49.215999603271484;6
2024-11-14 15:17:00+01:00;49.20000076293945;49.20000076293945;49.185001373291016;49.185001373291016;49.185001373291016;1472
2024-11-14 15:18:00+01:00;49.20000076293945;49.20000076293945;49.198001861572266;49.198001861572266;49.198001861572266;25
2024-11-14 15:19:00+01:00;49.18899917602539;49.18899917602539;49.18899917602539;49.18899917602539;49.18899917602539;6
2024-11-14 15:20:00+01:00;49.185001373291016;49.185001373291016;49.185001373291016;49.185001373291016;49.185001373291016;54
2024-11-14 15:21:00+01:00;49.19900131225586;49.19900131225586;49.19900131225586;49.19900131225586;49.19900131225586;5
2024-11-14 15:22:00+01:00;49.189998626708984;49.189998626708984;49.189998626708984;49.189998626708984;49.189998626708984;4065
2024-11-14 15:24:00+01:00;49.183998107910156;49.183998107910156;49.183998107910156;49.183998107910156;49.183998107910156;813
2024-11-14 15:25:00+01:00;49.176998138427734;49.176998138427734;49.17300033569336;49.17300033569336;49.17300033569336;213
2024-11-14 15:26:00+01:00;49.17300033569336;49.17300033569336;49.143001556396484;49.143001556396484;49.143001556396484;225
2024-11-14 15:27:00+01:00;49.13999938964844;49.145999908447266;49.13999938964844;49.145999908447266;49.145999908447266;59
2024-11-14 15:28:00+01:00;49.15999984741211;49.15999984741211;49.15999984741211;49.15999984741211;49.15999984741211;2
2024-11-14 15:30:00+01:00;49.19499969482422;49.20100021362305;49.19499969482422;49.20100021362305;49.20100021362305;405
2024-11-14 15:31:00+01:00;49.21200180053711;49.21200180053711;49.20000076293945;49.20000076293945;49.20000076293945;125
2024-11-14 15:32:00+01:00;49.183998107910156;49.20100021362305;49.183998107910156;49.19900131225586;49.19900131225586;45
2024-11-14 15:33:00+01:00;49.196998596191406;49.196998596191406;49.196998596191406;49.196998596191406;49.196998596191406;41
2024-11-14 15:34:00+01:00;49.17900085449219;49.20899963378906;49.17900085449219;49.20899963378906;49.20899963378906;2176
2024-11-14 15:35:00+01:00;49.20000076293945;49.20000076293945;49.20000076293945;49.20000076293945;49.20000076293945;6
2024-11-14 15:39:00+01:00;49.09600067138672;49.09600067138672;49.09600067138672;49.09600067138672;49.09600067138672;1225
2024-11-14 15:40:00+01:00;49.07500076293945;49.07500076293945;49.07500076293945;49.07500076293945;49.07500076293945;4
2024-11-14 15:41:00+01:00;49.07699966430664;49.07899856567383;49.07699966430664;49.07899856567383;49.07899856567383;56
2024-11-14 15:42:00+01:00;49.07699966430664;49.07699966430664;49.07699966430664;49.07699966430664;49.07699966430664;3
2024-11-14 15:43:00+01:00;49.08399963378906;49.08399963378906;49.04999923706055;49.04999923706055;49.04999923706055;56
2024-11-14 15:45:00+01:00;49.047000885009766;49.047000885009766;49.047000885009766;49.047000885009766;49.047000885009766;2
2024-11-14 15:47:00+01:00;49.04999923706055;49.04999923706055;49.04899978637695;49.04899978637695;49.04899978637695;9
2024-11-14 15:49:00+01:00;49.082000732421875;49.082000732421875;49.082000732421875;49.082000732421875;49.082000732421875;20
2024-11-14 15:50:00+01:00;49.11899948120117;49.11899948120117;49.11899948120117;49.11899948120117;49.11899948120117;4
2024-11-14 15:52:00+01:00;49.119998931884766;49.119998931884766;49.106998443603516;49.106998443603516;49.106998443603516;380
2024-11-14 15:53:00+01:00;49.095001220703125;49.095001220703125;49.095001220703125;49.095001220703125;49.095001220703125;2146
2024-11-14 15:54:00+01:00;49.11399841308594;49.11399841308594;49.11000061035156;49.11000061035156;49.11000061035156;3
2024-11-14 15:56:00+01:00;49.12799835205078;49.12799835205078;49.12799835205078;49.12799835205078;49.12799835205078;105
2024-11-14 15:57:00+01:00;49.12300109863281;49.124000549316406;49.12300109863281;49.124000549316406;49.124000549316406;205
2024-11-14 15:59:00+01:00;49.09700012207031;49.09700012207031;49.09700012207031;49.09700012207031;49.09700012207031;3
2024-11-14 16:00:00+01:00;49.082000732421875;49.08399963378906;49.06100082397461;49.08399963378906;49.08399963378906;284
2024-11-14 16:01:00+01:00;49.082000732421875;49.082000732421875;49.082000732421875;49.082000732421875;49.082000732421875;1
2024-11-14 16:02:00+01:00;49.082000732421875;49.082000732421875;49.060001373291016;49.071998596191406;49.071998596191406;383
2024-11-14 16:03:00+01:00;49.08700180053711;49.08700180053711;49.08700180053711;49.08700180053711;49.08700180053711;5
2024-11-14 16:04:00+01:00;49.053001403808594;49.07600021362305;49.053001403808594;49.07600021362305;49.07600021362305;36
2024-11-14 16:05:00+01:00;49.06999969482422;49.06999969482422;49.034000396728516;49.060001373291016;49.060001373291016;184
2024-11-14 16:07:00+01:00;49.042999267578125;49.042999267578125;49.042999267578125;49.042999267578125;49.042999267578125;30
2024-11-14 16:08:00+01:00;49.05799865722656;49.060001373291016;49.04999923706055;49.060001373291016;49.060001373291016;583
2024-11-14 16:09:00+01:00;49.053001403808594;49.053001403808594;49.053001403808594;49.053001403808594;49.053001403808594;11
2024-11-14 16:10:00+01:00;49.03900146484375;49.03900146484375;49.03900146484375;49.03900146484375;49.03900146484375;150
2024-11-14 16:11:00+01:00;49.034000396728516;49.034000396728516;49.0;49.0;49.0;1320
2024-11-14 16:12:00+01:00;49.000999450683594;49.0099983215332;48.9900016784668;48.9900016784668;48.9900016784668;31
2024-11-14 16:13:00+01:00;49.00199890136719;49.03799819946289;49.00199890136719;49.03499984741211;49.03499984741211;23
2024-11-14 16:14:00+01:00;49.04499816894531;49.04499816894531;49.04499816894531;49.04499816894531;49.04499816894531;50
2024-11-14 16:15:00+01:00;49.055999755859375;49.055999755859375;49.055999755859375;49.055999755859375;49.055999755859375;103
2024-11-14 16:16:00+01:00;49.040000915527344;49.040000915527344;49.03900146484375;49.03900146484375;49.03900146484375;28
2024-11-14 16:17:00+01:00;49.0099983215332;49.02399826049805;49.0099983215332;49.02399826049805;49.02399826049805;33
2024-11-14 16:18:00+01:00;49.0;49.00699996948242;48.970001220703125;48.970001220703125;48.970001220703125;210
2024-11-14 16:20:00+01:00;48.90999984741211;48.9370002746582;48.90999984741211;48.9370002746582;48.9370002746582;2229
2024-11-14 16:21:00+01:00;48.930999755859375;48.930999755859375;48.930999755859375;48.930999755859375;48.930999755859375;65
2024-11-14 16:24:00+01:00;48.93000030517578;48.93000030517578;48.93000030517578;48.93000030517578;48.93000030517578;5
2024-11-14 16:25:00+01:00;48.94599914550781;48.95899963378906;48.94599914550781;48.95899963378906;48.95899963378906;143
2024-11-14 16:28:00+01:00;48.979000091552734;48.979000091552734;48.97800064086914;48.97800064086914;48.97800064086914;61
2024-11-14 16:30:00+01:00;49.020999908447266;49.020999908447266;49.01900100708008;49.01900100708008;49.01900100708008;50
2024-11-14 16:31:00+01:00;49.012001037597656;49.012001037597656;49.012001037597656;49.012001037597656;49.012001037597656;38
2024-11-14 16:33:00+01:00;49.00299835205078;49.00299835205078;49.00199890136719;49.00199890136719;49.00199890136719;275
2024-11-14 16:34:00+01:00;49.04100036621094;49.04100036621094;49.04100036621094;49.04100036621094;49.04100036621094;10
2024-11-14 16:36:00+01:00;49.064998626708984;49.064998626708984;49.064998626708984;49.064998626708984;49.064998626708984;3
2024-11-14 16:37:00+01:00;49.07600021362305;49.07600021362305;49.07600021362305;49.07600021362305;49.07600021362305;10
2024-11-14 16:38:00+01:00;49.09199905395508;49.09199905395508;49.09199905395508;49.09199905395508;49.09199905395508;10
2024-11-14 16:39:00+01:00;49.066001892089844;49.066001892089844;49.06399917602539;49.06399917602539;49.06399917602539;80
2024-11-14 16:42:00+01:00;49.073001861572266;49.073001861572266;49.073001861572266;49.073001861572266;49.073001861572266;19
2024-11-14 16:43:00+01:00;49.06999969482422;49.06999969482422;49.06999969482422;49.06999969482422;49.06999969482422;4
2024-11-14 16:44:00+01:00;49.071998596191406;49.071998596191406;49.071998596191406;49.071998596191406;49.071998596191406;295
2024-11-14 16:45:00+01:00;49.071998596191406;49.071998596191406;49.071998596191406;49.071998596191406;49.071998596191406;12
2024-11-14 16:46:00+01:00;49.060001373291016;49.060001373291016;49.05799865722656;49.05799865722656;49.05799865722656;33
2024-11-14 16:48:00+01:00;49.05099868774414;49.055999755859375;49.04499816894531;49.04499816894531;49.04499816894531;259
2024-11-14 16:49:00+01:00;49.0629997253418;49.064998626708984;49.0629997253418;49.064998626708984;49.064998626708984;34
2024-11-14 16:50:00+01:00;49.06399917602539;49.06399917602539;49.06399917602539;49.06399917602539;49.06399917602539;12
2024-11-14 16:52:00+01:00;49.04100036621094;49.04100036621094;49.03200149536133;49.03200149536133;49.03200149536133;11
2024-11-14 16:53:00+01:00;49.034000396728516;49.034000396728516;49.034000396728516;49.034000396728516;49.034000396728516;20
2024-11-14 16:54:00+01:00;49.04499816894531;49.04499816894531;49.029998779296875;49.029998779296875;49.029998779296875;134
2024-11-14 16:55:00+01:00;49.027000427246094;49.027000427246094;49.02000045776367;49.02000045776367;49.02000045776367;15
2024-11-14 16:56:00+01:00;49.0;49.0;49.0;49.0;49.0;63
2024-11-14 16:57:00+01:00;48.98899841308594;48.992000579833984;48.986000061035156;48.986000061035156;48.986000061035156;312
2024-11-14 16:58:00+01:00;48.9900016784668;48.992000579833984;48.986000061035156;48.986000061035156;48.986000061035156;17
2024-11-14 16:59:00+01:00;48.983001708984375;48.983001708984375;48.97700119018555;48.97700119018555;48.97700119018555;10
2024-11-14 17:01:00+01:00;48.98699951171875;49.00199890136719;48.98699951171875;49.00199890136719;49.00199890136719;46
2024-11-14 17:02:00+01:00;48.98899841308594;49.0;48.98899841308594;49.0;49.0;68
2024-11-14 17:06:00+01:00;48.9900016784668;48.99800109863281;48.9900016784668;48.99800109863281;48.99800109863281;3968
2024-11-14 17:08:00+01:00;49.0099983215332;49.0099983215332;49.0099983215332;49.0099983215332;49.0099983215332;439
2024-11-14 17:14:00+01:00;49.0359992980957;49.0359992980957;49.0359992980957;49.0359992980957;49.0359992980957;132
2024-11-14 17:16:00+01:00;49.007999420166016;49.007999420166016;49.00400161743164;49.00400161743164;49.00400161743164;216
2024-11-14 17:20:00+01:00;48.97999954223633;48.97999954223633;48.97999954223633;48.97999954223633;48.97999954223633;0
2024-11-14 17:21:00+01:00;48.97600173950195;48.97600173950195;48.972999572753906;48.972999572753906;48.972999572753906;101963
2024-11-14 17:22:00+01:00;48.970001220703125;48.9739990234375;48.970001220703125;48.97200012207031;48.97200012207031;105
2024-11-14 17:23:00+01:00;48.95899963378906;48.95899963378906;48.95899963378906;48.95899963378906;48.95899963378906;70
2024-11-14 17:24:00+01:00;48.96799850463867;48.994998931884766;48.96799850463867;48.99300003051758;48.99300003051758;260
2024-11-14 17:25:00+01:00;49.000999450683594;49.000999450683594;48.99800109863281;48.99800109863281;48.99800109863281;20
2024-11-14 17:26:00+01:00;48.99800109863281;48.99800109863281;48.99599838256836;48.99599838256836;48.99599838256836;6
2024-11-14 17:27:00+01:00;48.99700164794922;49.00699996948242;48.99700164794922;49.00699996948242;49.00699996948242;17
2024-11-14 17:28:00+01:00;48.99599838256836;48.99599838256836;48.99599838256836;48.99599838256836;48.99599838256836;3
