Datetime;Open;High;Low;Close;Adj Close;Volume
2024-11-07 09:04:00+01:00;47.808998107910156;47.827999114990234;47.79999923706055;47.79999923706055;47.79999923706055;0
2024-11-07 09:05:00+01:00;47.82600021362305;47.827999114990234;47.81700134277344;47.82699966430664;47.82699966430664;33
2024-11-07 09:06:00+01:00;47.821998596191406;47.821998596191406;47.803001403808594;47.81999969482422;47.81999969482422;105
2024-11-07 09:07:00+01:00;47.81999969482422;47.81999969482422;47.81999969482422;47.81999969482422;47.81999969482422;507
2024-11-07 09:08:00+01:00;47.834999084472656;47.834999084472656;47.834999084472656;47.834999084472656;47.834999084472656;20
2024-11-07 09:09:00+01:00;47.83599853515625;47.8390007019043;47.83000183105469;47.83599853515625;47.83599853515625;26
2024-11-07 09:10:00+01:00;47.84000015258789;47.856998443603516;47.84000015258789;47.85300064086914;47.85300064086914;144
2024-11-07 09:11:00+01:00;47.83300018310547;47.83300018310547;47.79999923706055;47.810001373291016;47.810001373291016;256
2024-11-07 09:12:00+01:00;47.8129997253418;47.81999969482422;47.803001403808594;47.803001403808594;47.803001403808594;22
2024-11-07 09:13:00+01:00;47.803001403808594;47.803001403808594;47.803001403808594;47.803001403808594;47.803001403808594;33
2024-11-07 09:14:00+01:00;47.7869987487793;47.7869987487793;47.7869987487793;47.7869987487793;47.7869987487793;84
2024-11-07 09:15:00+01:00;47.7869987487793;47.797000885009766;47.76599884033203;47.797000885009766;47.797000885009766;104
2024-11-07 09:16:00+01:00;47.79499816894531;47.79600143432617;47.79499816894531;47.79600143432617;47.79600143432617;54
2024-11-07 09:17:00+01:00;47.79600143432617;47.79600143432617;47.78099822998047;47.78099822998047;47.78099822998047;55
2024-11-07 09:18:00+01:00;47.76300048828125;47.78099822998047;47.76300048828125;47.78099822998047;47.78099822998047;172
2024-11-07 09:19:00+01:00;47.74599838256836;47.78099822998047;47.74599838256836;47.78099822998047;47.78099822998047;53
2024-11-07 09:20:00+01:00;47.78099822998047;47.78099822998047;47.75899887084961;47.78099822998047;47.78099822998047;681
2024-11-07 09:21:00+01:00;47.75699996948242;47.779998779296875;47.75199890136719;47.779998779296875;47.779998779296875;76
2024-11-07 09:22:00+01:00;47.779998779296875;47.779998779296875;47.779998779296875;47.779998779296875;47.779998779296875;30
2024-11-07 09:23:00+01:00;47.78099822998047;47.78499984741211;47.78099822998047;47.78499984741211;47.78499984741211;77
2024-11-07 09:24:00+01:00;47.77000045776367;47.779998779296875;47.77000045776367;47.779998779296875;47.779998779296875;300
2024-11-07 09:25:00+01:00;47.779998779296875;47.779998779296875;47.763999938964844;47.779998779296875;47.779998779296875;55
2024-11-07 09:26:00+01:00;47.779998779296875;47.810001373291016;47.777000427246094;47.777000427246094;47.777000427246094;2272
2024-11-07 09:27:00+01:00;47.810001373291016;47.8129997253418;47.7760009765625;47.8120002746582;47.8120002746582;162
2024-11-07 09:28:00+01:00;47.80099868774414;47.80099868774414;47.80099868774414;47.80099868774414;47.80099868774414;17
2024-11-07 09:29:00+01:00;47.79999923706055;47.79999923706055;47.78900146484375;47.78900146484375;47.78900146484375;2035
2024-11-07 09:30:00+01:00;47.80099868774414;47.80099868774414;47.80099868774414;47.80099868774414;47.80099868774414;106
2024-11-07 09:31:00+01:00;47.7859992980957;47.7859992980957;47.779998779296875;47.7859992980957;47.7859992980957;241
2024-11-07 09:32:00+01:00;47.7869987487793;47.7869987487793;47.7869987487793;47.7869987487793;47.7869987487793;143
2024-11-07 09:33:00+01:00;47.779998779296875;47.79499816894531;47.779998779296875;47.79499816894531;47.79499816894531;50
2024-11-07 09:34:00+01:00;47.79499816894531;47.79499816894531;47.79499816894531;47.79499816894531;47.79499816894531;18
2024-11-07 09:35:00+01:00;47.775001525878906;47.775001525878906;47.76599884033203;47.76599884033203;47.76599884033203;17
2024-11-07 09:36:00+01:00;47.79499816894531;47.79499816894531;47.79499816894531;47.79499816894531;47.79499816894531;59
2024-11-07 09:37:00+01:00;47.79499816894531;47.79499816894531;47.790000915527344;47.79499816894531;47.79499816894531;118
2024-11-07 09:38:00+01:00;47.77299880981445;47.78099822998047;47.77000045776367;47.78099822998047;47.78099822998047;57
2024-11-07 09:39:00+01:00;47.78799819946289;47.79899978637695;47.78799819946289;47.79899978637695;47.79899978637695;2232
2024-11-07 09:40:00+01:00;47.77000045776367;47.79899978637695;47.77000045776367;47.79899978637695;47.79899978637695;16
2024-11-07 09:41:00+01:00;47.79999923706055;47.82099914550781;47.79999923706055;47.82099914550781;47.82099914550781;86
2024-11-07 09:42:00+01:00;47.82400131225586;47.82400131225586;47.79999923706055;47.81100082397461;47.81100082397461;158
2024-11-07 09:43:00+01:00;47.81800079345703;47.81800079345703;47.79999923706055;47.808998107910156;47.808998107910156;360
2024-11-07 09:44:00+01:00;47.823001861572266;47.82899856567383;47.810001373291016;47.810001373291016;47.810001373291016;32
2024-11-07 09:45:00+01:00;47.82899856567383;47.82899856567383;47.82899856567383;47.82899856567383;47.82899856567383;120
2024-11-07 09:46:00+01:00;47.82899856567383;47.82899856567383;47.82899856567383;47.82899856567383;47.82899856567383;20
2024-11-07 09:47:00+01:00;47.82899856567383;47.82899856567383;47.82899856567383;47.82899856567383;47.82899856567383;224
2024-11-07 09:48:00+01:00;47.82899856567383;47.82899856567383;47.79999923706055;47.819000244140625;47.819000244140625;316
2024-11-07 09:49:00+01:00;47.78099822998047;47.80400085449219;47.78099822998047;47.80400085449219;47.80400085449219;149
2024-11-07 09:50:00+01:00;47.77000045776367;47.792999267578125;47.762001037597656;47.790000915527344;47.790000915527344;137
2024-11-07 09:51:00+01:00;47.78900146484375;47.78900146484375;47.775001525878906;47.775001525878906;47.775001525878906;84
2024-11-07 09:52:00+01:00;47.77299880981445;47.7760009765625;47.77299880981445;47.7760009765625;47.7760009765625;7
2024-11-07 09:54:00+01:00;47.78499984741211;47.78499984741211;47.78499984741211;47.78499984741211;47.78499984741211;2
2024-11-07 09:55:00+01:00;47.779998779296875;47.7859992980957;47.779998779296875;47.7859992980957;47.7859992980957;100
2024-11-07 09:56:00+01:00;47.779998779296875;47.779998779296875;47.779998779296875;47.779998779296875;47.779998779296875;6
2024-11-07 09:57:00+01:00;47.77799987792969;47.77799987792969;47.75;47.77000045776367;47.77000045776367;67
2024-11-07 09:58:00+01:00;47.77000045776367;47.77299880981445;47.77000045776367;47.77299880981445;47.77299880981445;47
2024-11-07 09:59:00+01:00;47.78499984741211;47.78799819946289;47.78499984741211;47.78799819946289;47.78799819946289;12
2024-11-07 10:00:00+01:00;47.7869987487793;47.7869987487793;47.755001068115234;47.784000396728516;47.784000396728516;279
2024-11-07 10:01:00+01:00;47.77299880981445;47.779998779296875;47.77299880981445;47.779998779296875;47.779998779296875;33
2024-11-07 10:02:00+01:00;47.78499984741211;47.78799819946289;47.78499984741211;47.78799819946289;47.78799819946289;93
2024-11-07 10:03:00+01:00;47.7869987487793;47.7869987487793;47.78499984741211;47.78499984741211;47.78499984741211;16
2024-11-07 10:04:00+01:00;47.784000396728516;47.784000396728516;47.779998779296875;47.779998779296875;47.779998779296875;21
2024-11-07 10:05:00+01:00;47.78200149536133;47.78900146484375;47.78200149536133;47.78900146484375;47.78900146484375;120
2024-11-07 10:06:00+01:00;47.79399871826172;47.79399871826172;47.77000045776367;47.77000045776367;47.77000045776367;4
2024-11-07 10:07:00+01:00;47.79999923706055;47.80500030517578;47.79999923706055;47.80500030517578;47.80500030517578;6
2024-11-07 10:08:00+01:00;47.8120002746582;47.8120002746582;47.808998107910156;47.808998107910156;47.808998107910156;16
2024-11-07 10:09:00+01:00;47.8129997253418;47.81700134277344;47.8129997253418;47.81700134277344;47.81700134277344;47
2024-11-07 10:10:00+01:00;47.82899856567383;47.82899856567383;47.821998596191406;47.821998596191406;47.821998596191406;4
2024-11-07 10:11:00+01:00;47.821998596191406;47.821998596191406;47.821998596191406;47.821998596191406;47.821998596191406;30
2024-11-07 10:12:00+01:00;47.80699920654297;47.8129997253418;47.80699920654297;47.8129997253418;47.8129997253418;62
2024-11-07 10:13:00+01:00;47.82099914550781;47.82899856567383;47.805999755859375;47.82899856567383;47.82899856567383;16
2024-11-07 10:14:00+01:00;47.82899856567383;47.82899856567383;47.82899856567383;47.82899856567383;47.82899856567383;286
2024-11-07 10:15:00+01:00;47.82899856567383;47.856998443603516;47.82699966430664;47.82699966430664;47.82699966430664;3272
2024-11-07 10:16:00+01:00;47.86199951171875;47.862998962402344;47.86199951171875;47.862998962402344;47.862998962402344;29
2024-11-07 10:17:00+01:00;47.862998962402344;47.862998962402344;47.854000091552734;47.85900115966797;47.85900115966797;302
2024-11-07 10:18:00+01:00;47.8489990234375;47.8489990234375;47.8489990234375;47.8489990234375;47.8489990234375;107
2024-11-07 10:19:00+01:00;47.86399841308594;47.86399841308594;47.832000732421875;47.832000732421875;47.832000732421875;61
2024-11-07 10:20:00+01:00;47.86600112915039;47.86600112915039;47.86399841308594;47.86399841308594;47.86399841308594;253
2024-11-07 10:21:00+01:00;47.875999450683594;47.875999450683594;47.86399841308594;47.86399841308594;47.86399841308594;555
2024-11-07 10:22:00+01:00;47.86000061035156;47.86000061035156;47.85300064086914;47.85300064086914;47.85300064086914;61
2024-11-07 10:23:00+01:00;47.81700134277344;47.86399841308594;47.81700134277344;47.86399841308594;47.86399841308594;93
2024-11-07 10:24:00+01:00;47.861000061035156;47.861000061035156;47.858001708984375;47.858001708984375;47.858001708984375;15
2024-11-07 10:25:00+01:00;47.8380012512207;47.8380012512207;47.8380012512207;47.8380012512207;47.8380012512207;3
2024-11-07 10:26:00+01:00;47.840999603271484;47.840999603271484;47.840999603271484;47.840999603271484;47.840999603271484;130
2024-11-07 10:27:00+01:00;47.83700180053711;47.83700180053711;47.83399963378906;47.83399963378906;47.83399963378906;6
2024-11-07 10:28:00+01:00;47.83700180053711;47.83700180053711;47.83700180053711;47.83700180053711;47.83700180053711;5
2024-11-07 10:29:00+01:00;47.82899856567383;47.82899856567383;47.810001373291016;47.82699966430664;47.82699966430664;335
2024-11-07 10:30:00+01:00;47.82699966430664;47.83300018310547;47.82699966430664;47.83300018310547;47.83300018310547;299
2024-11-07 10:31:00+01:00;47.84199905395508;47.84199905395508;47.84199905395508;47.84199905395508;47.84199905395508;2
2024-11-07 10:32:00+01:00;47.84199905395508;47.84199905395508;47.84000015258789;47.84000015258789;47.84000015258789;50
2024-11-07 10:33:00+01:00;47.85499954223633;47.8650016784668;47.847999572753906;47.8650016784668;47.8650016784668;16
2024-11-07 10:34:00+01:00;47.82699966430664;47.861000061035156;47.82699966430664;47.861000061035156;47.861000061035156;144
2024-11-07 10:35:00+01:00;47.86000061035156;47.86000061035156;47.86000061035156;47.86000061035156;47.86000061035156;62
2024-11-07 10:36:00+01:00;47.862998962402344;47.862998962402344;47.85300064086914;47.85300064086914;47.85300064086914;47
2024-11-07 10:37:00+01:00;47.85100173950195;47.85200119018555;47.85100173950195;47.85200119018555;47.85200119018555;54
2024-11-07 10:38:00+01:00;47.85499954223633;47.85499954223633;47.83000183105469;47.847999572753906;47.847999572753906;265
2024-11-07 10:39:00+01:00;47.84400177001953;47.84600067138672;47.83000183105469;47.84199905395508;47.84199905395508;169
2024-11-07 10:40:00+01:00;47.845001220703125;47.845001220703125;47.84299850463867;47.84299850463867;47.84299850463867;70
2024-11-07 10:42:00+01:00;47.84000015258789;47.84000015258789;47.84000015258789;47.84000015258789;47.84000015258789;21
2024-11-07 10:43:00+01:00;47.858001708984375;47.858001708984375;47.858001708984375;47.858001708984375;47.858001708984375;60
2024-11-07 10:44:00+01:00;47.83000183105469;47.85100173950195;47.83000183105469;47.85100173950195;47.85100173950195;228
2024-11-07 10:45:00+01:00;47.856998443603516;47.856998443603516;47.85100173950195;47.85100173950195;47.85100173950195;7
2024-11-07 10:46:00+01:00;47.862998962402344;47.862998962402344;47.86000061035156;47.86000061035156;47.86000061035156;25
2024-11-07 10:47:00+01:00;47.86000061035156;47.86000061035156;47.86000061035156;47.86000061035156;47.86000061035156;31
2024-11-07 10:48:00+01:00;47.867000579833984;47.867000579833984;47.8650016784668;47.867000579833984;47.867000579833984;239
2024-11-07 10:49:00+01:00;47.862998962402344;47.867000579833984;47.862998962402344;47.862998962402344;47.862998962402344;70
2024-11-07 10:50:00+01:00;47.8650016784668;47.867000579833984;47.8650016784668;47.867000579833984;47.867000579833984;16
2024-11-07 10:51:00+01:00;47.87200164794922;47.87200164794922;47.87200164794922;47.87200164794922;47.87200164794922;10
2024-11-07 10:52:00+01:00;47.875;47.87799835205078;47.869998931884766;47.87799835205078;47.87799835205078;307
2024-11-07 10:53:00+01:00;47.86800003051758;47.869998931884766;47.86800003051758;47.869998931884766;47.869998931884766;120
2024-11-07 10:54:00+01:00;47.88100051879883;47.88100051879883;47.875;47.875;47.875;892
2024-11-07 10:55:00+01:00;47.849998474121094;47.8650016784668;47.83399963378906;47.83399963378906;47.83399963378906;32
2024-11-07 10:56:00+01:00;47.87300109863281;47.87300109863281;47.84199905395508;47.84199905395508;47.84199905395508;45
2024-11-07 10:57:00+01:00;47.875;47.875999450683594;47.875;47.875999450683594;47.875999450683594;32
2024-11-07 10:58:00+01:00;47.875999450683594;47.87799835205078;47.875999450683594;47.87799835205078;47.87799835205078;41
2024-11-07 10:59:00+01:00;47.88100051879883;47.88600158691406;47.85200119018555;47.88600158691406;47.88600158691406;103
2024-11-07 11:00:00+01:00;47.8849983215332;47.8849983215332;47.869998931884766;47.88399887084961;47.88399887084961;191
2024-11-07 11:01:00+01:00;47.87699890136719;47.87699890136719;47.87699890136719;47.87699890136719;47.87699890136719;1
2024-11-07 11:02:00+01:00;47.88199996948242;47.88199996948242;47.880001068115234;47.880001068115234;47.880001068115234;1261
2024-11-07 11:03:00+01:00;47.875;47.875999450683594;47.875;47.875999450683594;47.875999450683594;365
2024-11-07 11:04:00+01:00;47.88399887084961;47.88399887084961;47.84600067138672;47.84600067138672;47.84600067138672;192
2024-11-07 11:05:00+01:00;47.849998474121094;47.849998474121094;47.849998474121094;47.849998474121094;47.849998474121094;50
2024-11-07 11:06:00+01:00;47.87799835205078;47.880001068115234;47.87799835205078;47.880001068115234;47.880001068115234;22
2024-11-07 11:07:00+01:00;47.88399887084961;47.88399887084961;47.874000549316406;47.874000549316406;47.874000549316406;160
2024-11-07 11:08:00+01:00;47.87300109863281;47.882999420166016;47.87300109863281;47.882999420166016;47.882999420166016;27
2024-11-07 11:09:00+01:00;47.87200164794922;47.88100051879883;47.87200164794922;47.88100051879883;47.88100051879883;16
2024-11-07 11:10:00+01:00;47.87799835205078;47.882999420166016;47.87799835205078;47.882999420166016;47.882999420166016;204
2024-11-07 11:11:00+01:00;47.88100051879883;47.88100051879883;47.88100051879883;47.88100051879883;47.88100051879883;2
2024-11-07 11:12:00+01:00;47.87699890136719;47.87699890136719;47.874000549316406;47.874000549316406;47.874000549316406;117
2024-11-07 11:13:00+01:00;47.869998931884766;47.869998931884766;47.84700012207031;47.84700012207031;47.84700012207031;729
2024-11-07 11:14:00+01:00;47.86899948120117;47.86899948120117;47.84199905395508;47.84199905395508;47.84199905395508;292
2024-11-07 11:15:00+01:00;47.84000015258789;47.85599899291992;47.84000015258789;47.85599899291992;47.85599899291992;50
2024-11-07 11:16:00+01:00;47.858001708984375;47.858001708984375;47.83599853515625;47.83599853515625;47.83599853515625;25
2024-11-07 11:17:00+01:00;47.83399963378906;47.84700012207031;47.83399963378906;47.84700012207031;47.84700012207031;6
2024-11-07 11:18:00+01:00;47.84299850463867;47.8489990234375;47.84299850463867;47.8489990234375;47.8489990234375;103
2024-11-07 11:19:00+01:00;47.84199905395508;47.84199905395508;47.8390007019043;47.8390007019043;47.8390007019043;71
2024-11-07 11:20:00+01:00;47.834999084472656;47.834999084472656;47.834999084472656;47.834999084472656;47.834999084472656;43
2024-11-07 11:21:00+01:00;47.83399963378906;47.83399963378906;47.79999923706055;47.827999114990234;47.827999114990234;308
2024-11-07 11:22:00+01:00;47.827999114990234;47.82899856567383;47.827999114990234;47.827999114990234;47.827999114990234;44
2024-11-07 11:23:00+01:00;47.827999114990234;47.827999114990234;47.81999969482422;47.82400131225586;47.82400131225586;181
2024-11-07 11:24:00+01:00;47.79999923706055;47.81999969482422;47.790000915527344;47.810001373291016;47.810001373291016;328
2024-11-07 11:25:00+01:00;47.801998138427734;47.801998138427734;47.801998138427734;47.801998138427734;47.801998138427734;70
2024-11-07 11:26:00+01:00;47.805999755859375;47.805999755859375;47.805999755859375;47.805999755859375;47.805999755859375;12
2024-11-07 11:27:00+01:00;47.821998596191406;47.821998596191406;47.821998596191406;47.821998596191406;47.821998596191406;5
2024-11-07 11:28:00+01:00;47.827999114990234;47.827999114990234;47.827999114990234;47.827999114990234;47.827999114990234;123
2024-11-07 11:29:00+01:00;47.83599853515625;47.83599853515625;47.834999084472656;47.834999084472656;47.834999084472656;18
2024-11-07 11:30:00+01:00;47.8380012512207;47.8380012512207;47.82600021362305;47.82600021362305;47.82600021362305;27
2024-11-07 11:31:00+01:00;47.82400131225586;47.83000183105469;47.82400131225586;47.83000183105469;47.83000183105469;157
2024-11-07 11:32:00+01:00;47.81999969482422;47.83000183105469;47.81999969482422;47.83000183105469;47.83000183105469;2114
2024-11-07 11:34:00+01:00;47.84400177001953;47.84600067138672;47.84400177001953;47.84600067138672;47.84600067138672;225
2024-11-07 11:35:00+01:00;47.85200119018555;47.85499954223633;47.85200119018555;47.85499954223633;47.85499954223633;104
2024-11-07 11:36:00+01:00;47.85300064086914;47.85300064086914;47.8489990234375;47.8489990234375;47.8489990234375;112
2024-11-07 11:37:00+01:00;47.84700012207031;47.84700012207031;47.83000183105469;47.84600067138672;47.84600067138672;484
2024-11-07 11:38:00+01:00;47.849998474121094;47.849998474121094;47.84299850463867;47.84299850463867;47.84299850463867;7
2024-11-07 11:39:00+01:00;47.83000183105469;47.85100173950195;47.83000183105469;47.85100173950195;47.85100173950195;704
2024-11-07 11:40:00+01:00;47.86600112915039;47.86600112915039;47.86600112915039;47.86600112915039;47.86600112915039;18
2024-11-07 11:41:00+01:00;47.86399841308594;47.86399841308594;47.86399841308594;47.86399841308594;47.86399841308594;237
2024-11-07 11:42:00+01:00;47.869998931884766;47.869998931884766;47.869998931884766;47.869998931884766;47.869998931884766;40
2024-11-07 11:43:00+01:00;47.86600112915039;47.867000579833984;47.86600112915039;47.867000579833984;47.867000579833984;6
2024-11-07 11:44:00+01:00;47.86800003051758;47.86800003051758;47.86800003051758;47.86800003051758;47.86800003051758;6
2024-11-07 11:45:00+01:00;47.856998443603516;47.86000061035156;47.85599899291992;47.86000061035156;47.86000061035156;228
2024-11-07 11:46:00+01:00;47.86399841308594;47.86800003051758;47.86399841308594;47.86800003051758;47.86800003051758;12
2024-11-07 11:47:00+01:00;47.867000579833984;47.867000579833984;47.867000579833984;47.867000579833984;47.867000579833984;30
2024-11-07 11:48:00+01:00;47.862998962402344;47.869998931884766;47.862998962402344;47.869998931884766;47.869998931884766;23
2024-11-07 11:49:00+01:00;47.87200164794922;47.87200164794922;47.87200164794922;47.87200164794922;47.87200164794922;12
2024-11-07 11:50:00+01:00;47.86800003051758;47.86800003051758;47.86800003051758;47.86800003051758;47.86800003051758;11
2024-11-07 11:51:00+01:00;47.869998931884766;47.869998931884766;47.869998931884766;47.869998931884766;47.869998931884766;112
2024-11-07 11:52:00+01:00;47.8849983215332;47.8849983215332;47.87900161743164;47.87900161743164;47.87900161743164;202
2024-11-07 11:53:00+01:00;47.87699890136719;47.87699890136719;47.87699890136719;47.87699890136719;47.87699890136719;10
2024-11-07 11:54:00+01:00;47.875999450683594;47.875999450683594;47.86600112915039;47.86600112915039;47.86600112915039;412
2024-11-07 11:55:00+01:00;47.86899948120117;47.86899948120117;47.86899948120117;47.86899948120117;47.86899948120117;100
2024-11-07 11:56:00+01:00;47.869998931884766;47.87099838256836;47.869998931884766;47.869998931884766;47.869998931884766;80
2024-11-07 11:57:00+01:00;47.86899948120117;47.86899948120117;47.867000579833984;47.867000579833984;47.867000579833984;131
2024-11-07 11:58:00+01:00;47.867000579833984;47.867000579833984;47.867000579833984;47.867000579833984;47.867000579833984;2
2024-11-07 11:59:00+01:00;47.8650016784668;47.86899948120117;47.8650016784668;47.86899948120117;47.86899948120117;76
2024-11-07 12:00:00+01:00;47.87300109863281;47.87300109863281;47.87099838256836;47.87099838256836;47.87099838256836;67
2024-11-07 12:01:00+01:00;47.86399841308594;47.86399841308594;47.86399841308594;47.86399841308594;47.86399841308594;1
2024-11-07 12:02:00+01:00;47.83399963378906;47.85599899291992;47.83000183105469;47.83000183105469;47.83000183105469;29
2024-11-07 12:03:00+01:00;47.83000183105469;47.83000183105469;47.83000183105469;47.83000183105469;47.83000183105469;2
2024-11-07 12:04:00+01:00;47.83000183105469;47.858001708984375;47.83000183105469;47.858001708984375;47.858001708984375;17
2024-11-07 12:06:00+01:00;47.83100128173828;47.862998962402344;47.83100128173828;47.862998962402344;47.862998962402344;18
2024-11-07 12:07:00+01:00;47.862998962402344;47.862998962402344;47.862998962402344;47.862998962402344;47.862998962402344;208
2024-11-07 12:08:00+01:00;47.86399841308594;47.86399841308594;47.83100128173828;47.83100128173828;47.83100128173828;42
2024-11-07 12:09:00+01:00;47.862998962402344;47.862998962402344;47.86199951171875;47.86199951171875;47.86199951171875;8
2024-11-07 12:10:00+01:00;47.86399841308594;47.86399841308594;47.83000183105469;47.858001708984375;47.858001708984375;184
2024-11-07 12:11:00+01:00;47.83000183105469;47.83000183105469;47.83000183105469;47.83000183105469;47.83000183105469;66
2024-11-07 12:12:00+01:00;47.81700134277344;47.8489990234375;47.81700134277344;47.8489990234375;47.8489990234375;535
2024-11-07 12:13:00+01:00;47.81700134277344;47.84000015258789;47.81700134277344;47.84000015258789;47.84000015258789;62
2024-11-07 12:14:00+01:00;47.8380012512207;47.8380012512207;47.81100082397461;47.83700180053711;47.83700180053711;43
2024-11-07 12:15:00+01:00;47.81100082397461;47.83300018310547;47.810001373291016;47.821998596191406;47.821998596191406;4573
2024-11-07 12:16:00+01:00;47.82699966430664;47.82699966430664;47.82500076293945;47.82500076293945;47.82500076293945;101
2024-11-07 12:17:00+01:00;47.82899856567383;47.83100128173828;47.82899856567383;47.83100128173828;47.83100128173828;171
2024-11-07 12:18:00+01:00;47.83000183105469;47.83000183105469;47.83000183105469;47.83000183105469;47.83000183105469;6
2024-11-07 12:19:00+01:00;47.83000183105469;47.83000183105469;47.83000183105469;47.83000183105469;47.83000183105469;10
2024-11-07 12:20:00+01:00;47.83000183105469;47.83000183105469;47.83000183105469;47.83000183105469;47.83000183105469;723
2024-11-07 12:21:00+01:00;47.83100128173828;47.85100173950195;47.83100128173828;47.85100173950195;47.85100173950195;215
2024-11-07 12:22:00+01:00;47.85200119018555;47.85200119018555;47.85200119018555;47.85200119018555;47.85200119018555;3
2024-11-07 12:23:00+01:00;47.83100128173828;47.8489990234375;47.81800079345703;47.8489990234375;47.8489990234375;481
2024-11-07 12:24:00+01:00;47.845001220703125;47.845001220703125;47.81999969482422;47.81999969482422;47.81999969482422;55
2024-11-07 12:25:00+01:00;47.845001220703125;47.845001220703125;47.845001220703125;47.845001220703125;47.845001220703125;4
2024-11-07 12:26:00+01:00;47.83599853515625;47.83599853515625;47.83599853515625;47.83599853515625;47.83599853515625;10
2024-11-07 12:28:00+01:00;47.79999923706055;47.82600021362305;47.79999923706055;47.79999923706055;47.79999923706055;13
2024-11-07 12:29:00+01:00;47.821998596191406;47.82600021362305;47.790000915527344;47.82600021362305;47.82600021362305;37
2024-11-07 12:30:00+01:00;47.82500076293945;47.82500076293945;47.79999923706055;47.79999923706055;47.79999923706055;75
2024-11-07 12:31:00+01:00;47.790000915527344;47.790000915527344;47.790000915527344;47.790000915527344;47.790000915527344;8
2024-11-07 12:32:00+01:00;47.805999755859375;47.805999755859375;47.80500030517578;47.80500030517578;47.80500030517578;14
2024-11-07 12:33:00+01:00;47.79999923706055;47.80500030517578;47.79999923706055;47.80500030517578;47.80500030517578;282
2024-11-07 12:34:00+01:00;47.80699920654297;47.80699920654297;47.80699920654297;47.80699920654297;47.80699920654297;8
2024-11-07 12:36:00+01:00;47.81100082397461;47.81100082397461;47.81100082397461;47.81100082397461;47.81100082397461;5
2024-11-07 12:37:00+01:00;47.808998107910156;47.808998107910156;47.808998107910156;47.808998107910156;47.808998107910156;1
2024-11-07 12:39:00+01:00;47.81800079345703;47.81800079345703;47.81800079345703;47.81800079345703;47.81800079345703;16
2024-11-07 12:40:00+01:00;47.821998596191406;47.821998596191406;47.78900146484375;47.78900146484375;47.78900146484375;3
2024-11-07 12:43:00+01:00;47.8380012512207;47.8380012512207;47.8380012512207;47.8380012512207;47.8380012512207;1
2024-11-07 12:44:00+01:00;47.83700180053711;47.83700180053711;47.83700180053711;47.83700180053711;47.83700180053711;101
2024-11-07 12:45:00+01:00;47.84600067138672;47.84600067138672;47.84600067138672;47.84600067138672;47.84600067138672;1305
2024-11-07 12:46:00+01:00;47.84600067138672;47.84600067138672;47.84600067138672;47.84600067138672;47.84600067138672;2
2024-11-07 12:47:00+01:00;47.849998474121094;47.849998474121094;47.849998474121094;47.849998474121094;47.849998474121094;10
2024-11-07 12:48:00+01:00;47.84400177001953;47.84400177001953;47.84400177001953;47.84400177001953;47.84400177001953;84
2024-11-07 12:49:00+01:00;47.84400177001953;47.84400177001953;47.84400177001953;47.84400177001953;47.84400177001953;2
2024-11-07 12:50:00+01:00;47.84199905395508;47.84199905395508;47.84199905395508;47.84199905395508;47.84199905395508;2
2024-11-07 12:51:00+01:00;47.80799865722656;47.83700180053711;47.80799865722656;47.83700180053711;47.83700180053711;10
2024-11-07 12:52:00+01:00;47.8390007019043;47.8390007019043;47.81999969482422;47.81999969482422;47.81999969482422;13
2024-11-07 12:53:00+01:00;47.83700180053711;47.85100173950195;47.816001892089844;47.816001892089844;47.816001892089844;30
2024-11-07 12:55:00+01:00;47.8489990234375;47.8489990234375;47.845001220703125;47.84700012207031;47.84700012207031;128
2024-11-07 12:56:00+01:00;47.8489990234375;47.85100173950195;47.8489990234375;47.85100173950195;47.85100173950195;14
2024-11-07 12:57:00+01:00;47.84000015258789;47.8489990234375;47.84000015258789;47.8489990234375;47.8489990234375;63
2024-11-07 12:58:00+01:00;47.81800079345703;47.84700012207031;47.81800079345703;47.84700012207031;47.84700012207031;66
2024-11-07 12:59:00+01:00;47.86199951171875;47.869998931884766;47.86199951171875;47.869998931884766;47.869998931884766;38
2024-11-07 13:00:00+01:00;47.900001525878906;47.900001525878906;47.823001861572266;47.847999572753906;47.847999572753906;58
2024-11-07 13:01:00+01:00;47.82500076293945;47.82500076293945;47.82500076293945;47.82500076293945;47.82500076293945;7
2024-11-07 13:02:00+01:00;47.845001220703125;47.845001220703125;47.82600021362305;47.82600021362305;47.82600021362305;9
2024-11-07 13:03:00+01:00;47.849998474121094;47.849998474121094;47.81999969482422;47.81999969482422;47.81999969482422;111
2024-11-07 13:04:00+01:00;47.85300064086914;47.85300064086914;47.8489990234375;47.8489990234375;47.8489990234375;11
2024-11-07 13:06:00+01:00;47.847999572753906;47.847999572753906;47.847999572753906;47.847999572753906;47.847999572753906;12
2024-11-07 13:07:00+01:00;47.85599899291992;47.85599899291992;47.854000091552734;47.854000091552734;47.854000091552734;5
2024-11-07 13:10:00+01:00;47.84700012207031;47.84700012207031;47.84700012207031;47.84700012207031;47.84700012207031;10
2024-11-07 13:11:00+01:00;47.854000091552734;47.854000091552734;47.854000091552734;47.854000091552734;47.854000091552734;5
2024-11-07 13:12:00+01:00;47.86399841308594;47.86399841308594;47.856998443603516;47.856998443603516;47.856998443603516;67
2024-11-07 13:13:00+01:00;47.86399841308594;47.86399841308594;47.86399841308594;47.86399841308594;47.86399841308594;134
2024-11-07 13:14:00+01:00;47.86399841308594;47.867000579833984;47.86399841308594;47.867000579833984;47.867000579833984;19
2024-11-07 13:15:00+01:00;47.86800003051758;47.86800003051758;47.86800003051758;47.86800003051758;47.86800003051758;39
2024-11-07 13:17:00+01:00;47.85599899291992;47.85599899291992;47.823001861572266;47.85100173950195;47.85100173950195;12
2024-11-07 13:18:00+01:00;47.84600067138672;47.84600067138672;47.84600067138672;47.84600067138672;47.84600067138672;310
2024-11-07 13:21:00+01:00;47.84700012207031;47.84700012207031;47.81700134277344;47.81700134277344;47.81700134277344;12
2024-11-07 13:24:00+01:00;47.84600067138672;47.84600067138672;47.81999969482422;47.81999969482422;47.81999969482422;8
2024-11-07 13:25:00+01:00;47.81700134277344;47.81700134277344;47.81700134277344;47.81700134277344;47.81700134277344;2
2024-11-07 13:26:00+01:00;47.85200119018555;47.85200119018555;47.8489990234375;47.8489990234375;47.8489990234375;120
2024-11-07 13:27:00+01:00;47.8489990234375;47.8489990234375;47.845001220703125;47.845001220703125;47.845001220703125;56
2024-11-07 13:28:00+01:00;47.84299850463867;47.847999572753906;47.84299850463867;47.847999572753906;47.847999572753906;30
2024-11-07 13:29:00+01:00;47.84199905395508;47.84199905395508;47.810001373291016;47.810001373291016;47.810001373291016;16
2024-11-07 13:30:00+01:00;47.83700180053711;47.83700180053711;47.810001373291016;47.810001373291016;47.810001373291016;11
2024-11-07 13:31:00+01:00;47.832000732421875;47.832000732421875;47.79999923706055;47.79999923706055;47.79999923706055;579
2024-11-07 13:32:00+01:00;47.83700180053711;47.83700180053711;47.83700180053711;47.83700180053711;47.83700180053711;137
2024-11-07 13:33:00+01:00;47.8390007019043;47.84000015258789;47.8390007019043;47.84000015258789;47.84000015258789;49
2024-11-07 13:34:00+01:00;47.83599853515625;47.83599853515625;47.83599853515625;47.83599853515625;47.83599853515625;10
2024-11-07 13:36:00+01:00;47.83599853515625;47.83599853515625;47.8129997253418;47.8129997253418;47.8129997253418;55
2024-11-07 13:37:00+01:00;47.8380012512207;47.8380012512207;47.83000183105469;47.8380012512207;47.8380012512207;21
2024-11-07 13:39:00+01:00;47.82500076293945;47.82699966430664;47.82500076293945;47.82699966430664;47.82699966430664;232
2024-11-07 13:40:00+01:00;47.823001861572266;47.823001861572266;47.79999923706055;47.79999923706055;47.79999923706055;75
2024-11-07 13:41:00+01:00;47.827999114990234;47.82899856567383;47.82699966430664;47.82699966430664;47.82699966430664;516
2024-11-07 13:42:00+01:00;47.83000183105469;47.83000183105469;47.79999923706055;47.79999923706055;47.79999923706055;352
2024-11-07 13:43:00+01:00;47.82500076293945;47.82500076293945;47.79999923706055;47.79999923706055;47.79999923706055;1000
2024-11-07 13:45:00+01:00;47.790000915527344;47.80799865722656;47.790000915527344;47.80799865722656;47.80799865722656;111
2024-11-07 13:46:00+01:00;47.81399917602539;47.81700134277344;47.8129997253418;47.8129997253418;47.8129997253418;38
2024-11-07 13:49:00+01:00;47.79499816894531;47.81100082397461;47.79499816894531;47.81100082397461;47.81100082397461;39
2024-11-07 13:50:00+01:00;47.803001403808594;47.803001403808594;47.77000045776367;47.77000045776367;47.77000045776367;41
2024-11-07 13:51:00+01:00;47.790000915527344;47.792999267578125;47.790000915527344;47.792999267578125;47.792999267578125;6
2024-11-07 13:52:00+01:00;47.79800033569336;47.79899978637695;47.79800033569336;47.79899978637695;47.79899978637695;435
2024-11-07 13:53:00+01:00;47.801998138427734;47.801998138427734;47.792999267578125;47.792999267578125;47.792999267578125;55
2024-11-07 13:54:00+01:00;47.79899978637695;47.79899978637695;47.79899978637695;47.79899978637695;47.79899978637695;16
2024-11-07 13:55:00+01:00;47.76599884033203;47.78499984741211;47.76599884033203;47.78499984741211;47.78499984741211;11
2024-11-07 13:56:00+01:00;47.790000915527344;47.790000915527344;47.790000915527344;47.790000915527344;47.790000915527344;10
2024-11-07 13:58:00+01:00;47.79899978637695;47.79899978637695;47.79899978637695;47.79899978637695;47.79899978637695;7
2024-11-07 13:59:00+01:00;47.790000915527344;47.790000915527344;47.790000915527344;47.790000915527344;47.790000915527344;3
2024-11-07 14:00:00+01:00;47.79600143432617;47.79600143432617;47.79600143432617;47.79600143432617;47.79600143432617;21
2024-11-07 14:01:00+01:00;47.79899978637695;47.79899978637695;47.79899978637695;47.79899978637695;47.79899978637695;424
2024-11-07 14:02:00+01:00;47.79899978637695;47.79899978637695;47.79899978637695;47.79899978637695;47.79899978637695;10
2024-11-07 14:03:00+01:00;47.79899978637695;47.79899978637695;47.79899978637695;47.79899978637695;47.79899978637695;350
2024-11-07 14:04:00+01:00;47.79899978637695;47.79899978637695;47.79899978637695;47.79899978637695;47.79899978637695;20
2024-11-07 14:05:00+01:00;47.79899978637695;47.79899978637695;47.79899978637695;47.79899978637695;47.79899978637695;110
2024-11-07 14:07:00+01:00;47.79899978637695;47.79899978637695;47.77399826049805;47.77399826049805;47.77399826049805;73
2024-11-07 14:08:00+01:00;47.78499984741211;47.78499984741211;47.75;47.75;47.75;20
2024-11-07 14:09:00+01:00;47.777000427246094;47.777000427246094;47.777000427246094;47.777000427246094;47.777000427246094;17
2024-11-07 14:10:00+01:00;47.784000396728516;47.784000396728516;47.784000396728516;47.784000396728516;47.784000396728516;4
2024-11-07 14:12:00+01:00;47.78200149536133;47.78200149536133;47.78200149536133;47.78200149536133;47.78200149536133;50
2024-11-07 14:13:00+01:00;47.744998931884766;47.77399826049805;47.744998931884766;47.77399826049805;47.77399826049805;152
2024-11-07 14:14:00+01:00;47.74100112915039;47.75;47.72999954223633;47.72999954223633;47.72999954223633;529
2024-11-07 14:15:00+01:00;47.73099899291992;47.73099899291992;47.73099899291992;47.73099899291992;47.73099899291992;3
2024-11-07 14:16:00+01:00;47.76599884033203;47.766998291015625;47.76599884033203;47.766998291015625;47.766998291015625;30
2024-11-07 14:18:00+01:00;47.749000549316406;47.749000549316406;47.749000549316406;47.749000549316406;47.749000549316406;10
2024-11-07 14:19:00+01:00;47.720001220703125;47.74100112915039;47.71099853515625;47.73699951171875;47.73699951171875;40
2024-11-07 14:21:00+01:00;47.75;47.75;47.71900177001953;47.71900177001953;47.71900177001953;13
2024-11-07 14:22:00+01:00;47.76300048828125;47.76300048828125;47.76300048828125;47.76300048828125;47.76300048828125;3
2024-11-07 14:23:00+01:00;47.72200012207031;47.74700164794922;47.72200012207031;47.74700164794922;47.74700164794922;7
2024-11-07 14:24:00+01:00;47.75400161743164;47.75400161743164;47.72700119018555;47.75;47.75;139
2024-11-07 14:25:00+01:00;47.74599838256836;47.74599838256836;47.74599838256836;47.74599838256836;47.74599838256836;22
2024-11-07 14:27:00+01:00;47.75299835205078;47.75699996948242;47.75299835205078;47.75699996948242;47.75699996948242;72
2024-11-07 14:28:00+01:00;47.762001037597656;47.762001037597656;47.762001037597656;47.762001037597656;47.762001037597656;40
2024-11-07 14:29:00+01:00;47.757999420166016;47.775001525878906;47.757999420166016;47.775001525878906;47.775001525878906;9
2024-11-07 14:30:00+01:00;47.75699996948242;47.75699996948242;47.74800109863281;47.74800109863281;47.74800109863281;452
2024-11-07 14:31:00+01:00;47.7400016784668;47.7400016784668;47.71200180053711;47.71200180053711;47.71200180053711;48
2024-11-07 14:32:00+01:00;47.744998931884766;47.744998931884766;47.72999954223633;47.72999954223633;47.72999954223633;14
2024-11-07 14:34:00+01:00;47.73400115966797;47.73400115966797;47.702999114990234;47.702999114990234;47.702999114990234;70
2024-11-07 14:35:00+01:00;47.73400115966797;47.73400115966797;47.73400115966797;47.73400115966797;47.73400115966797;3
2024-11-07 14:36:00+01:00;47.742000579833984;47.742000579833984;47.742000579833984;47.742000579833984;47.742000579833984;2
2024-11-07 14:37:00+01:00;47.72600173950195;47.72600173950195;47.6879997253418;47.72100067138672;47.72100067138672;357
2024-11-07 14:38:00+01:00;47.7239990234375;47.7239990234375;47.7239990234375;47.7239990234375;47.7239990234375;2
2024-11-07 14:39:00+01:00;47.72999954223633;47.72999954223633;47.72999954223633;47.72999954223633;47.72999954223633;169
2024-11-07 14:40:00+01:00;47.742000579833984;47.74399948120117;47.73699951171875;47.73699951171875;47.73699951171875;2326
2024-11-07 14:41:00+01:00;47.731998443603516;47.731998443603516;47.72700119018555;47.72700119018555;47.72700119018555;118
2024-11-07 14:42:00+01:00;47.70000076293945;47.73099899291992;47.70000076293945;47.73099899291992;47.73099899291992;760
2024-11-07 14:45:00+01:00;47.7400016784668;47.7400016784668;47.7400016784668;47.7400016784668;47.7400016784668;5
2024-11-07 14:46:00+01:00;47.709999084472656;47.74300003051758;47.709999084472656;47.74300003051758;47.74300003051758;13
2024-11-07 14:47:00+01:00;47.75;47.75;47.749000549316406;47.749000549316406;47.749000549316406;8
2024-11-07 14:48:00+01:00;47.742000579833984;47.742000579833984;47.709999084472656;47.709999084472656;47.709999084472656;5
2024-11-07 14:50:00+01:00;47.709999084472656;47.73699951171875;47.70100021362305;47.73699951171875;47.73699951171875;385
2024-11-07 14:52:00+01:00;47.72800064086914;47.72800064086914;47.70000076293945;47.70000076293945;47.70000076293945;10
2024-11-07 14:53:00+01:00;47.731998443603516;47.731998443603516;47.731998443603516;47.731998443603516;47.731998443603516;75
2024-11-07 14:54:00+01:00;47.731998443603516;47.731998443603516;47.7239990234375;47.72800064086914;47.72800064086914;10
2024-11-07 14:55:00+01:00;47.72200012207031;47.72200012207031;47.715999603271484;47.715999603271484;47.715999603271484;12
2024-11-07 14:57:00+01:00;47.729000091552734;47.73099899291992;47.729000091552734;47.73099899291992;47.73099899291992;25
2024-11-07 14:58:00+01:00;47.69499969482422;47.72600173950195;47.6879997253418;47.7140007019043;47.7140007019043;120
2024-11-07 14:59:00+01:00;47.722999572753906;47.722999572753906;47.722999572753906;47.722999572753906;47.722999572753906;45
2024-11-07 15:00:00+01:00;47.71900177001953;47.71900177001953;47.71900177001953;47.71900177001953;47.71900177001953;10
2024-11-07 15:01:00+01:00;47.6879997253418;47.6879997253418;47.6879997253418;47.6879997253418;47.6879997253418;5
2024-11-07 15:02:00+01:00;47.733001708984375;47.73500061035156;47.72999954223633;47.73500061035156;47.73500061035156;208
2024-11-07 15:03:00+01:00;47.73899841308594;47.73899841308594;47.73899841308594;47.73899841308594;47.73899841308594;1
2024-11-07 15:04:00+01:00;47.70000076293945;47.70000076293945;47.70000076293945;47.70000076293945;47.70000076293945;10
2024-11-07 15:05:00+01:00;47.75;47.75;47.75;47.75;47.75;10
2024-11-07 15:06:00+01:00;47.75;47.75;47.75;47.75;47.75;4
2024-11-07 15:08:00+01:00;47.737998962402344;47.737998962402344;47.737998962402344;47.737998962402344;47.737998962402344;2
2024-11-07 15:09:00+01:00;47.779998779296875;47.78200149536133;47.75299835205078;47.78200149536133;47.78200149536133;195
2024-11-07 15:11:00+01:00;47.7760009765625;47.777000427246094;47.7760009765625;47.777000427246094;47.777000427246094;259
2024-11-07 15:12:00+01:00;47.779998779296875;47.779998779296875;47.75;47.75;47.75;103
2024-11-07 15:13:00+01:00;47.78099822998047;47.78099822998047;47.78099822998047;47.78099822998047;47.78099822998047;41
2024-11-07 15:15:00+01:00;47.790000915527344;47.790000915527344;47.790000915527344;47.790000915527344;47.790000915527344;11
2024-11-07 15:17:00+01:00;47.779998779296875;47.78499984741211;47.779998779296875;47.78499984741211;47.78499984741211;204
2024-11-07 15:18:00+01:00;47.78499984741211;47.78499984741211;47.78499984741211;47.78499984741211;47.78499984741211;2
2024-11-07 15:19:00+01:00;47.78799819946289;47.78799819946289;47.78300094604492;47.78300094604492;47.78300094604492;124
2024-11-07 15:20:00+01:00;47.75;47.78099822998047;47.74800109863281;47.78099822998047;47.78099822998047;46
2024-11-07 15:21:00+01:00;47.77000045776367;47.77000045776367;47.75;47.77000045776367;47.77000045776367;129
2024-11-07 15:25:00+01:00;47.742000579833984;47.742000579833984;47.742000579833984;47.742000579833984;47.742000579833984;7
2024-11-07 15:26:00+01:00;47.71099853515625;47.7400016784668;47.71099853515625;47.7400016784668;47.7400016784668;255
2024-11-07 15:27:00+01:00;47.737998962402344;47.737998962402344;47.73500061035156;47.73500061035156;47.73500061035156;22
2024-11-07 15:29:00+01:00;47.737998962402344;47.75400161743164;47.737998962402344;47.75400161743164;47.75400161743164;1486
2024-11-07 15:30:00+01:00;47.757999420166016;47.757999420166016;47.731998443603516;47.750999450683594;47.750999450683594;433
2024-11-07 15:31:00+01:00;47.755001068115234;47.77199935913086;47.755001068115234;47.77199935913086;47.77199935913086;1526
2024-11-07 15:33:00+01:00;47.74599838256836;47.78099822998047;47.74599838256836;47.78099822998047;47.78099822998047;711
2024-11-07 15:34:00+01:00;47.75299835205078;47.75299835205078;47.742000579833984;47.742000579833984;47.742000579833984;2298
2024-11-07 15:35:00+01:00;47.75600051879883;47.75600051879883;47.75600051879883;47.75600051879883;47.75600051879883;16
2024-11-07 15:36:00+01:00;47.75;47.75;47.75;47.75;47.75;81
2024-11-07 15:38:00+01:00;47.76100158691406;47.76100158691406;47.72999954223633;47.757999420166016;47.757999420166016;42
2024-11-07 15:39:00+01:00;47.74700164794922;47.74700164794922;47.74700164794922;47.74700164794922;47.74700164794922;7
2024-11-07 15:41:00+01:00;47.70199966430664;47.72100067138672;47.70000076293945;47.72100067138672;47.72100067138672;56
2024-11-07 15:42:00+01:00;47.70000076293945;47.729000091552734;47.70000076293945;47.729000091552734;47.729000091552734;90
2024-11-07 15:43:00+01:00;47.66600036621094;47.69599914550781;47.66600036621094;47.69599914550781;47.69599914550781;13
2024-11-07 15:44:00+01:00;47.66600036621094;47.66600036621094;47.650001525878906;47.650001525878906;47.650001525878906;307
2024-11-07 15:45:00+01:00;47.650001525878906;47.650001525878906;47.64500045776367;47.64500045776367;47.64500045776367;210
2024-11-07 15:46:00+01:00;47.6870002746582;47.6870002746582;47.6870002746582;47.6870002746582;47.6870002746582;3
2024-11-07 15:47:00+01:00;47.67499923706055;47.67499923706055;47.6609992980957;47.6609992980957;47.6609992980957;73
2024-11-07 15:48:00+01:00;47.67599868774414;47.676998138427734;47.65800094604492;47.676998138427734;47.676998138427734;251
2024-11-07 15:49:00+01:00;47.68299865722656;47.683998107910156;47.67100143432617;47.683998107910156;47.683998107910156;299
2024-11-07 15:50:00+01:00;47.69499969482422;47.69499969482422;47.69499969482422;47.69499969482422;47.69499969482422;3
2024-11-07 15:51:00+01:00;47.69499969482422;47.69499969482422;47.69499969482422;47.69499969482422;47.69499969482422;34
2024-11-07 15:53:00+01:00;47.709999084472656;47.71500015258789;47.709999084472656;47.71500015258789;47.71500015258789;32
2024-11-07 15:54:00+01:00;47.689998626708984;47.689998626708984;47.67300033569336;47.67599868774414;47.67599868774414;838
2024-11-07 15:55:00+01:00;47.70100021362305;47.70199966430664;47.68299865722656;47.70199966430664;47.70199966430664;1059
2024-11-07 15:56:00+01:00;47.72700119018555;47.72700119018555;47.7130012512207;47.7140007019043;47.7140007019043;8
2024-11-07 15:58:00+01:00;47.73400115966797;47.74300003051758;47.73400115966797;47.74300003051758;47.74300003051758;103
2024-11-07 15:59:00+01:00;47.7599983215332;47.7599983215332;47.74300003051758;47.74300003051758;47.74300003051758;222
2024-11-07 16:00:00+01:00;47.75;47.75;47.73400115966797;47.73400115966797;47.73400115966797;284
2024-11-07 16:01:00+01:00;47.74800109863281;47.74800109863281;47.74800109863281;47.74800109863281;47.74800109863281;21
2024-11-07 16:02:00+01:00;47.74800109863281;47.74800109863281;47.74800109863281;47.74800109863281;47.74800109863281;77
2024-11-07 16:03:00+01:00;47.74800109863281;47.74800109863281;47.74800109863281;47.74800109863281;47.74800109863281;65
2024-11-07 16:04:00+01:00;47.73400115966797;47.74800109863281;47.73400115966797;47.74800109863281;47.74800109863281;17
2024-11-07 16:05:00+01:00;47.74800109863281;47.766998291015625;47.74800109863281;47.766998291015625;47.766998291015625;2210
2024-11-07 16:06:00+01:00;47.74599838256836;47.74599838256836;47.74599838256836;47.74599838256836;47.74599838256836;124
2024-11-07 16:07:00+01:00;47.749000549316406;47.762001037597656;47.749000549316406;47.762001037597656;47.762001037597656;146
2024-11-07 16:08:00+01:00;47.73400115966797;47.73400115966797;47.71500015258789;47.72100067138672;47.72100067138672;599
2024-11-07 16:09:00+01:00;47.72100067138672;47.72100067138672;47.72100067138672;47.72100067138672;47.72100067138672;230
2024-11-07 16:10:00+01:00;47.72200012207031;47.74300003051758;47.71500015258789;47.71500015258789;47.71500015258789;32
2024-11-07 16:11:00+01:00;47.72999954223633;47.736000061035156;47.72999954223633;47.736000061035156;47.736000061035156;45
2024-11-07 16:16:00+01:00;47.70000076293945;47.70000076293945;47.70000076293945;47.70000076293945;47.70000076293945;20
2024-11-07 16:17:00+01:00;47.680999755859375;47.70000076293945;47.680999755859375;47.70000076293945;47.70000076293945;21
2024-11-07 16:19:00+01:00;47.737998962402344;47.737998962402344;47.737998962402344;47.737998962402344;47.737998962402344;4
2024-11-07 16:20:00+01:00;47.737998962402344;47.737998962402344;47.737998962402344;47.737998962402344;47.737998962402344;22
2024-11-07 16:21:00+01:00;47.724998474121094;47.724998474121094;47.724998474121094;47.724998474121094;47.724998474121094;33
2024-11-07 16:22:00+01:00;47.71799850463867;47.71799850463867;47.71799850463867;47.71799850463867;47.71799850463867;100
2024-11-07 16:24:00+01:00;47.71799850463867;47.71799850463867;47.71799850463867;47.71799850463867;47.71799850463867;50
2024-11-07 16:25:00+01:00;47.71900177001953;47.73099899291992;47.71900177001953;47.73099899291992;47.73099899291992;65
2024-11-07 16:27:00+01:00;47.731998443603516;47.731998443603516;47.731998443603516;47.731998443603516;47.731998443603516;7
2024-11-07 16:28:00+01:00;47.731998443603516;47.731998443603516;47.731998443603516;47.731998443603516;47.731998443603516;45
2024-11-07 16:29:00+01:00;47.731998443603516;47.731998443603516;47.731998443603516;47.731998443603516;47.731998443603516;206
2024-11-07 16:30:00+01:00;47.71900177001953;47.71900177001953;47.71900177001953;47.71900177001953;47.71900177001953;110
2024-11-07 16:31:00+01:00;47.69900131225586;47.72800064086914;47.69900131225586;47.72800064086914;47.72800064086914;9
2024-11-07 16:32:00+01:00;47.696998596191406;47.71200180053711;47.696998596191406;47.71200180053711;47.71200180053711;15
2024-11-07 16:33:00+01:00;47.715999603271484;47.715999603271484;47.715999603271484;47.715999603271484;47.715999603271484;1
2024-11-07 16:36:00+01:00;47.73500061035156;47.73500061035156;47.73500061035156;47.73500061035156;47.73500061035156;10
2024-11-07 16:37:00+01:00;47.72200012207031;47.75699996948242;47.72200012207031;47.75699996948242;47.75699996948242;218
2024-11-07 16:38:00+01:00;47.75699996948242;47.75699996948242;47.75400161743164;47.75400161743164;47.75400161743164;107
2024-11-07 16:40:00+01:00;47.757999420166016;47.757999420166016;47.757999420166016;47.757999420166016;47.757999420166016;20
2024-11-07 16:41:00+01:00;47.77199935913086;47.77199935913086;47.77199935913086;47.77199935913086;47.77199935913086;17
2024-11-07 16:43:00+01:00;47.75199890136719;47.75199890136719;47.75199890136719;47.75199890136719;47.75199890136719;2
2024-11-07 16:44:00+01:00;47.777000427246094;47.7869987487793;47.777000427246094;47.7869987487793;47.7869987487793;60
2024-11-07 16:45:00+01:00;47.78799819946289;47.78799819946289;47.78799819946289;47.78799819946289;47.78799819946289;5
2024-11-07 16:46:00+01:00;47.79999923706055;47.79999923706055;47.79999923706055;47.79999923706055;47.79999923706055;3
2024-11-07 16:47:00+01:00;47.79999923706055;47.80799865722656;47.79999923706055;47.80799865722656;47.80799865722656;26
2024-11-07 16:49:00+01:00;47.82099914550781;47.82099914550781;47.82099914550781;47.82099914550781;47.82099914550781;3
2024-11-07 16:50:00+01:00;47.821998596191406;47.83100128173828;47.821998596191406;47.821998596191406;47.821998596191406;108
2024-11-07 16:51:00+01:00;47.821998596191406;47.821998596191406;47.79999923706055;47.79999923706055;47.79999923706055;22
2024-11-07 16:52:00+01:00;47.80400085449219;47.80500030517578;47.80400085449219;47.80500030517578;47.80500030517578;2110
2024-11-07 16:53:00+01:00;47.79100036621094;47.79100036621094;47.79100036621094;47.79100036621094;47.79100036621094;28
2024-11-07 16:54:00+01:00;47.803001403808594;47.803001403808594;47.79600143432617;47.79600143432617;47.79600143432617;30
2024-11-07 16:55:00+01:00;47.78200149536133;47.792999267578125;47.78200149536133;47.792999267578125;47.792999267578125;8
2024-11-07 16:56:00+01:00;47.81100082397461;47.81100082397461;47.81100082397461;47.81100082397461;47.81100082397461;20
2024-11-07 16:58:00+01:00;47.81700134277344;47.81700134277344;47.79999923706055;47.79999923706055;47.79999923706055;237
2024-11-07 16:59:00+01:00;47.808998107910156;47.808998107910156;47.808998107910156;47.808998107910156;47.808998107910156;25
2024-11-07 17:00:00+01:00;47.81999969482422;47.81999969482422;47.81999969482422;47.81999969482422;47.81999969482422;103
2024-11-07 17:01:00+01:00;47.8120002746582;47.8129997253418;47.8120002746582;47.8129997253418;47.8129997253418;11
2024-11-07 17:03:00+01:00;47.808998107910156;47.810001373291016;47.79399871826172;47.79399871826172;47.79399871826172;3475
2024-11-07 17:05:00+01:00;47.82099914550781;47.82099914550781;47.8120002746582;47.8120002746582;47.8120002746582;17
2024-11-07 17:06:00+01:00;47.80799865722656;47.8120002746582;47.79499816894531;47.8120002746582;47.8120002746582;11
2024-11-07 17:08:00+01:00;47.83000183105469;47.83000183105469;47.83000183105469;47.83000183105469;47.83000183105469;21
2024-11-07 17:09:00+01:00;47.83000183105469;47.83000183105469;47.827999114990234;47.827999114990234;47.827999114990234;12
2024-11-07 17:10:00+01:00;47.81700134277344;47.81700134277344;47.77899932861328;47.77899932861328;47.77899932861328;355
2024-11-07 17:11:00+01:00;47.832000732421875;47.832000732421875;47.832000732421875;47.832000732421875;47.832000732421875;2
2024-11-07 17:12:00+01:00;47.84600067138672;47.84600067138672;47.8129997253418;47.8129997253418;47.8129997253418;128
2024-11-07 17:13:00+01:00;47.84600067138672;47.84600067138672;47.84600067138672;47.84600067138672;47.84600067138672;20
2024-11-07 17:14:00+01:00;47.84700012207031;47.84700012207031;47.84700012207031;47.84700012207031;47.84700012207031;55
2024-11-07 17:15:00+01:00;47.845001220703125;47.85599899291992;47.845001220703125;47.85599899291992;47.85599899291992;12
2024-11-07 17:16:00+01:00;47.85599899291992;47.85599899291992;47.85599899291992;47.85599899291992;47.85599899291992;12
2024-11-07 17:17:00+01:00;47.86199951171875;47.8650016784668;47.85900115966797;47.85900115966797;47.85900115966797;503
2024-11-07 17:18:00+01:00;47.862998962402344;47.862998962402344;47.862998962402344;47.862998962402344;47.862998962402344;17
2024-11-07 17:19:00+01:00;47.89400100708008;47.900001525878906;47.87300109863281;47.891998291015625;47.891998291015625;43
2024-11-07 17:20:00+01:00;47.89099884033203;47.89099884033203;47.89099884033203;47.89099884033203;47.89099884033203;12
2024-11-07 17:21:00+01:00;47.88999938964844;47.89699935913086;47.88999938964844;47.89699935913086;47.89699935913086;1240
2024-11-07 17:22:00+01:00;47.89099884033203;47.89099884033203;47.887001037597656;47.887001037597656;47.887001037597656;12
2024-11-07 17:23:00+01:00;47.887001037597656;47.89699935913086;47.887001037597656;47.89699935913086;47.89699935913086;562
2024-11-07 17:24:00+01:00;47.900001525878906;47.900001525878906;47.900001525878906;47.900001525878906;47.900001525878906;51
2024-11-07 17:25:00+01:00;47.9119987487793;47.9119987487793;47.90999984741211;47.9119987487793;47.9119987487793;90
2024-11-07 17:26:00+01:00;47.9119987487793;47.9119987487793;47.87900161743164;47.9119987487793;47.9119987487793;231
2024-11-07 17:27:00+01:00;47.9119987487793;47.9119987487793;47.9119987487793;47.9119987487793;47.9119987487793;10
