Datetime;Open;High;Low;Close;Adj Close;Volume
2024-12-05 09:04:00+01:00;50.02299880981445;50.034000396728516;50.013999938964844;50.02399826049805;50.02399826049805;0
2024-12-05 09:05:00+01:00;50.06399917602539;50.06399917602539;50.02899932861328;50.02899932861328;50.02899932861328;58
2024-12-05 09:06:00+01:00;50.02899932861328;50.06999969482422;50.02899932861328;50.034000396728516;50.034000396728516;8313
2024-12-05 09:07:00+01:00;50.04600143432617;50.047000885009766;50.03099822998047;50.03099822998047;50.03099822998047;167
2024-12-05 09:08:00+01:00;50.04399871826172;50.04399871826172;50.029998779296875;50.040000915527344;50.040000915527344;32
2024-12-05 09:09:00+01:00;50.040000915527344;50.040000915527344;50.012001037597656;50.027000427246094;50.027000427246094;2104
2024-12-05 09:10:00+01:00;50.01499938964844;50.0620002746582;50.01499938964844;50.04499816894531;50.04499816894531;279
2024-12-05 09:11:00+01:00;50.042999267578125;50.04800033569336;50.042999267578125;50.04800033569336;50.04800033569336;10
2024-12-05 09:12:00+01:00;50.06100082397461;50.06100082397461;50.05400085449219;50.05699920654297;50.05699920654297;116
2024-12-05 09:13:00+01:00;50.04999923706055;50.05799865722656;50.04999923706055;50.05799865722656;50.05799865722656;36
2024-12-05 09:14:00+01:00;50.05400085449219;50.05400085449219;50.04999923706055;50.04999923706055;50.04999923706055;25
2024-12-05 09:15:00+01:00;50.051998138427734;50.051998138427734;50.04999923706055;50.04999923706055;50.04999923706055;10
2024-12-05 09:16:00+01:00;50.053001403808594;50.0629997253418;50.053001403808594;50.058998107910156;50.058998107910156;927
2024-12-05 09:17:00+01:00;50.05699920654297;50.05699920654297;50.04800033569336;50.04800033569336;50.04800033569336;169
2024-12-05 09:19:00+01:00;50.04800033569336;50.05699920654297;50.04800033569336;50.05699920654297;50.05699920654297;14546
2024-12-05 09:20:00+01:00;50.05799865722656;50.05799865722656;50.05500030517578;50.05500030517578;50.05500030517578;26
2024-12-05 09:21:00+01:00;50.05500030517578;50.066001892089844;50.05500030517578;50.066001892089844;50.066001892089844;14
2024-12-05 09:22:00+01:00;50.0629997253418;50.0629997253418;50.05799865722656;50.05799865722656;50.05799865722656;50
2024-12-05 09:23:00+01:00;50.055999755859375;50.055999755859375;50.03900146484375;50.04800033569336;50.04800033569336;86
2024-12-05 09:24:00+01:00;50.04899978637695;50.04899978637695;50.03499984741211;50.03499984741211;50.03499984741211;41
2024-12-05 09:25:00+01:00;50.04399871826172;50.04399871826172;50.040000915527344;50.040000915527344;50.040000915527344;35
2024-12-05 09:26:00+01:00;50.0359992980957;50.0359992980957;50.0359992980957;50.0359992980957;50.0359992980957;75
2024-12-05 09:27:00+01:00;50.034000396728516;50.04199981689453;50.03300094604492;50.03900146484375;50.03900146484375;258
2024-12-05 09:28:00+01:00;50.0369987487793;50.042999267578125;50.0369987487793;50.042999267578125;50.042999267578125;173
2024-12-05 09:29:00+01:00;50.042999267578125;50.042999267578125;50.04199981689453;50.04199981689453;50.04199981689453;5
2024-12-05 09:30:00+01:00;50.04199981689453;50.04499816894531;50.04199981689453;50.04499816894531;50.04499816894531;15
2024-12-05 09:31:00+01:00;50.04999923706055;50.04999923706055;50.04999923706055;50.04999923706055;50.04999923706055;5
2024-12-05 09:32:00+01:00;50.05400085449219;50.05400085449219;50.051998138427734;50.051998138427734;50.051998138427734;102
2024-12-05 09:33:00+01:00;50.051998138427734;50.0629997253418;50.051998138427734;50.0629997253418;50.0629997253418;11
2024-12-05 09:34:00+01:00;50.07400131225586;50.07400131225586;50.04999923706055;50.05699920654297;50.05699920654297;15
2024-12-05 09:35:00+01:00;50.05699920654297;50.058998107910156;50.05500030517578;50.05500030517578;50.05500030517578;43
2024-12-05 09:36:00+01:00;50.05500030517578;50.058998107910156;50.05099868774414;50.05099868774414;50.05099868774414;45
2024-12-05 09:37:00+01:00;50.04899978637695;50.04899978637695;50.03200149536133;50.04499816894531;50.04499816894531;475
2024-12-05 09:38:00+01:00;50.05500030517578;50.05500030517578;50.05500030517578;50.05500030517578;50.05500030517578;1
2024-12-05 09:39:00+01:00;50.05099868774414;50.055999755859375;50.05099868774414;50.055999755859375;50.055999755859375;36
2024-12-05 09:40:00+01:00;50.04999923706055;50.051998138427734;50.04999923706055;50.051998138427734;50.051998138427734;550
2024-12-05 09:41:00+01:00;50.053001403808594;50.053001403808594;50.04999923706055;50.04999923706055;50.04999923706055;6
2024-12-05 09:42:00+01:00;50.04999923706055;50.058998107910156;50.04999923706055;50.058998107910156;50.058998107910156;28
2024-12-05 09:43:00+01:00;50.071998596191406;50.071998596191406;50.064998626708984;50.064998626708984;50.064998626708984;384
2024-12-05 09:44:00+01:00;50.06800079345703;50.06800079345703;50.06700134277344;50.06700134277344;50.06700134277344;27
2024-12-05 09:45:00+01:00;50.069000244140625;50.069000244140625;50.066001892089844;50.066001892089844;50.066001892089844;33
2024-12-05 09:47:00+01:00;50.06800079345703;50.06800079345703;50.060001373291016;50.0620002746582;50.0620002746582;64
2024-12-05 09:48:00+01:00;50.066001892089844;50.06700134277344;50.066001892089844;50.066001892089844;50.066001892089844;129
2024-12-05 09:49:00+01:00;50.066001892089844;50.066001892089844;50.04999923706055;50.060001373291016;50.060001373291016;1645
2024-12-05 09:50:00+01:00;50.06800079345703;50.06800079345703;50.064998626708984;50.064998626708984;50.064998626708984;112
2024-12-05 09:51:00+01:00;50.058998107910156;50.058998107910156;50.05699920654297;50.05699920654297;50.05699920654297;25
2024-12-05 09:52:00+01:00;50.0629997253418;50.0629997253418;50.0629997253418;50.0629997253418;50.0629997253418;52
2024-12-05 09:53:00+01:00;50.071998596191406;50.071998596191406;50.071998596191406;50.071998596191406;50.071998596191406;79
2024-12-05 09:54:00+01:00;50.090999603271484;50.090999603271484;50.084999084472656;50.084999084472656;50.084999084472656;52
2024-12-05 09:55:00+01:00;50.08300018310547;50.08300018310547;50.064998626708984;50.064998626708984;50.064998626708984;4
2024-12-05 09:56:00+01:00;50.07899856567383;50.07899856567383;50.07500076293945;50.077999114990234;50.077999114990234;51
2024-12-05 09:57:00+01:00;50.07699966430664;50.07699966430664;50.066001892089844;50.07400131225586;50.07400131225586;583
2024-12-05 09:58:00+01:00;50.08700180053711;50.08700180053711;50.08700180053711;50.08700180053711;50.08700180053711;2
2024-12-05 09:59:00+01:00;50.0880012512207;50.0880012512207;50.08700180053711;50.0880012512207;50.0880012512207;23
2024-12-05 10:00:00+01:00;50.09600067138672;50.09600067138672;50.09199905395508;50.09199905395508;50.09199905395508;40
2024-12-05 10:01:00+01:00;50.077999114990234;50.104000091552734;50.077999114990234;50.10100173950195;50.10100173950195;487
2024-12-05 10:02:00+01:00;50.0989990234375;50.0989990234375;50.090999603271484;50.090999603271484;50.090999603271484;14
2024-12-05 10:03:00+01:00;50.0880012512207;50.0880012512207;50.06100082397461;50.073001861572266;50.073001861572266;677
2024-12-05 10:04:00+01:00;50.073001861572266;50.07699966430664;50.073001861572266;50.07699966430664;50.07699966430664;27
2024-12-05 10:05:00+01:00;50.07500076293945;50.07500076293945;50.073001861572266;50.073001861572266;50.073001861572266;10
2024-12-05 10:06:00+01:00;50.06999969482422;50.06999969482422;50.05500030517578;50.0620002746582;50.0620002746582;1083
2024-12-05 10:07:00+01:00;50.064998626708984;50.069000244140625;50.05500030517578;50.069000244140625;50.069000244140625;100
2024-12-05 10:08:00+01:00;50.06999969482422;50.06999969482422;50.0629997253418;50.0629997253418;50.0629997253418;502
2024-12-05 10:09:00+01:00;50.0629997253418;50.0629997253418;50.04999923706055;50.0620002746582;50.0620002746582;1695
2024-12-05 10:10:00+01:00;50.0620002746582;50.0620002746582;50.0620002746582;50.0620002746582;50.0620002746582;30
2024-12-05 10:11:00+01:00;50.07099914550781;50.07600021362305;50.06999969482422;50.07600021362305;50.07600021362305;29
2024-12-05 10:12:00+01:00;50.084999084472656;50.125;50.084999084472656;50.125;50.125;19634
2024-12-05 10:13:00+01:00;50.10200119018555;50.10200119018555;50.09000015258789;50.090999603271484;50.090999603271484;2407
2024-12-05 10:14:00+01:00;50.108001708984375;50.108001708984375;50.10200119018555;50.10200119018555;50.10200119018555;223
2024-12-05 10:15:00+01:00;50.10100173950195;50.10100173950195;50.10100173950195;50.10100173950195;50.10100173950195;6
2024-12-05 10:16:00+01:00;50.108001708984375;50.108001708984375;50.09199905395508;50.09199905395508;50.09199905395508;92
2024-12-05 10:17:00+01:00;50.104000091552734;50.104000091552734;50.0989990234375;50.099998474121094;50.099998474121094;381
2024-12-05 10:18:00+01:00;50.11000061035156;50.11000061035156;50.099998474121094;50.099998474121094;50.099998474121094;192
2024-12-05 10:19:00+01:00;50.104000091552734;50.104000091552734;50.099998474121094;50.099998474121094;50.099998474121094;50
2024-12-05 10:20:00+01:00;50.10100173950195;50.11000061035156;50.10100173950195;50.11000061035156;50.11000061035156;15
2024-12-05 10:21:00+01:00;50.108001708984375;50.10900115966797;50.108001708984375;50.10900115966797;50.10900115966797;117
2024-12-05 10:22:00+01:00;50.106998443603516;50.10900115966797;50.10499954223633;50.10599899291992;50.10599899291992;106
2024-12-05 10:23:00+01:00;50.10599899291992;50.10599899291992;50.095001220703125;50.10499954223633;50.10499954223633;1043
2024-12-05 10:24:00+01:00;50.10599899291992;50.106998443603516;50.099998474121094;50.106998443603516;50.106998443603516;212
2024-12-05 10:25:00+01:00;50.11000061035156;50.125;50.11000061035156;50.125;50.125;4725
2024-12-05 10:26:00+01:00;50.12900161743164;50.130001068115234;50.124000549316406;50.124000549316406;50.124000549316406;609
2024-12-05 10:27:00+01:00;50.124000549316406;50.125;50.124000549316406;50.125;50.125;109
2024-12-05 10:28:00+01:00;50.11000061035156;50.12900161743164;50.11000061035156;50.12900161743164;50.12900161743164;19
2024-12-05 10:29:00+01:00;50.12799835205078;50.14699935913086;50.12799835205078;50.14699935913086;50.14699935913086;66
2024-12-05 10:30:00+01:00;50.16299819946289;50.16299819946289;50.11000061035156;50.11000061035156;50.11000061035156;23
2024-12-05 10:31:00+01:00;50.124000549316406;50.124000549316406;50.124000549316406;50.124000549316406;50.124000549316406;2
2024-12-05 10:32:00+01:00;50.12300109863281;50.12300109863281;50.099998474121094;50.099998474121094;50.099998474121094;179
2024-12-05 10:33:00+01:00;50.10900115966797;50.10900115966797;50.10900115966797;50.10900115966797;50.10900115966797;28
2024-12-05 10:34:00+01:00;50.10900115966797;50.10900115966797;50.0880012512207;50.0880012512207;50.0880012512207;16
2024-12-05 10:35:00+01:00;50.09400177001953;50.09400177001953;50.0890007019043;50.09000015258789;50.09000015258789;146
2024-12-05 10:36:00+01:00;50.090999603271484;50.090999603271484;50.07600021362305;50.08100128173828;50.08100128173828;37
2024-12-05 10:37:00+01:00;50.08100128173828;50.08100128173828;50.060001373291016;50.060001373291016;50.060001373291016;286
2024-12-05 10:38:00+01:00;50.073001861572266;50.073001861572266;50.06999969482422;50.06999969482422;50.06999969482422;7
2024-12-05 10:39:00+01:00;50.05799865722656;50.07699966430664;50.05799865722656;50.07699966430664;50.07699966430664;20
2024-12-05 10:40:00+01:00;50.077999114990234;50.07899856567383;50.077999114990234;50.07899856567383;50.07899856567383;15
2024-12-05 10:41:00+01:00;50.07899856567383;50.07899856567383;50.06700134277344;50.07600021362305;50.07600021362305;15
2024-12-05 10:42:00+01:00;50.07600021362305;50.07600021362305;50.07600021362305;50.07600021362305;50.07600021362305;1
2024-12-05 10:43:00+01:00;50.07400131225586;50.07400131225586;50.07400131225586;50.07400131225586;50.07400131225586;5
2024-12-05 10:44:00+01:00;50.073001861572266;50.07400131225586;50.073001861572266;50.07400131225586;50.07400131225586;28
2024-12-05 10:46:00+01:00;50.07899856567383;50.07899856567383;50.06399917602539;50.07899856567383;50.07899856567383;43
2024-12-05 10:47:00+01:00;50.07899856567383;50.07899856567383;50.07899856567383;50.07899856567383;50.07899856567383;2
2024-12-05 10:48:00+01:00;50.09199905395508;50.095001220703125;50.09199905395508;50.095001220703125;50.095001220703125;22
2024-12-05 10:49:00+01:00;50.095001220703125;50.095001220703125;50.095001220703125;50.095001220703125;50.095001220703125;20
2024-12-05 10:50:00+01:00;50.104000091552734;50.104000091552734;50.0989990234375;50.0989990234375;50.0989990234375;20
2024-12-05 10:52:00+01:00;50.099998474121094;50.099998474121094;50.097999572753906;50.099998474121094;50.099998474121094;75
2024-12-05 10:53:00+01:00;50.106998443603516;50.106998443603516;50.106998443603516;50.106998443603516;50.106998443603516;99
2024-12-05 10:54:00+01:00;50.104000091552734;50.104000091552734;50.099998474121094;50.099998474121094;50.099998474121094;89
2024-12-05 10:55:00+01:00;50.111000061035156;50.111000061035156;50.111000061035156;50.111000061035156;50.111000061035156;6
2024-12-05 10:56:00+01:00;50.10900115966797;50.10900115966797;50.10900115966797;50.10900115966797;50.10900115966797;5
2024-12-05 10:57:00+01:00;50.10599899291992;50.10599899291992;50.08700180053711;50.0989990234375;50.0989990234375;89
2024-12-05 10:58:00+01:00;50.111000061035156;50.111000061035156;50.111000061035156;50.111000061035156;50.111000061035156;27
2024-12-05 10:59:00+01:00;50.099998474121094;50.111000061035156;50.099998474121094;50.111000061035156;50.111000061035156;120
2024-12-05 11:00:00+01:00;50.111000061035156;50.111000061035156;50.111000061035156;50.111000061035156;50.111000061035156;2
2024-12-05 11:01:00+01:00;50.111000061035156;50.111000061035156;50.111000061035156;50.111000061035156;50.111000061035156;92
2024-12-05 11:02:00+01:00;50.111000061035156;50.111000061035156;50.099998474121094;50.099998474121094;50.099998474121094;31
2024-12-05 11:03:00+01:00;50.10599899291992;50.10599899291992;50.10499954223633;50.10599899291992;50.10599899291992;119
2024-12-05 11:04:00+01:00;50.104000091552734;50.104000091552734;50.09600067138672;50.09700012207031;50.09700012207031;130
2024-12-05 11:05:00+01:00;50.09199905395508;50.09199905395508;50.09000015258789;50.09000015258789;50.09000015258789;70
2024-12-05 11:06:00+01:00;50.09199905395508;50.09299850463867;50.08000183105469;50.090999603271484;50.090999603271484;107
2024-12-05 11:07:00+01:00;50.106998443603516;50.106998443603516;50.106998443603516;50.106998443603516;50.106998443603516;40
2024-12-05 11:08:00+01:00;50.104000091552734;50.104000091552734;50.0880012512207;50.0880012512207;50.0880012512207;430
2024-12-05 11:09:00+01:00;50.097999572753906;50.097999572753906;50.090999603271484;50.090999603271484;50.090999603271484;56
2024-12-05 11:10:00+01:00;50.10900115966797;50.10900115966797;50.10900115966797;50.10900115966797;50.10900115966797;4
2024-12-05 11:11:00+01:00;50.08700180053711;50.08700180053711;50.08599853515625;50.08599853515625;50.08599853515625;856
2024-12-05 11:12:00+01:00;50.077999114990234;50.09400177001953;50.077999114990234;50.08599853515625;50.08599853515625;97
2024-12-05 11:13:00+01:00;50.090999603271484;50.090999603271484;50.07500076293945;50.0880012512207;50.0880012512207;191
2024-12-05 11:14:00+01:00;50.097999572753906;50.097999572753906;50.08000183105469;50.08000183105469;50.08000183105469;43
2024-12-05 11:15:00+01:00;50.08100128173828;50.08100128173828;50.08100128173828;50.08100128173828;50.08100128173828;3
2024-12-05 11:16:00+01:00;50.08700180053711;50.08700180053711;50.084999084472656;50.084999084472656;50.084999084472656;105
2024-12-05 11:17:00+01:00;50.09000015258789;50.09000015258789;50.09000015258789;50.09000015258789;50.09000015258789;200
2024-12-05 11:18:00+01:00;50.09700012207031;50.09700012207031;50.095001220703125;50.095001220703125;50.095001220703125;35
2024-12-05 11:19:00+01:00;50.08399963378906;50.08399963378906;50.08399963378906;50.08399963378906;50.08399963378906;80
2024-12-05 11:20:00+01:00;50.097999572753906;50.097999572753906;50.097999572753906;50.097999572753906;50.097999572753906;978
2024-12-05 11:21:00+01:00;50.097999572753906;50.111000061035156;50.097999572753906;50.097999572753906;50.097999572753906;34
2024-12-05 11:22:00+01:00;50.106998443603516;50.108001708984375;50.106998443603516;50.108001708984375;50.108001708984375;35
2024-12-05 11:23:00+01:00;50.10900115966797;50.10900115966797;50.106998443603516;50.106998443603516;50.106998443603516;7
2024-12-05 11:24:00+01:00;50.10100173950195;50.10100173950195;50.10100173950195;50.10100173950195;50.10100173950195;1
2024-12-05 11:25:00+01:00;50.09299850463867;50.09600067138672;50.09299850463867;50.09600067138672;50.09600067138672;19
2024-12-05 11:26:00+01:00;50.084999084472656;50.09700012207031;50.084999084472656;50.09400177001953;50.09400177001953;531
2024-12-05 11:27:00+01:00;50.09700012207031;50.099998474121094;50.0880012512207;50.0880012512207;50.0880012512207;446
2024-12-05 11:28:00+01:00;50.10300064086914;50.10300064086914;50.10300064086914;50.10300064086914;50.10300064086914;3
2024-12-05 11:29:00+01:00;50.104000091552734;50.104000091552734;50.104000091552734;50.104000091552734;50.104000091552734;4
2024-12-05 11:30:00+01:00;50.11000061035156;50.11000061035156;50.0989990234375;50.0989990234375;50.0989990234375;8
2024-12-05 11:31:00+01:00;50.0989990234375;50.10100173950195;50.0989990234375;50.099998474121094;50.099998474121094;248
2024-12-05 11:32:00+01:00;50.09000015258789;50.09000015258789;50.0880012512207;50.0880012512207;50.0880012512207;41
2024-12-05 11:33:00+01:00;50.10599899291992;50.10599899291992;50.10599899291992;50.10599899291992;50.10599899291992;39
2024-12-05 11:34:00+01:00;50.10599899291992;50.10599899291992;50.10300064086914;50.10300064086914;50.10300064086914;104
2024-12-05 11:35:00+01:00;50.09000015258789;50.104000091552734;50.09000015258789;50.10200119018555;50.10200119018555;53
2024-12-05 11:36:00+01:00;50.10499954223633;50.10499954223633;50.10300064086914;50.10300064086914;50.10300064086914;9
2024-12-05 11:37:00+01:00;50.11199951171875;50.11199951171875;50.11199951171875;50.11199951171875;50.11199951171875;2
2024-12-05 11:38:00+01:00;50.11399841308594;50.11399841308594;50.11399841308594;50.11399841308594;50.11399841308594;1
2024-12-05 11:39:00+01:00;50.11399841308594;50.11399841308594;50.10499954223633;50.10499954223633;50.10499954223633;155
2024-12-05 11:40:00+01:00;50.09400177001953;50.108001708984375;50.09400177001953;50.108001708984375;50.108001708984375;148
2024-12-05 11:41:00+01:00;50.10900115966797;50.11199951171875;50.10900115966797;50.11199951171875;50.11199951171875;81
2024-12-05 11:42:00+01:00;50.12699890136719;50.12699890136719;50.11000061035156;50.11000061035156;50.11000061035156;12
2024-12-05 11:43:00+01:00;50.0989990234375;50.11199951171875;50.0989990234375;50.11199951171875;50.11199951171875;107
2024-12-05 11:44:00+01:00;50.099998474121094;50.099998474121094;50.099998474121094;50.099998474121094;50.099998474121094;1
2024-12-05 11:45:00+01:00;50.10100173950195;50.10100173950195;50.090999603271484;50.090999603271484;50.090999603271484;30
2024-12-05 11:46:00+01:00;50.10599899291992;50.10599899291992;50.104000091552734;50.104000091552734;50.104000091552734;502
2024-12-05 11:47:00+01:00;50.10200119018555;50.10200119018555;50.09700012207031;50.09700012207031;50.09700012207031;85
2024-12-05 11:48:00+01:00;50.10300064086914;50.10300064086914;50.10300064086914;50.10300064086914;50.10300064086914;44
2024-12-05 11:49:00+01:00;50.10100173950195;50.10100173950195;50.097999572753906;50.097999572753906;50.097999572753906;12
2024-12-05 11:50:00+01:00;50.0989990234375;50.0989990234375;50.08399963378906;50.095001220703125;50.095001220703125;40
2024-12-05 11:52:00+01:00;50.08300018310547;50.090999603271484;50.08000183105469;50.090999603271484;50.090999603271484;2776
2024-12-05 11:53:00+01:00;50.090999603271484;50.095001220703125;50.090999603271484;50.095001220703125;50.095001220703125;212
2024-12-05 11:54:00+01:00;50.09299850463867;50.09299850463867;50.09299850463867;50.09299850463867;50.09299850463867;100
2024-12-05 11:55:00+01:00;50.09299850463867;50.09700012207031;50.09299850463867;50.09700012207031;50.09700012207031;5
2024-12-05 11:56:00+01:00;50.09700012207031;50.09700012207031;50.08000183105469;50.08000183105469;50.08000183105469;13
2024-12-05 11:57:00+01:00;50.095001220703125;50.095001220703125;50.095001220703125;50.095001220703125;50.095001220703125;40
2024-12-05 11:58:00+01:00;50.07899856567383;50.09199905395508;50.07600021362305;50.09199905395508;50.09199905395508;6
2024-12-05 11:59:00+01:00;50.09199905395508;50.09199905395508;50.08100128173828;50.08100128173828;50.08100128173828;4
2024-12-05 12:00:00+01:00;50.112998962402344;50.112998962402344;50.0989990234375;50.0989990234375;50.0989990234375;20
2024-12-05 12:01:00+01:00;50.0989990234375;50.0989990234375;50.0989990234375;50.0989990234375;50.0989990234375;310
2024-12-05 12:02:00+01:00;50.08000183105469;50.09700012207031;50.077999114990234;50.09700012207031;50.09700012207031;60
2024-12-05 12:04:00+01:00;50.0989990234375;50.0989990234375;50.0989990234375;50.0989990234375;50.0989990234375;5
2024-12-05 12:05:00+01:00;50.0989990234375;50.0989990234375;50.09000015258789;50.09299850463867;50.09299850463867;8
2024-12-05 12:07:00+01:00;50.0989990234375;50.0989990234375;50.0989990234375;50.0989990234375;50.0989990234375;9
2024-12-05 12:08:00+01:00;50.0989990234375;50.099998474121094;50.0989990234375;50.099998474121094;50.099998474121094;3675
2024-12-05 12:09:00+01:00;50.0989990234375;50.0989990234375;50.0989990234375;50.0989990234375;50.0989990234375;248
2024-12-05 12:10:00+01:00;50.099998474121094;50.099998474121094;50.099998474121094;50.099998474121094;50.099998474121094;13
2024-12-05 12:11:00+01:00;50.0989990234375;50.099998474121094;50.09700012207031;50.09700012207031;50.09700012207031;79
2024-12-05 12:12:00+01:00;50.10100173950195;50.11199951171875;50.10100173950195;50.11199951171875;50.11199951171875;90
2024-12-05 12:14:00+01:00;50.11600112915039;50.11600112915039;50.11199951171875;50.11199951171875;50.11199951171875;122
2024-12-05 12:15:00+01:00;50.099998474121094;50.106998443603516;50.099998474121094;50.10599899291992;50.10599899291992;28
2024-12-05 12:16:00+01:00;50.11199951171875;50.11199951171875;50.11000061035156;50.11000061035156;50.11000061035156;17
2024-12-05 12:17:00+01:00;50.11000061035156;50.11399841308594;50.11000061035156;50.11399841308594;50.11399841308594;18
2024-12-05 12:18:00+01:00;50.11199951171875;50.11199951171875;50.11000061035156;50.11000061035156;50.11000061035156;55
2024-12-05 12:19:00+01:00;50.10900115966797;50.10900115966797;50.090999603271484;50.108001708984375;50.108001708984375;30
2024-12-05 12:20:00+01:00;50.106998443603516;50.106998443603516;50.106998443603516;50.106998443603516;50.106998443603516;114
2024-12-05 12:21:00+01:00;50.108001708984375;50.108001708984375;50.108001708984375;50.108001708984375;50.108001708984375;2
2024-12-05 12:22:00+01:00;50.108001708984375;50.108001708984375;50.108001708984375;50.108001708984375;50.108001708984375;18
2024-12-05 12:23:00+01:00;50.11199951171875;50.11199951171875;50.106998443603516;50.106998443603516;50.106998443603516;18
2024-12-05 12:24:00+01:00;50.10499954223633;50.10499954223633;50.10300064086914;50.10300064086914;50.10300064086914;19
2024-12-05 12:25:00+01:00;50.108001708984375;50.108001708984375;50.108001708984375;50.108001708984375;50.108001708984375;20
2024-12-05 12:27:00+01:00;50.09000015258789;50.11199951171875;50.09000015258789;50.108001708984375;50.108001708984375;76
2024-12-05 12:28:00+01:00;50.11000061035156;50.12799835205078;50.11000061035156;50.12799835205078;50.12799835205078;4
2024-12-05 12:29:00+01:00;50.12200164794922;50.12200164794922;50.12200164794922;50.12200164794922;50.12200164794922;2
2024-12-05 12:30:00+01:00;50.11600112915039;50.11600112915039;50.11600112915039;50.11600112915039;50.11600112915039;2
2024-12-05 12:31:00+01:00;50.09000015258789;50.11000061035156;50.09000015258789;50.10100173950195;50.10100173950195;26
2024-12-05 12:32:00+01:00;50.084999084472656;50.097999572753906;50.084999084472656;50.09600067138672;50.09600067138672;17
2024-12-05 12:33:00+01:00;50.09600067138672;50.09600067138672;50.08100128173828;50.08700180053711;50.08700180053711;55
2024-12-05 12:34:00+01:00;50.084999084472656;50.084999084472656;50.08000183105469;50.08000183105469;50.08000183105469;115
2024-12-05 12:35:00+01:00;50.08300018310547;50.08300018310547;50.08300018310547;50.08300018310547;50.08300018310547;20
2024-12-05 12:36:00+01:00;50.08700180053711;50.08700180053711;50.08599853515625;50.08599853515625;50.08599853515625;163
2024-12-05 12:37:00+01:00;50.08599853515625;50.08599853515625;50.08599853515625;50.08599853515625;50.08599853515625;29
2024-12-05 12:38:00+01:00;50.08599853515625;50.08700180053711;50.08599853515625;50.08700180053711;50.08700180053711;113
2024-12-05 12:39:00+01:00;50.08700180053711;50.08700180053711;50.08700180053711;50.08700180053711;50.08700180053711;49
2024-12-05 12:40:00+01:00;50.08700180053711;50.08700180053711;50.08700180053711;50.08700180053711;50.08700180053711;40
2024-12-05 12:41:00+01:00;50.084999084472656;50.08599853515625;50.084999084472656;50.08599853515625;50.08599853515625;88
2024-12-05 12:42:00+01:00;50.064998626708984;50.08100128173828;50.064998626708984;50.08100128173828;50.08100128173828;16
2024-12-05 12:43:00+01:00;50.08000183105469;50.08599853515625;50.08000183105469;50.08599853515625;50.08599853515625;3
2024-12-05 12:44:00+01:00;50.08599853515625;50.08599853515625;50.08599853515625;50.08599853515625;50.08599853515625;1
2024-12-05 12:45:00+01:00;50.08599853515625;50.08599853515625;50.08599853515625;50.08599853515625;50.08599853515625;3
2024-12-05 12:46:00+01:00;50.08599853515625;50.08599853515625;50.08000183105469;50.08399963378906;50.08399963378906;53
2024-12-05 12:47:00+01:00;50.08399963378906;50.08599853515625;50.08399963378906;50.08599853515625;50.08599853515625;20
2024-12-05 12:48:00+01:00;50.08000183105469;50.08300018310547;50.08000183105469;50.08300018310547;50.08300018310547;27
2024-12-05 12:50:00+01:00;50.08599853515625;50.08599853515625;50.06800079345703;50.06800079345703;50.06800079345703;9
2024-12-05 12:51:00+01:00;50.08399963378906;50.08399963378906;50.06800079345703;50.082000732421875;50.082000732421875;30
2024-12-05 12:52:00+01:00;50.0620002746582;50.0620002746582;50.060001373291016;50.060001373291016;50.060001373291016;108
2024-12-05 12:53:00+01:00;50.060001373291016;50.071998596191406;50.060001373291016;50.071998596191406;50.071998596191406;96
2024-12-05 12:54:00+01:00;50.04999923706055;50.04999923706055;50.04999923706055;50.04999923706055;50.04999923706055;29
2024-12-05 12:55:00+01:00;50.06800079345703;50.06800079345703;50.06800079345703;50.06800079345703;50.06800079345703;40
2024-12-05 12:56:00+01:00;50.0620002746582;50.0620002746582;50.0620002746582;50.0620002746582;50.0620002746582;2
2024-12-05 12:57:00+01:00;50.0620002746582;50.0620002746582;50.0620002746582;50.0620002746582;50.0620002746582;10
2024-12-05 12:58:00+01:00;50.058998107910156;50.0620002746582;50.058998107910156;50.0620002746582;50.0620002746582;14
2024-12-05 12:59:00+01:00;50.060001373291016;50.0620002746582;50.060001373291016;50.0620002746582;50.0620002746582;165
2024-12-05 13:00:00+01:00;50.060001373291016;50.06999969482422;50.058998107910156;50.06999969482422;50.06999969482422;804
2024-12-05 13:01:00+01:00;50.071998596191406;50.071998596191406;50.069000244140625;50.069000244140625;50.069000244140625;21
2024-12-05 13:03:00+01:00;50.0620002746582;50.0629997253418;50.060001373291016;50.060001373291016;50.060001373291016;23
2024-12-05 13:04:00+01:00;50.064998626708984;50.064998626708984;50.060001373291016;50.060001373291016;50.060001373291016;36
2024-12-05 13:06:00+01:00;50.055999755859375;50.055999755859375;50.05400085449219;50.05400085449219;50.05400085449219;7
2024-12-05 13:07:00+01:00;50.05699920654297;50.05699920654297;50.05500030517578;50.05500030517578;50.05500030517578;9
2024-12-05 13:09:00+01:00;50.0620002746582;50.0620002746582;50.058998107910156;50.0620002746582;50.0620002746582;62
2024-12-05 13:12:00+01:00;50.08000183105469;50.08000183105469;50.08000183105469;50.08000183105469;50.08000183105469;10
2024-12-05 13:13:00+01:00;50.08100128173828;50.10200119018555;50.08100128173828;50.0989990234375;50.0989990234375;30
2024-12-05 13:14:00+01:00;50.095001220703125;50.0989990234375;50.084999084472656;50.084999084472656;50.084999084472656;72
2024-12-05 13:15:00+01:00;50.097999572753906;50.097999572753906;50.095001220703125;50.095001220703125;50.095001220703125;16
2024-12-05 13:16:00+01:00;50.09600067138672;50.097999572753906;50.09600067138672;50.097999572753906;50.097999572753906;44
2024-12-05 13:17:00+01:00;50.104000091552734;50.104000091552734;50.095001220703125;50.095001220703125;50.095001220703125;14
2024-12-05 13:18:00+01:00;50.11600112915039;50.11600112915039;50.11600112915039;50.11600112915039;50.11600112915039;2
2024-12-05 13:19:00+01:00;50.11399841308594;50.11399841308594;50.10599899291992;50.10599899291992;50.10599899291992;44
2024-12-05 13:20:00+01:00;50.104000091552734;50.106998443603516;50.10200119018555;50.106998443603516;50.106998443603516;57
2024-12-05 13:21:00+01:00;50.106998443603516;50.106998443603516;50.090999603271484;50.10499954223633;50.10499954223633;520
2024-12-05 13:22:00+01:00;50.10499954223633;50.10499954223633;50.099998474121094;50.10499954223633;50.10499954223633;22
2024-12-05 13:23:00+01:00;50.106998443603516;50.106998443603516;50.106998443603516;50.106998443603516;50.106998443603516;297
2024-12-05 13:24:00+01:00;50.10900115966797;50.10900115966797;50.106998443603516;50.106998443603516;50.106998443603516;127
2024-12-05 13:25:00+01:00;50.1349983215332;50.1349983215332;50.1349983215332;50.1349983215332;50.1349983215332;2
2024-12-05 13:26:00+01:00;50.12799835205078;50.12799835205078;50.12799835205078;50.12799835205078;50.12799835205078;4
2024-12-05 13:27:00+01:00;50.12099838256836;50.12099838256836;50.09600067138672;50.0989990234375;50.0989990234375;223
2024-12-05 13:28:00+01:00;50.0989990234375;50.0989990234375;50.08700180053711;50.09600067138672;50.09600067138672;45
2024-12-05 13:29:00+01:00;50.095001220703125;50.09700012207031;50.095001220703125;50.095001220703125;50.095001220703125;17
2024-12-05 13:30:00+01:00;50.08000183105469;50.09400177001953;50.07699966430664;50.09400177001953;50.09400177001953;71
2024-12-05 13:31:00+01:00;50.09700012207031;50.09700012207031;50.09400177001953;50.09400177001953;50.09400177001953;15
2024-12-05 13:32:00+01:00;50.09299850463867;50.09299850463867;50.09299850463867;50.09299850463867;50.09299850463867;2
2024-12-05 13:33:00+01:00;50.08599853515625;50.08599853515625;50.08399963378906;50.08399963378906;50.08399963378906;41
2024-12-05 13:34:00+01:00;50.07500076293945;50.07500076293945;50.07500076293945;50.07500076293945;50.07500076293945;6
2024-12-05 13:35:00+01:00;50.08000183105469;50.08000183105469;50.07899856567383;50.08000183105469;50.08000183105469;52
2024-12-05 13:36:00+01:00;50.06999969482422;50.07400131225586;50.06999969482422;50.073001861572266;50.073001861572266;37
2024-12-05 13:37:00+01:00;50.060001373291016;50.069000244140625;50.060001373291016;50.069000244140625;50.069000244140625;26
2024-12-05 13:38:00+01:00;50.06800079345703;50.06800079345703;50.06800079345703;50.06800079345703;50.06800079345703;9
2024-12-05 13:41:00+01:00;50.06399917602539;50.06399917602539;50.0620002746582;50.0620002746582;50.0620002746582;16
2024-12-05 13:43:00+01:00;50.08300018310547;50.090999603271484;50.08300018310547;50.08700180053711;50.08700180053711;92
2024-12-05 13:44:00+01:00;50.084999084472656;50.084999084472656;50.084999084472656;50.084999084472656;50.084999084472656;2
2024-12-05 13:45:00+01:00;50.082000732421875;50.08399963378906;50.082000732421875;50.08399963378906;50.08399963378906;43
2024-12-05 13:46:00+01:00;50.08599853515625;50.08599853515625;50.08399963378906;50.08399963378906;50.08399963378906;23
2024-12-05 13:47:00+01:00;50.08599853515625;50.08599853515625;50.08100128173828;50.08100128173828;50.08100128173828;39
2024-12-05 13:48:00+01:00;50.08000183105469;50.08000183105469;50.08000183105469;50.08000183105469;50.08000183105469;6
2024-12-05 13:49:00+01:00;50.07899856567383;50.08000183105469;50.06399917602539;50.06399917602539;50.06399917602539;32
2024-12-05 13:50:00+01:00;50.07600021362305;50.08100128173828;50.07500076293945;50.07600021362305;50.07600021362305;32
2024-12-05 13:51:00+01:00;50.10200119018555;50.10200119018555;50.10200119018555;50.10200119018555;50.10200119018555;2
2024-12-05 13:52:00+01:00;50.09700012207031;50.09700012207031;50.09400177001953;50.09400177001953;50.09400177001953;11
2024-12-05 13:53:00+01:00;50.10499954223633;50.10599899291992;50.10300064086914;50.104000091552734;50.104000091552734;174
2024-12-05 13:54:00+01:00;50.09400177001953;50.09400177001953;50.09400177001953;50.09400177001953;50.09400177001953;2
2024-12-05 13:55:00+01:00;50.106998443603516;50.12300109863281;50.106998443603516;50.12099838256836;50.12099838256836;226
2024-12-05 13:57:00+01:00;50.108001708984375;50.108001708984375;50.108001708984375;50.108001708984375;50.108001708984375;18
2024-12-05 13:58:00+01:00;50.09299850463867;50.09299850463867;50.09299850463867;50.09299850463867;50.09299850463867;2
2024-12-05 13:59:00+01:00;50.090999603271484;50.090999603271484;50.082000732421875;50.084999084472656;50.084999084472656;317
2024-12-05 14:00:00+01:00;50.060001373291016;50.07600021362305;50.060001373291016;50.07600021362305;50.07600021362305;733
2024-12-05 14:01:00+01:00;50.090999603271484;50.090999603271484;50.090999603271484;50.090999603271484;50.090999603271484;2
2024-12-05 14:02:00+01:00;50.07899856567383;50.07899856567383;50.07899856567383;50.07899856567383;50.07899856567383;4
2024-12-05 14:03:00+01:00;50.04999923706055;50.04999923706055;50.034000396728516;50.034000396728516;50.034000396728516;133
2024-12-05 14:04:00+01:00;50.04899978637695;50.04899978637695;50.04899978637695;50.04899978637695;50.04899978637695;1
2024-12-05 14:05:00+01:00;50.04999923706055;50.05699920654297;50.04999923706055;50.05699920654297;50.05699920654297;78
2024-12-05 14:06:00+01:00;50.04899978637695;50.04899978637695;50.04899978637695;50.04899978637695;50.04899978637695;129
2024-12-05 14:07:00+01:00;50.04899978637695;50.04899978637695;50.04499816894531;50.04499816894531;50.04499816894531;28
2024-12-05 14:08:00+01:00;50.029998779296875;50.040000915527344;50.029998779296875;50.040000915527344;50.040000915527344;131
2024-12-05 14:09:00+01:00;50.04100036621094;50.04100036621094;50.04100036621094;50.04100036621094;50.04100036621094;1018
2024-12-05 14:10:00+01:00;50.04600143432617;50.047000885009766;50.04600143432617;50.047000885009766;50.047000885009766;19
2024-12-05 14:11:00+01:00;50.04100036621094;50.04100036621094;50.04100036621094;50.04100036621094;50.04100036621094;6
2024-12-05 14:13:00+01:00;50.04100036621094;50.04100036621094;50.01900100708008;50.02899932861328;50.02899932861328;152
2024-12-05 14:14:00+01:00;50.02000045776367;50.02199935913086;50.02000045776367;50.02199935913086;50.02199935913086;15
2024-12-05 14:15:00+01:00;50.0099983215332;50.0099983215332;50.0099983215332;50.0099983215332;50.0099983215332;16
2024-12-05 14:16:00+01:00;50.00199890136719;50.01499938964844;50.0;50.01499938964844;50.01499938964844;1815
2024-12-05 14:17:00+01:00;49.992000579833984;50.005001068115234;49.98699951171875;50.005001068115234;50.005001068115234;25
2024-12-05 14:18:00+01:00;50.005001068115234;50.005001068115234;50.005001068115234;50.005001068115234;50.005001068115234;160
2024-12-05 14:19:00+01:00;50.01900100708008;50.01900100708008;50.01900100708008;50.01900100708008;50.01900100708008;20
2024-12-05 14:20:00+01:00;50.0;50.0;50.0;50.0;50.0;44
2024-12-05 14:21:00+01:00;50.00600051879883;50.00600051879883;50.000999450683594;50.000999450683594;50.000999450683594;402
2024-12-05 14:22:00+01:00;50.00299835205078;50.00299835205078;50.0;50.0;50.0;1057
2024-12-05 14:23:00+01:00;50.0099983215332;50.0099983215332;50.0099983215332;50.0099983215332;50.0099983215332;68
2024-12-05 14:24:00+01:00;50.00299835205078;50.00299835205078;50.00299835205078;50.00299835205078;50.00299835205078;4
2024-12-05 14:25:00+01:00;50.018001556396484;50.018001556396484;50.013999938964844;50.013999938964844;50.013999938964844;20
2024-12-05 14:27:00+01:00;50.02000045776367;50.029998779296875;50.02000045776367;50.029998779296875;50.029998779296875;10
2024-12-05 14:28:00+01:00;50.03300094604492;50.03300094604492;50.03300094604492;50.03300094604492;50.03300094604492;13
2024-12-05 14:29:00+01:00;50.047000885009766;50.053001403808594;50.047000885009766;50.053001403808594;50.053001403808594;62
2024-12-05 14:30:00+01:00;50.0;50.14699935913086;49.97999954223633;50.14699935913086;50.14699935913086;110
2024-12-05 14:31:00+01:00;49.959999084472656;49.959999084472656;49.94200134277344;49.94200134277344;49.94200134277344;950
2024-12-05 14:32:00+01:00;49.935001373291016;49.94300079345703;49.928001403808594;49.941001892089844;49.941001892089844;1986
2024-12-05 14:33:00+01:00;49.94200134277344;49.95800018310547;49.93600082397461;49.93600082397461;49.93600082397461;2584
2024-12-05 14:34:00+01:00;49.97600173950195;49.987998962402344;49.972999572753906;49.972999572753906;49.972999572753906;58
2024-12-05 14:36:00+01:00;49.959999084472656;49.972999572753906;49.959999084472656;49.96799850463867;49.96799850463867;55
2024-12-05 14:37:00+01:00;49.972999572753906;49.972999572753906;49.970001220703125;49.970001220703125;49.970001220703125;25
2024-12-05 14:38:00+01:00;49.959999084472656;49.9640007019043;49.95199966430664;49.9640007019043;49.9640007019043;45
2024-12-05 14:39:00+01:00;49.95899963378906;49.9630012512207;49.957000732421875;49.9630012512207;49.9630012512207;26
2024-12-05 14:40:00+01:00;49.986000061035156;49.986000061035156;49.97200012207031;49.97200012207031;49.97200012207031;103
2024-12-05 14:41:00+01:00;49.972999572753906;49.972999572753906;49.972999572753906;49.972999572753906;49.972999572753906;20
2024-12-05 14:42:00+01:00;49.983001708984375;49.983001708984375;49.979000091552734;49.979000091552734;49.979000091552734;102
2024-12-05 14:43:00+01:00;49.97999954223633;49.98099899291992;49.979000091552734;49.979000091552734;49.979000091552734;57
2024-12-05 14:44:00+01:00;49.97700119018555;49.99399948120117;49.97200012207031;49.97200012207031;49.97200012207031;207
2024-12-05 14:45:00+01:00;49.986000061035156;49.986000061035156;49.95500183105469;49.95500183105469;49.95500183105469;42
2024-12-05 14:46:00+01:00;49.95000076293945;49.95000076293945;49.9370002746582;49.9370002746582;49.9370002746582;907
2024-12-05 14:47:00+01:00;49.957000732421875;49.957000732421875;49.926998138427734;49.926998138427734;49.926998138427734;411
2024-12-05 14:48:00+01:00;49.944000244140625;49.944000244140625;49.941001892089844;49.941001892089844;49.941001892089844;24
2024-12-05 14:49:00+01:00;49.92399978637695;49.92399978637695;49.92399978637695;49.92399978637695;49.92399978637695;9
2024-12-05 14:51:00+01:00;49.92499923706055;49.933998107910156;49.909000396728516;49.922000885009766;49.922000885009766;6027
2024-12-05 14:52:00+01:00;49.92499923706055;49.92499923706055;49.92100143432617;49.92100143432617;49.92100143432617;25
2024-12-05 14:53:00+01:00;49.91899871826172;49.93299865722656;49.91899871826172;49.93299865722656;49.93299865722656;13
2024-12-05 14:54:00+01:00;49.94599914550781;49.94599914550781;49.94599914550781;49.94599914550781;49.94599914550781;198
2024-12-05 14:55:00+01:00;49.944000244140625;49.944000244140625;49.939998626708984;49.939998626708984;49.939998626708984;12
2024-12-05 14:57:00+01:00;49.93899917602539;49.93899917602539;49.93199920654297;49.93199920654297;49.93199920654297;198
2024-12-05 14:58:00+01:00;49.935001373291016;49.935001373291016;49.90700149536133;49.90700149536133;49.90700149536133;6
2024-12-05 15:00:00+01:00;49.904998779296875;49.92300033569336;49.88999938964844;49.90399932861328;49.90399932861328;864
2024-12-05 15:01:00+01:00;49.902000427246094;49.902000427246094;49.902000427246094;49.902000427246094;49.902000427246094;2
2024-12-05 15:02:00+01:00;49.92100143432617;49.92100143432617;49.92100143432617;49.92100143432617;49.92100143432617;16
2024-12-05 15:03:00+01:00;49.91899871826172;49.91899871826172;49.915000915527344;49.915000915527344;49.915000915527344;111
2024-12-05 15:05:00+01:00;49.91899871826172;49.91899871826172;49.89500045776367;49.89500045776367;49.89500045776367;125
2024-12-05 15:06:00+01:00;49.90599822998047;49.90599822998047;49.900001525878906;49.900001525878906;49.900001525878906;13
2024-12-05 15:07:00+01:00;49.9010009765625;49.9010009765625;49.9010009765625;49.9010009765625;49.9010009765625;10
2024-12-05 15:08:00+01:00;49.900001525878906;49.900001525878906;49.89899826049805;49.89899826049805;49.89899826049805;23
2024-12-05 15:09:00+01:00;49.9109992980957;49.9109992980957;49.909000396728516;49.909000396728516;49.909000396728516;16
2024-12-05 15:10:00+01:00;49.900001525878906;49.904998779296875;49.900001525878906;49.904998779296875;49.904998779296875;27
2024-12-05 15:11:00+01:00;49.90299987792969;49.90299987792969;49.900001525878906;49.900001525878906;49.900001525878906;28
2024-12-05 15:12:00+01:00;49.926998138427734;49.926998138427734;49.92499923706055;49.92499923706055;49.92499923706055;101
2024-12-05 15:13:00+01:00;49.90800094604492;49.91899871826172;49.900001525878906;49.900001525878906;49.900001525878906;357
2024-12-05 15:14:00+01:00;49.88999938964844;49.88999938964844;49.874000549316406;49.887001037597656;49.887001037597656;816
2024-12-05 15:15:00+01:00;49.8849983215332;49.8849983215332;49.8849983215332;49.8849983215332;49.8849983215332;2
2024-12-05 15:16:00+01:00;49.88399887084961;49.895999908447266;49.88399887084961;49.895999908447266;49.895999908447266;15
2024-12-05 15:17:00+01:00;49.89400100708008;49.89400100708008;49.891998291015625;49.891998291015625;49.891998291015625;22
2024-12-05 15:18:00+01:00;49.89500045776367;49.89500045776367;49.89500045776367;49.89500045776367;49.89500045776367;1
2024-12-05 15:19:00+01:00;49.895999908447266;49.9119987487793;49.895999908447266;49.90800094604492;49.90800094604492;32
2024-12-05 15:20:00+01:00;49.90999984741211;49.90999984741211;49.895999908447266;49.895999908447266;49.895999908447266;130
2024-12-05 15:22:00+01:00;49.90800094604492;49.922000885009766;49.90800094604492;49.922000885009766;49.922000885009766;6
2024-12-05 15:23:00+01:00;49.92300033569336;49.92300033569336;49.92300033569336;49.92300033569336;49.92300033569336;2
2024-12-05 15:24:00+01:00;49.90999984741211;49.92499923706055;49.900001525878906;49.900001525878906;49.900001525878906;38
2024-12-05 15:25:00+01:00;49.900001525878906;49.909000396728516;49.88999938964844;49.88999938964844;49.88999938964844;9
2024-12-05 15:26:00+01:00;49.88999938964844;49.904998779296875;49.88999938964844;49.904998779296875;49.904998779296875;28
2024-12-05 15:27:00+01:00;49.880001068115234;49.89699935913086;49.880001068115234;49.893001556396484;49.893001556396484;35
2024-12-05 15:28:00+01:00;49.88999938964844;49.88999938964844;49.88999938964844;49.88999938964844;49.88999938964844;870
2024-12-05 15:29:00+01:00;49.880001068115234;49.88600158691406;49.880001068115234;49.88600158691406;49.88600158691406;12
2024-12-05 15:30:00+01:00;49.88600158691406;49.88600158691406;49.88600158691406;49.88600158691406;49.88600158691406;5
2024-12-05 15:31:00+01:00;49.89899826049805;49.89899826049805;49.89899826049805;49.89899826049805;49.89899826049805;9
2024-12-05 15:32:00+01:00;49.88800048828125;49.88800048828125;49.86000061035156;49.86000061035156;49.86000061035156;89
2024-12-05 15:33:00+01:00;49.87900161743164;49.87900161743164;49.867000579833984;49.867000579833984;49.867000579833984;1092
2024-12-05 15:34:00+01:00;49.85100173950195;49.8650016784668;49.85100173950195;49.86000061035156;49.86000061035156;124
2024-12-05 15:35:00+01:00;49.849998474121094;49.86600112915039;49.849998474121094;49.86600112915039;49.86600112915039;3048
2024-12-05 15:36:00+01:00;49.86399841308594;49.86399841308594;49.84000015258789;49.8489990234375;49.8489990234375;43
2024-12-05 15:37:00+01:00;49.834999084472656;49.8489990234375;49.834999084472656;49.8489990234375;49.8489990234375;206
2024-12-05 15:38:00+01:00;49.84199905395508;49.84199905395508;49.827999114990234;49.83599853515625;49.83599853515625;904
2024-12-05 15:39:00+01:00;49.83700180053711;49.85599899291992;49.83700180053711;49.85599899291992;49.85599899291992;2297
2024-12-05 15:40:00+01:00;49.845001220703125;49.845001220703125;49.81999969482422;49.81999969482422;49.81999969482422;31
2024-12-05 15:41:00+01:00;49.83399963378906;49.8390007019043;49.83399963378906;49.8390007019043;49.8390007019043;20
2024-12-05 15:42:00+01:00;49.834999084472656;49.8390007019043;49.834999084472656;49.8390007019043;49.8390007019043;16
2024-12-05 15:43:00+01:00;49.84600067138672;49.84600067138672;49.84600067138672;49.84600067138672;49.84600067138672;20
2024-12-05 15:44:00+01:00;49.83399963378906;49.85200119018555;49.83399963378906;49.849998474121094;49.849998474121094;25
2024-12-05 15:45:00+01:00;49.856998443603516;49.856998443603516;49.840999603271484;49.840999603271484;49.840999603271484;6
2024-12-05 15:46:00+01:00;49.87799835205078;49.87799835205078;49.85499954223633;49.8650016784668;49.8650016784668;610
2024-12-05 15:47:00+01:00;49.84600067138672;49.861000061035156;49.84600067138672;49.861000061035156;49.861000061035156;651
2024-12-05 15:48:00+01:00;49.86600112915039;49.87300109863281;49.849998474121094;49.85499954223633;49.85499954223633;49
2024-12-05 15:49:00+01:00;49.87799835205078;49.888999938964844;49.85499954223633;49.85499954223633;49.85499954223633;281
2024-12-05 15:50:00+01:00;49.85499954223633;49.87200164794922;49.85499954223633;49.87200164794922;49.87200164794922;151
2024-12-05 15:51:00+01:00;49.869998931884766;49.869998931884766;49.869998931884766;49.869998931884766;49.869998931884766;12
2024-12-05 15:52:00+01:00;49.87200164794922;49.87200164794922;49.84600067138672;49.84600067138672;49.84600067138672;41
2024-12-05 15:53:00+01:00;49.8650016784668;49.880001068115234;49.8650016784668;49.880001068115234;49.880001068115234;119
2024-12-05 15:54:00+01:00;49.87799835205078;49.87799835205078;49.875;49.875;49.875;24
2024-12-05 15:55:00+01:00;49.87900161743164;49.88800048828125;49.87900161743164;49.88399887084961;49.88399887084961;60
2024-12-05 15:56:00+01:00;49.87900161743164;49.87900161743164;49.87900161743164;49.87900161743164;49.87900161743164;20
2024-12-05 15:57:00+01:00;49.87900161743164;49.87900161743164;49.87799835205078;49.87799835205078;49.87799835205078;5
2024-12-05 15:58:00+01:00;49.87699890136719;49.887001037597656;49.87699890136719;49.887001037597656;49.887001037597656;24
2024-12-05 15:59:00+01:00;49.904998779296875;49.904998779296875;49.90299987792969;49.90299987792969;49.90299987792969;260
2024-12-05 16:00:00+01:00;49.92100143432617;49.92100143432617;49.909000396728516;49.909000396728516;49.909000396728516;69
2024-12-05 16:01:00+01:00;49.92100143432617;49.92100143432617;49.909000396728516;49.91600036621094;49.91600036621094;17
2024-12-05 16:02:00+01:00;49.92399978637695;49.92399978637695;49.91999816894531;49.91999816894531;49.91999816894531;72
2024-12-05 16:03:00+01:00;49.91899871826172;49.939998626708984;49.91899871826172;49.93299865722656;49.93299865722656;24
2024-12-05 16:04:00+01:00;49.930999755859375;49.930999755859375;49.930999755859375;49.930999755859375;49.930999755859375;40
2024-12-05 16:05:00+01:00;49.90999984741211;49.90999984741211;49.90999984741211;49.90999984741211;49.90999984741211;20
2024-12-05 16:06:00+01:00;49.900001525878906;49.900001525878906;49.900001525878906;49.900001525878906;49.900001525878906;2
2024-12-05 16:08:00+01:00;49.91899871826172;49.92100143432617;49.91899871826172;49.92100143432617;49.92100143432617;23
2024-12-05 16:09:00+01:00;49.928001403808594;49.94599914550781;49.928001403808594;49.94599914550781;49.94599914550781;29
2024-12-05 16:10:00+01:00;49.90999984741211;49.90999984741211;49.90999984741211;49.90999984741211;49.90999984741211;2
2024-12-05 16:11:00+01:00;49.90999984741211;49.90999984741211;49.900001525878906;49.900001525878906;49.900001525878906;27
2024-12-05 16:12:00+01:00;49.915000915527344;49.93000030517578;49.91400146484375;49.93000030517578;49.93000030517578;220
2024-12-05 16:14:00+01:00;49.94900131225586;49.94900131225586;49.94900131225586;49.94900131225586;49.94900131225586;7
2024-12-05 16:16:00+01:00;49.94200134277344;49.94200134277344;49.9370002746582;49.9370002746582;49.9370002746582;74
2024-12-05 16:17:00+01:00;49.946998596191406;49.948001861572266;49.94599914550781;49.94599914550781;49.94599914550781;5
2024-12-05 16:18:00+01:00;49.94200134277344;49.94200134277344;49.939998626708984;49.939998626708984;49.939998626708984;21
2024-12-05 16:19:00+01:00;49.95000076293945;49.96500015258789;49.95000076293945;49.96099853515625;49.96099853515625;178
2024-12-05 16:20:00+01:00;49.95899963378906;49.95899963378906;49.95899963378906;49.95899963378906;49.95899963378906;3
2024-12-05 16:21:00+01:00;49.95399856567383;49.95399856567383;49.95199966430664;49.95199966430664;49.95199966430664;210
2024-12-05 16:22:00+01:00;49.948001861572266;49.94900131225586;49.939998626708984;49.94900131225586;49.94900131225586;62
2024-12-05 16:23:00+01:00;49.96500015258789;49.96500015258789;49.9630012512207;49.9630012512207;49.9630012512207;170
2024-12-05 16:24:00+01:00;49.97200012207031;49.97200012207031;49.95000076293945;49.9640007019043;49.9640007019043;59
2024-12-05 16:25:00+01:00;49.95000076293945;49.95000076293945;49.93600082397461;49.93600082397461;49.93600082397461;33
2024-12-05 16:27:00+01:00;49.946998596191406;49.946998596191406;49.94499969482422;49.94499969482422;49.94499969482422;22
2024-12-05 16:28:00+01:00;49.94499969482422;49.94499969482422;49.944000244140625;49.944000244140625;49.944000244140625;12
2024-12-05 16:29:00+01:00;49.946998596191406;49.946998596191406;49.939998626708984;49.939998626708984;49.939998626708984;443
2024-12-05 16:30:00+01:00;49.933998107910156;49.933998107910156;49.933998107910156;49.933998107910156;49.933998107910156;2
2024-12-05 16:31:00+01:00;49.944000244140625;49.944000244140625;49.94200134277344;49.94200134277344;49.94200134277344;8
2024-12-05 16:32:00+01:00;49.93899917602539;49.941001892089844;49.93899917602539;49.941001892089844;49.941001892089844;112
2024-12-05 16:33:00+01:00;49.9379997253418;49.9379997253418;49.9379997253418;49.9379997253418;49.9379997253418;11
2024-12-05 16:35:00+01:00;49.94900131225586;49.94900131225586;49.946998596191406;49.946998596191406;49.946998596191406;175
2024-12-05 16:36:00+01:00;49.946998596191406;49.946998596191406;49.94200134277344;49.94200134277344;49.94200134277344;28
2024-12-05 16:37:00+01:00;49.92599868774414;49.92599868774414;49.92599868774414;49.92599868774414;49.92599868774414;4
2024-12-05 16:38:00+01:00;49.92599868774414;49.92599868774414;49.92599868774414;49.92599868774414;49.92599868774414;3
2024-12-05 16:39:00+01:00;49.90800094604492;49.90800094604492;49.90800094604492;49.90800094604492;49.90800094604492;10
2024-12-05 16:40:00+01:00;49.91999816894531;49.91999816894531;49.91999816894531;49.91999816894531;49.91999816894531;160
2024-12-05 16:41:00+01:00;49.941001892089844;49.948001861572266;49.941001892089844;49.948001861572266;49.948001861572266;24
2024-12-05 16:42:00+01:00;49.94499969482422;49.95000076293945;49.94499969482422;49.95000076293945;49.95000076293945;29
2024-12-05 16:43:00+01:00;49.95399856567383;49.95399856567383;49.95399856567383;49.95399856567383;49.95399856567383;4
2024-12-05 16:44:00+01:00;49.959999084472656;49.959999084472656;49.959999084472656;49.959999084472656;49.959999084472656;50
2024-12-05 16:45:00+01:00;49.981998443603516;49.981998443603516;49.970001220703125;49.9739990234375;49.9739990234375;112
2024-12-05 16:46:00+01:00;49.970001220703125;49.970001220703125;49.970001220703125;49.970001220703125;49.970001220703125;10
2024-12-05 16:47:00+01:00;49.946998596191406;49.946998596191406;49.94499969482422;49.94499969482422;49.94499969482422;11
2024-12-05 16:48:00+01:00;49.9370002746582;49.9370002746582;49.935001373291016;49.935001373291016;49.935001373291016;7
2024-12-05 16:49:00+01:00;49.900001525878906;49.900001525878906;49.900001525878906;49.900001525878906;49.900001525878906;37
2024-12-05 16:50:00+01:00;49.9119987487793;49.9119987487793;49.87699890136719;49.87699890136719;49.87699890136719;39
2024-12-05 16:51:00+01:00;49.88800048828125;49.88800048828125;49.87300109863281;49.87900161743164;49.87900161743164;65
2024-12-05 16:52:00+01:00;49.875;49.88999938964844;49.87300109863281;49.87900161743164;49.87900161743164;744
2024-12-05 16:53:00+01:00;49.880001068115234;49.88600158691406;49.880001068115234;49.88600158691406;49.88600158691406;22
2024-12-05 16:54:00+01:00;49.88999938964844;49.88999938964844;49.87099838256836;49.88600158691406;49.88600158691406;164
2024-12-05 16:55:00+01:00;49.880001068115234;49.88100051879883;49.87699890136719;49.87699890136719;49.87699890136719;20
2024-12-05 16:56:00+01:00;49.875;49.875;49.875;49.875;49.875;1
2024-12-05 16:57:00+01:00;49.849998474121094;49.849998474121094;49.845001220703125;49.845001220703125;49.845001220703125;211
2024-12-05 16:58:00+01:00;49.861000061035156;49.861000061035156;49.861000061035156;49.861000061035156;49.861000061035156;3
2024-12-05 16:59:00+01:00;49.86000061035156;49.86199951171875;49.86000061035156;49.86199951171875;49.86199951171875;3
2024-12-05 17:00:00+01:00;49.86199951171875;49.86199951171875;49.86199951171875;49.86199951171875;49.86199951171875;10
2024-12-05 17:01:00+01:00;49.87300109863281;49.87300109863281;49.87300109863281;49.87300109863281;49.87300109863281;20
2024-12-05 17:02:00+01:00;49.86399841308594;49.8650016784668;49.86399841308594;49.86399841308594;49.86399841308594;75
2024-12-05 17:03:00+01:00;49.849998474121094;49.86800003051758;49.849998474121094;49.86000061035156;49.86000061035156;29
2024-12-05 17:04:00+01:00;49.869998931884766;49.869998931884766;49.849998474121094;49.849998474121094;49.849998474121094;155
2024-12-05 17:05:00+01:00;49.85900115966797;49.85900115966797;49.84199905395508;49.84199905395508;49.84199905395508;102
2024-12-05 17:06:00+01:00;49.8489990234375;49.8489990234375;49.8489990234375;49.8489990234375;49.8489990234375;4
2024-12-05 17:07:00+01:00;49.8489990234375;49.8489990234375;49.8489990234375;49.8489990234375;49.8489990234375;20
2024-12-05 17:08:00+01:00;49.84000015258789;49.8489990234375;49.84000015258789;49.84000015258789;49.84000015258789;34
2024-12-05 17:09:00+01:00;49.84000015258789;49.84299850463867;49.81999969482422;49.81999969482422;49.81999969482422;61
2024-12-05 17:12:00+01:00;49.861000061035156;49.861000061035156;49.861000061035156;49.861000061035156;49.861000061035156;10
2024-12-05 17:13:00+01:00;49.87300109863281;49.87300109863281;49.87300109863281;49.87300109863281;49.87300109863281;1
2024-12-05 17:15:00+01:00;49.895999908447266;49.895999908447266;49.87300109863281;49.895999908447266;49.895999908447266;26
2024-12-05 17:16:00+01:00;49.895999908447266;49.90399932861328;49.895999908447266;49.90399932861328;49.90399932861328;313
2024-12-05 17:17:00+01:00;49.90299987792969;49.90299987792969;49.88600158691406;49.89400100708008;49.89400100708008;326
2024-12-05 17:18:00+01:00;49.89500045776367;49.90299987792969;49.89500045776367;49.90299987792969;49.90299987792969;354
2024-12-05 17:19:00+01:00;49.90299987792969;49.90299987792969;49.90299987792969;49.90299987792969;49.90299987792969;2
2024-12-05 17:20:00+01:00;49.915000915527344;49.915000915527344;49.88999938964844;49.9109992980957;49.9109992980957;313
2024-12-05 17:21:00+01:00;49.9109992980957;49.915000915527344;49.9109992980957;49.91400146484375;49.91400146484375;93
2024-12-05 17:22:00+01:00;49.91699981689453;49.91699981689453;49.91400146484375;49.91600036621094;49.91600036621094;52
2024-12-05 17:23:00+01:00;49.91400146484375;49.91600036621094;49.9119987487793;49.91600036621094;49.91600036621094;120
2024-12-05 17:25:00+01:00;49.915000915527344;49.915000915527344;49.900001525878906;49.90700149536133;49.90700149536133;132
2024-12-05 17:28:00+01:00;49.909000396728516;49.909000396728516;49.909000396728516;49.909000396728516;49.909000396728516;2
2024-12-05 17:29:00+01:00;49.91400146484375;49.91999816894531;49.91400146484375;49.91899871826172;49.91899871826172;91
