Datetime;Open;High;Low;Close;Adj Close;Volume
2024-12-03 09:04:00+01:00;49.928001403808594;49.933998107910156;49.91999816894531;49.93000030517578;49.93000030517578;0
2024-12-03 09:05:00+01:00;49.93000030517578;49.94200134277344;49.92900085449219;49.94200134277344;49.94200134277344;201
2024-12-03 09:06:00+01:00;49.930999755859375;49.948001861572266;49.92499923706055;49.92599868774414;49.92599868774414;4545
2024-12-03 09:07:00+01:00;49.9379997253418;49.9379997253418;49.9379997253418;49.9379997253418;49.9379997253418;2
2024-12-03 09:08:00+01:00;49.933998107910156;49.933998107910156;49.92900085449219;49.92900085449219;49.92900085449219;41
2024-12-03 09:09:00+01:00;49.92900085449219;49.9379997253418;49.92900085449219;49.9370002746582;49.9370002746582;261
2024-12-03 09:10:00+01:00;49.933998107910156;49.939998626708984;49.933998107910156;49.939998626708984;49.939998626708984;110
2024-12-03 09:11:00+01:00;49.93199920654297;49.93199920654297;49.90999984741211;49.93000030517578;49.93000030517578;102
2024-12-03 09:12:00+01:00;49.91899871826172;49.92900085449219;49.900001525878906;49.917999267578125;49.917999267578125;116
2024-12-03 09:13:00+01:00;49.92100143432617;49.92399978637695;49.91699981689453;49.91699981689453;49.91699981689453;436
2024-12-03 09:14:00+01:00;49.900001525878906;49.90399932861328;49.89699935913086;49.90399932861328;49.90399932861328;361
2024-12-03 09:15:00+01:00;49.90299987792969;49.909000396728516;49.9010009765625;49.909000396728516;49.909000396728516;413
2024-12-03 09:16:00+01:00;49.90999984741211;49.9109992980957;49.90999984741211;49.9109992980957;49.9109992980957;30
2024-12-03 09:17:00+01:00;49.88999938964844;49.900001525878906;49.88999938964844;49.89899826049805;49.89899826049805;218
2024-12-03 09:18:00+01:00;49.900001525878906;49.900001525878906;49.875;49.89099884033203;49.89099884033203;122
2024-12-03 09:19:00+01:00;49.880001068115234;49.887001037597656;49.880001068115234;49.887001037597656;49.887001037597656;53
2024-12-03 09:20:00+01:00;49.869998931884766;49.869998931884766;49.869998931884766;49.869998931884766;49.869998931884766;50
2024-12-03 09:21:00+01:00;49.861000061035156;49.87300109863281;49.861000061035156;49.87200164794922;49.87200164794922;63
2024-12-03 09:22:00+01:00;49.87900161743164;49.87900161743164;49.874000549316406;49.874000549316406;49.874000549316406;46
2024-12-03 09:23:00+01:00;49.87900161743164;49.87900161743164;49.87900161743164;49.87900161743164;49.87900161743164;23
2024-12-03 09:24:00+01:00;49.862998962402344;49.87900161743164;49.862998962402344;49.87900161743164;49.87900161743164;810
2024-12-03 09:25:00+01:00;49.87900161743164;49.87900161743164;49.86000061035156;49.86000061035156;49.86000061035156;91
2024-12-03 09:26:00+01:00;49.87300109863281;49.87799835205078;49.87300109863281;49.87799835205078;49.87799835205078;22
2024-12-03 09:27:00+01:00;49.87900161743164;49.87900161743164;49.87300109863281;49.87799835205078;49.87799835205078;19
2024-12-03 09:28:00+01:00;49.87699890136719;49.87900161743164;49.87699890136719;49.87900161743164;49.87900161743164;45
2024-12-03 09:29:00+01:00;49.87900161743164;49.87900161743164;49.86600112915039;49.87900161743164;49.87900161743164;67
2024-12-03 09:30:00+01:00;49.87699890136719;49.87699890136719;49.86000061035156;49.86000061035156;49.86000061035156;73
2024-12-03 09:31:00+01:00;49.85499954223633;49.86600112915039;49.85499954223633;49.86600112915039;49.86600112915039;143
2024-12-03 09:32:00+01:00;49.85100173950195;49.85100173950195;49.847999572753906;49.847999572753906;49.847999572753906;228
2024-12-03 09:33:00+01:00;49.83300018310547;49.8380012512207;49.83300018310547;49.8380012512207;49.8380012512207;41
2024-12-03 09:34:00+01:00;49.83599853515625;49.83700180053711;49.83000183105469;49.83700180053711;49.83700180053711;113
2024-12-03 09:35:00+01:00;49.840999603271484;49.845001220703125;49.84000015258789;49.84000015258789;49.84000015258789;17
2024-12-03 09:36:00+01:00;49.8390007019043;49.8390007019043;49.8380012512207;49.8380012512207;49.8380012512207;5
2024-12-03 09:37:00+01:00;49.8380012512207;49.84000015258789;49.8380012512207;49.8380012512207;49.8380012512207;84
2024-12-03 09:38:00+01:00;49.83300018310547;49.83300018310547;49.81999969482422;49.81999969482422;49.81999969482422;40
2024-12-03 09:39:00+01:00;49.83100128173828;49.83599853515625;49.82899856567383;49.83599853515625;49.83599853515625;27
2024-12-03 09:41:00+01:00;49.83100128173828;49.84000015258789;49.83100128173828;49.83599853515625;49.83599853515625;556
2024-12-03 09:42:00+01:00;49.81999969482422;49.81999969482422;49.81999969482422;49.81999969482422;49.81999969482422;91
2024-12-03 09:43:00+01:00;49.83300018310547;49.83300018310547;49.81999969482422;49.81999969482422;49.81999969482422;743
2024-12-03 09:44:00+01:00;49.81399917602539;49.82699966430664;49.81399917602539;49.82699966430664;49.82699966430664;75
2024-12-03 09:45:00+01:00;49.83100128173828;49.83300018310547;49.83000183105469;49.83300018310547;49.83300018310547;200
2024-12-03 09:46:00+01:00;49.83100128173828;49.83599853515625;49.83100128173828;49.83599853515625;49.83599853515625;22
2024-12-03 09:47:00+01:00;49.8390007019043;49.8390007019043;49.8380012512207;49.8390007019043;49.8390007019043;36
2024-12-03 09:48:00+01:00;49.82899856567383;49.8489990234375;49.82899856567383;49.84700012207031;49.84700012207031;3712
2024-12-03 09:49:00+01:00;49.84000015258789;49.84000015258789;49.84000015258789;49.84000015258789;49.84000015258789;11
2024-12-03 09:50:00+01:00;49.8390007019043;49.8390007019043;49.82899856567383;49.834999084472656;49.834999084472656;137
2024-12-03 09:51:00+01:00;49.83300018310547;49.83300018310547;49.83300018310547;49.83300018310547;49.83300018310547;4
2024-12-03 09:52:00+01:00;49.83599853515625;49.83599853515625;49.83399963378906;49.83399963378906;49.83399963378906;18
2024-12-03 09:53:00+01:00;49.83399963378906;49.83399963378906;49.81999969482422;49.81999969482422;49.81999969482422;13
2024-12-03 09:54:00+01:00;49.827999114990234;49.83399963378906;49.81999969482422;49.81999969482422;49.81999969482422;26
2024-12-03 09:55:00+01:00;49.827999114990234;49.827999114990234;49.81999969482422;49.82699966430664;49.82699966430664;16
2024-12-03 09:56:00+01:00;49.82400131225586;49.82400131225586;49.810001373291016;49.81700134277344;49.81700134277344;48
2024-12-03 09:57:00+01:00;49.821998596191406;49.821998596191406;49.810001373291016;49.81999969482422;49.81999969482422;30
2024-12-03 09:59:00+01:00;49.83300018310547;49.83300018310547;49.82699966430664;49.82899856567383;49.82899856567383;78
2024-12-03 10:00:00+01:00;49.81999969482422;49.82099914550781;49.816001892089844;49.816001892089844;49.816001892089844;29
2024-12-03 10:01:00+01:00;49.79999923706055;49.79999923706055;49.79999923706055;49.79999923706055;49.79999923706055;278
2024-12-03 10:02:00+01:00;49.82400131225586;49.82699966430664;49.82400131225586;49.82500076293945;49.82500076293945;17
2024-12-03 10:03:00+01:00;49.827999114990234;49.83000183105469;49.827999114990234;49.827999114990234;49.827999114990234;195
2024-12-03 10:04:00+01:00;49.81999969482422;49.83000183105469;49.81999969482422;49.83000183105469;49.83000183105469;5
2024-12-03 10:05:00+01:00;49.82400131225586;49.82500076293945;49.814998626708984;49.82500076293945;49.82500076293945;1639
2024-12-03 10:06:00+01:00;49.832000732421875;49.832000732421875;49.82699966430664;49.82699966430664;49.82699966430664;92
2024-12-03 10:07:00+01:00;49.82899856567383;49.83300018310547;49.82899856567383;49.83100128173828;49.83100128173828;33
2024-12-03 10:08:00+01:00;49.83300018310547;49.83300018310547;49.83000183105469;49.83000183105469;49.83000183105469;52
2024-12-03 10:09:00+01:00;49.834999084472656;49.834999084472656;49.827999114990234;49.83399963378906;49.83399963378906;29
2024-12-03 10:10:00+01:00;49.83000183105469;49.83000183105469;49.82899856567383;49.82899856567383;49.82899856567383;4186
2024-12-03 10:11:00+01:00;49.83000183105469;49.8390007019043;49.82500076293945;49.82500076293945;49.82500076293945;139
2024-12-03 10:12:00+01:00;49.83599853515625;49.83599853515625;49.827999114990234;49.827999114990234;49.827999114990234;303
2024-12-03 10:13:00+01:00;49.832000732421875;49.832000732421875;49.82699966430664;49.82699966430664;49.82699966430664;19
2024-12-03 10:14:00+01:00;49.81100082397461;49.81100082397461;49.79999923706055;49.79999923706055;49.79999923706055;99
2024-12-03 10:15:00+01:00;49.810001373291016;49.810001373291016;49.792999267578125;49.792999267578125;49.792999267578125;10
2024-12-03 10:16:00+01:00;49.81399917602539;49.81800079345703;49.81399917602539;49.81800079345703;49.81800079345703;33
2024-12-03 10:17:00+01:00;49.814998626708984;49.814998626708984;49.81100082397461;49.814998626708984;49.814998626708984;26
2024-12-03 10:18:00+01:00;49.81700134277344;49.81700134277344;49.814998626708984;49.814998626708984;49.814998626708984;42
2024-12-03 10:19:00+01:00;49.814998626708984;49.814998626708984;49.814998626708984;49.814998626708984;49.814998626708984;10
2024-12-03 10:20:00+01:00;49.814998626708984;49.814998626708984;49.81399917602539;49.81399917602539;49.81399917602539;6
2024-12-03 10:21:00+01:00;49.816001892089844;49.816001892089844;49.816001892089844;49.816001892089844;49.816001892089844;5
2024-12-03 10:22:00+01:00;49.82099914550781;49.82099914550781;49.810001373291016;49.810001373291016;49.810001373291016;6
2024-12-03 10:23:00+01:00;49.814998626708984;49.81700134277344;49.814998626708984;49.81700134277344;49.81700134277344;73
2024-12-03 10:24:00+01:00;49.854000091552734;49.854000091552734;49.854000091552734;49.854000091552734;49.854000091552734;8
2024-12-03 10:25:00+01:00;49.85599899291992;49.856998443603516;49.85599899291992;49.856998443603516;49.856998443603516;63
2024-12-03 10:26:00+01:00;49.854000091552734;49.854000091552734;49.85200119018555;49.85200119018555;49.85200119018555;13
2024-12-03 10:27:00+01:00;49.849998474121094;49.85499954223633;49.8380012512207;49.840999603271484;49.840999603271484;334
2024-12-03 10:28:00+01:00;49.84700012207031;49.84700012207031;49.84700012207031;49.84700012207031;49.84700012207031;1
2024-12-03 10:29:00+01:00;49.8489990234375;49.8489990234375;49.8489990234375;49.8489990234375;49.8489990234375;22
2024-12-03 10:31:00+01:00;49.83000183105469;49.834999084472656;49.827999114990234;49.834999084472656;49.834999084472656;56
2024-12-03 10:32:00+01:00;49.83700180053711;49.8380012512207;49.83700180053711;49.8380012512207;49.8380012512207;903
2024-12-03 10:33:00+01:00;49.83300018310547;49.83599853515625;49.83300018310547;49.83599853515625;49.83599853515625;52
2024-12-03 10:34:00+01:00;49.83599853515625;49.8390007019043;49.83599853515625;49.8390007019043;49.8390007019043;26
2024-12-03 10:35:00+01:00;49.8390007019043;49.8390007019043;49.816001892089844;49.83599853515625;49.83599853515625;154
2024-12-03 10:37:00+01:00;49.84000015258789;49.84000015258789;49.84000015258789;49.84000015258789;49.84000015258789;15
2024-12-03 10:38:00+01:00;49.83000183105469;49.8380012512207;49.821998596191406;49.821998596191406;49.821998596191406;164
2024-12-03 10:39:00+01:00;49.84299850463867;49.847999572753906;49.83000183105469;49.847999572753906;49.847999572753906;239
2024-12-03 10:41:00+01:00;49.85599899291992;49.858001708984375;49.85200119018555;49.858001708984375;49.858001708984375;16
2024-12-03 10:42:00+01:00;49.85200119018555;49.85200119018555;49.85200119018555;49.85200119018555;49.85200119018555;2
2024-12-03 10:43:00+01:00;49.84000015258789;49.85300064086914;49.84000015258789;49.85300064086914;49.85300064086914;265
2024-12-03 10:44:00+01:00;49.847999572753906;49.85200119018555;49.847999572753906;49.85100173950195;49.85100173950195;653
2024-12-03 10:45:00+01:00;49.849998474121094;49.849998474121094;49.849998474121094;49.849998474121094;49.849998474121094;60
2024-12-03 10:46:00+01:00;49.849998474121094;49.849998474121094;49.849998474121094;49.849998474121094;49.849998474121094;14
2024-12-03 10:47:00+01:00;49.849998474121094;49.849998474121094;49.849998474121094;49.849998474121094;49.849998474121094;20
2024-12-03 10:48:00+01:00;49.847999572753906;49.847999572753906;49.847999572753906;49.847999572753906;49.847999572753906;20
2024-12-03 10:49:00+01:00;49.840999603271484;49.84400177001953;49.8390007019043;49.840999603271484;49.840999603271484;239
2024-12-03 10:50:00+01:00;49.84299850463867;49.84700012207031;49.840999603271484;49.845001220703125;49.845001220703125;146
2024-12-03 10:51:00+01:00;49.8489990234375;49.85200119018555;49.845001220703125;49.85200119018555;49.85200119018555;82
2024-12-03 10:52:00+01:00;49.85200119018555;49.85599899291992;49.84299850463867;49.85499954223633;49.85499954223633;27
2024-12-03 10:53:00+01:00;49.85499954223633;49.85499954223633;49.85300064086914;49.85300064086914;49.85300064086914;203
2024-12-03 10:54:00+01:00;49.854000091552734;49.854000091552734;49.849998474121094;49.85100173950195;49.85100173950195;324
2024-12-03 10:55:00+01:00;49.85100173950195;49.85599899291992;49.85100173950195;49.85599899291992;49.85599899291992;5
2024-12-03 10:56:00+01:00;49.85499954223633;49.85499954223633;49.849998474121094;49.85300064086914;49.85300064086914;96
2024-12-03 10:57:00+01:00;49.85100173950195;49.85100173950195;49.847999572753906;49.849998474121094;49.849998474121094;69
2024-12-03 10:58:00+01:00;49.85300064086914;49.85300064086914;49.85300064086914;49.85300064086914;49.85300064086914;150
2024-12-03 10:59:00+01:00;49.85200119018555;49.85200119018555;49.85200119018555;49.85200119018555;49.85200119018555;5
2024-12-03 11:00:00+01:00;49.849998474121094;49.849998474121094;49.849998474121094;49.849998474121094;49.849998474121094;3
2024-12-03 11:01:00+01:00;49.85200119018555;49.85900115966797;49.85100173950195;49.85900115966797;49.85900115966797;310
2024-12-03 11:02:00+01:00;49.86399841308594;49.86399841308594;49.85499954223633;49.85499954223633;49.85499954223633;66
2024-12-03 11:03:00+01:00;49.85300064086914;49.861000061035156;49.849998474121094;49.85499954223633;49.85499954223633;10
2024-12-03 11:04:00+01:00;49.85200119018555;49.85599899291992;49.85200119018555;49.85599899291992;49.85599899291992;44
2024-12-03 11:05:00+01:00;49.854000091552734;49.86199951171875;49.854000091552734;49.854000091552734;49.854000091552734;55
2024-12-03 11:06:00+01:00;49.854000091552734;49.856998443603516;49.849998474121094;49.849998474121094;49.849998474121094;54
2024-12-03 11:07:00+01:00;49.85300064086914;49.85300064086914;49.84000015258789;49.84700012207031;49.84700012207031;70
2024-12-03 11:08:00+01:00;49.84400177001953;49.84400177001953;49.8380012512207;49.84199905395508;49.84199905395508;149
2024-12-03 11:09:00+01:00;49.84299850463867;49.84299850463867;49.83000183105469;49.83700180053711;49.83700180053711;60
2024-12-03 11:10:00+01:00;49.834999084472656;49.83599853515625;49.81999969482422;49.83100128173828;49.83100128173828;135
2024-12-03 11:11:00+01:00;49.83100128173828;49.83100128173828;49.82500076293945;49.827999114990234;49.827999114990234;219
2024-12-03 11:12:00+01:00;49.82500076293945;49.827999114990234;49.82500076293945;49.827999114990234;49.827999114990234;32
2024-12-03 11:13:00+01:00;49.82899856567383;49.82899856567383;49.827999114990234;49.827999114990234;49.827999114990234;120
2024-12-03 11:14:00+01:00;49.82699966430664;49.82699966430664;49.82699966430664;49.82699966430664;49.82699966430664;96
2024-12-03 11:15:00+01:00;49.827999114990234;49.827999114990234;49.821998596191406;49.821998596191406;49.821998596191406;67
2024-12-03 11:16:00+01:00;49.82400131225586;49.82699966430664;49.82099914550781;49.82099914550781;49.82099914550781;64
2024-12-03 11:17:00+01:00;49.83000183105469;49.83000183105469;49.81999969482422;49.82099914550781;49.82099914550781;69
2024-12-03 11:18:00+01:00;49.819000244140625;49.82400131225586;49.81800079345703;49.82400131225586;49.82400131225586;26
2024-12-03 11:19:00+01:00;49.82600021362305;49.82600021362305;49.823001861572266;49.823001861572266;49.823001861572266;5
2024-12-03 11:20:00+01:00;49.82899856567383;49.83100128173828;49.82500076293945;49.82500076293945;49.82500076293945;129
2024-12-03 11:21:00+01:00;49.82500076293945;49.82500076293945;49.82099914550781;49.82099914550781;49.82099914550781;40
2024-12-03 11:22:00+01:00;49.821998596191406;49.821998596191406;49.82099914550781;49.82099914550781;49.82099914550781;21
2024-12-03 11:23:00+01:00;49.823001861572266;49.823001861572266;49.823001861572266;49.823001861572266;49.823001861572266;284
2024-12-03 11:24:00+01:00;49.82400131225586;49.82400131225586;49.819000244140625;49.819000244140625;49.819000244140625;32
2024-12-03 11:25:00+01:00;49.819000244140625;49.819000244140625;49.808998107910156;49.810001373291016;49.810001373291016;292
2024-12-03 11:26:00+01:00;49.81100082397461;49.81100082397461;49.81100082397461;49.81100082397461;49.81100082397461;3
2024-12-03 11:27:00+01:00;49.819000244140625;49.819000244140625;49.819000244140625;49.819000244140625;49.819000244140625;4
2024-12-03 11:28:00+01:00;49.819000244140625;49.819000244140625;49.819000244140625;49.819000244140625;49.819000244140625;55
2024-12-03 11:29:00+01:00;49.814998626708984;49.814998626708984;49.8129997253418;49.8129997253418;49.8129997253418;23
2024-12-03 11:30:00+01:00;49.80099868774414;49.808998107910156;49.79999923706055;49.808998107910156;49.808998107910156;106
2024-12-03 11:31:00+01:00;49.805999755859375;49.805999755859375;49.79499816894531;49.79999923706055;49.79999923706055;40
2024-12-03 11:32:00+01:00;49.80500030517578;49.80500030517578;49.80500030517578;49.80500030517578;49.80500030517578;3
2024-12-03 11:33:00+01:00;49.80500030517578;49.805999755859375;49.790000915527344;49.79999923706055;49.79999923706055;55
2024-12-03 11:34:00+01:00;49.790000915527344;49.790000915527344;49.790000915527344;49.790000915527344;49.790000915527344;17
2024-12-03 11:35:00+01:00;49.80099868774414;49.80099868774414;49.80099868774414;49.80099868774414;49.80099868774414;5
2024-12-03 11:36:00+01:00;49.79999923706055;49.80099868774414;49.79999923706055;49.80099868774414;49.80099868774414;30
2024-12-03 11:37:00+01:00;49.790000915527344;49.80099868774414;49.790000915527344;49.79899978637695;49.79899978637695;53
2024-12-03 11:38:00+01:00;49.797000885009766;49.797000885009766;49.7869987487793;49.7869987487793;49.7869987487793;50
2024-12-03 11:39:00+01:00;49.801998138427734;49.801998138427734;49.801998138427734;49.801998138427734;49.801998138427734;16
2024-12-03 11:40:00+01:00;49.801998138427734;49.801998138427734;49.79999923706055;49.80099868774414;49.80099868774414;43
2024-12-03 11:41:00+01:00;49.80099868774414;49.80099868774414;49.79800033569336;49.79999923706055;49.79999923706055;43
2024-12-03 11:42:00+01:00;49.79800033569336;49.79899978637695;49.78499984741211;49.78499984741211;49.78499984741211;54
2024-12-03 11:43:00+01:00;49.79199981689453;49.79399871826172;49.79199981689453;49.79399871826172;49.79399871826172;29
2024-12-03 11:44:00+01:00;49.79999923706055;49.808998107910156;49.79999923706055;49.808998107910156;49.808998107910156;421
2024-12-03 11:45:00+01:00;49.81399917602539;49.81399917602539;49.81399917602539;49.81399917602539;49.81399917602539;28
2024-12-03 11:46:00+01:00;49.82699966430664;49.82699966430664;49.82699966430664;49.82699966430664;49.82699966430664;5
2024-12-03 11:47:00+01:00;49.823001861572266;49.82899856567383;49.823001861572266;49.82899856567383;49.82899856567383;16
2024-12-03 11:48:00+01:00;49.81100082397461;49.82899856567383;49.81100082397461;49.82899856567383;49.82899856567383;52
2024-12-03 11:49:00+01:00;49.83300018310547;49.83300018310547;49.832000732421875;49.83300018310547;49.83300018310547;26
2024-12-03 11:51:00+01:00;49.810001373291016;49.82500076293945;49.810001373291016;49.823001861572266;49.823001861572266;919
2024-12-03 11:52:00+01:00;49.82899856567383;49.82899856567383;49.82899856567383;49.82899856567383;49.82899856567383;2
2024-12-03 11:53:00+01:00;49.823001861572266;49.827999114990234;49.82099914550781;49.827999114990234;49.827999114990234;46
2024-12-03 11:54:00+01:00;49.83300018310547;49.83300018310547;49.83300018310547;49.83300018310547;49.83300018310547;3
2024-12-03 11:55:00+01:00;49.83300018310547;49.834999084472656;49.83300018310547;49.834999084472656;49.834999084472656;13
2024-12-03 11:56:00+01:00;49.8380012512207;49.8380012512207;49.8380012512207;49.8380012512207;49.8380012512207;6
2024-12-03 11:57:00+01:00;49.840999603271484;49.85300064086914;49.83300018310547;49.85300064086914;49.85300064086914;107
2024-12-03 11:58:00+01:00;49.85200119018555;49.86399841308594;49.85200119018555;49.86399841308594;49.86399841308594;36
2024-12-03 11:59:00+01:00;49.84600067138672;49.84600067138672;49.84400177001953;49.84400177001953;49.84400177001953;33
2024-12-03 12:00:00+01:00;49.849998474121094;49.849998474121094;49.82699966430664;49.84299850463867;49.84299850463867;52
2024-12-03 12:01:00+01:00;49.84199905395508;49.84199905395508;49.84000015258789;49.84000015258789;49.84000015258789;180
2024-12-03 12:03:00+01:00;49.81100082397461;49.81100082397461;49.81100082397461;49.81100082397461;49.81100082397461;1
2024-12-03 12:04:00+01:00;49.81700134277344;49.81700134277344;49.81700134277344;49.81700134277344;49.81700134277344;1
2024-12-03 12:05:00+01:00;49.827999114990234;49.827999114990234;49.827999114990234;49.827999114990234;49.827999114990234;166
2024-12-03 12:07:00+01:00;49.821998596191406;49.821998596191406;49.816001892089844;49.816001892089844;49.816001892089844;42
2024-12-03 12:08:00+01:00;49.81800079345703;49.81800079345703;49.816001892089844;49.816001892089844;49.816001892089844;15
2024-12-03 12:09:00+01:00;49.816001892089844;49.816001892089844;49.79999923706055;49.79999923706055;49.79999923706055;460
2024-12-03 12:10:00+01:00;49.805999755859375;49.805999755859375;49.80500030517578;49.80500030517578;49.80500030517578;6
2024-12-03 12:11:00+01:00;49.81399917602539;49.81399917602539;49.81399917602539;49.81399917602539;49.81399917602539;25
2024-12-03 12:13:00+01:00;49.79499816894531;49.79899978637695;49.79499816894531;49.79899978637695;49.79899978637695;309
2024-12-03 12:14:00+01:00;49.80699920654297;49.808998107910156;49.805999755859375;49.808998107910156;49.808998107910156;71
2024-12-03 12:15:00+01:00;49.8129997253418;49.8129997253418;49.8129997253418;49.8129997253418;49.8129997253418;4
2024-12-03 12:16:00+01:00;49.8129997253418;49.816001892089844;49.8129997253418;49.816001892089844;49.816001892089844;166
2024-12-03 12:17:00+01:00;49.801998138427734;49.810001373291016;49.797000885009766;49.80799865722656;49.80799865722656;2065
2024-12-03 12:18:00+01:00;49.805999755859375;49.805999755859375;49.79899978637695;49.79899978637695;49.79899978637695;29
2024-12-03 12:19:00+01:00;49.790000915527344;49.79999923706055;49.790000915527344;49.79800033569336;49.79800033569336;14
2024-12-03 12:20:00+01:00;49.80099868774414;49.80500030517578;49.79899978637695;49.80500030517578;49.80500030517578;36
2024-12-03 12:21:00+01:00;49.80699920654297;49.80699920654297;49.80500030517578;49.80699920654297;49.80699920654297;54
2024-12-03 12:22:00+01:00;49.80500030517578;49.80500030517578;49.803001403808594;49.80500030517578;49.80500030517578;22
2024-12-03 12:24:00+01:00;49.80699920654297;49.80699920654297;49.80699920654297;49.80699920654297;49.80699920654297;5
2024-12-03 12:25:00+01:00;49.78900146484375;49.78900146484375;49.78900146484375;49.78900146484375;49.78900146484375;2
2024-12-03 12:26:00+01:00;49.78900146484375;49.79999923706055;49.78900146484375;49.79999923706055;49.79999923706055;14
2024-12-03 12:27:00+01:00;49.79499816894531;49.805999755859375;49.79499816894531;49.805999755859375;49.805999755859375;6
2024-12-03 12:29:00+01:00;49.8120002746582;49.8120002746582;49.8120002746582;49.8120002746582;49.8120002746582;1
2024-12-03 12:31:00+01:00;49.80699920654297;49.80699920654297;49.80699920654297;49.80699920654297;49.80699920654297;1
2024-12-03 12:33:00+01:00;49.80799865722656;49.8129997253418;49.80799865722656;49.8129997253418;49.8129997253418;29
2024-12-03 12:34:00+01:00;49.808998107910156;49.810001373291016;49.80799865722656;49.80799865722656;49.80799865722656;18
2024-12-03 12:36:00+01:00;49.81399917602539;49.81399917602539;49.81399917602539;49.81399917602539;49.81399917602539;2
2024-12-03 12:38:00+01:00;49.808998107910156;49.81100082397461;49.808998107910156;49.81100082397461;49.81100082397461;32
2024-12-03 12:39:00+01:00;49.81399917602539;49.81800079345703;49.81399917602539;49.81800079345703;49.81800079345703;53
2024-12-03 12:40:00+01:00;49.81800079345703;49.81800079345703;49.81399917602539;49.81399917602539;49.81399917602539;26
2024-12-03 12:42:00+01:00;49.81800079345703;49.81800079345703;49.816001892089844;49.81800079345703;49.81800079345703;31
2024-12-03 12:43:00+01:00;49.81800079345703;49.81800079345703;49.805999755859375;49.805999755859375;49.805999755859375;41
2024-12-03 12:44:00+01:00;49.805999755859375;49.81999969482422;49.805999755859375;49.81999969482422;49.81999969482422;310
2024-12-03 12:45:00+01:00;49.82699966430664;49.82699966430664;49.82699966430664;49.82699966430664;49.82699966430664;2
2024-12-03 12:46:00+01:00;49.82699966430664;49.82699966430664;49.81999969482422;49.82500076293945;49.82500076293945;12
2024-12-03 12:47:00+01:00;49.82400131225586;49.83300018310547;49.82400131225586;49.83300018310547;49.83300018310547;11
2024-12-03 12:49:00+01:00;49.834999084472656;49.834999084472656;49.834999084472656;49.834999084472656;49.834999084472656;3
2024-12-03 12:52:00+01:00;49.823001861572266;49.823001861572266;49.8129997253418;49.8129997253418;49.8129997253418;34
2024-12-03 12:53:00+01:00;49.810001373291016;49.810001373291016;49.810001373291016;49.810001373291016;49.810001373291016;10
2024-12-03 12:54:00+01:00;49.81700134277344;49.81800079345703;49.81700134277344;49.81800079345703;49.81800079345703;16
2024-12-03 12:55:00+01:00;49.819000244140625;49.819000244140625;49.819000244140625;49.819000244140625;49.819000244140625;3
2024-12-03 12:56:00+01:00;49.805999755859375;49.80699920654297;49.80500030517578;49.80699920654297;49.80699920654297;48
2024-12-03 12:57:00+01:00;49.8129997253418;49.81800079345703;49.8129997253418;49.81399917602539;49.81399917602539;22
2024-12-03 12:58:00+01:00;49.81999969482422;49.82099914550781;49.81999969482422;49.82099914550781;49.82099914550781;329
2024-12-03 12:59:00+01:00;49.82500076293945;49.82500076293945;49.82500076293945;49.82500076293945;49.82500076293945;5
2024-12-03 13:01:00+01:00;49.83599853515625;49.83599853515625;49.83599853515625;49.83599853515625;49.83599853515625;8
2024-12-03 13:02:00+01:00;49.83700180053711;49.84000015258789;49.83000183105469;49.8390007019043;49.8390007019043;50
2024-12-03 13:03:00+01:00;49.83300018310547;49.83300018310547;49.83300018310547;49.83300018310547;49.83300018310547;3
2024-12-03 13:04:00+01:00;49.832000732421875;49.832000732421875;49.832000732421875;49.832000732421875;49.832000732421875;9
2024-12-03 13:05:00+01:00;49.8380012512207;49.8380012512207;49.83700180053711;49.83700180053711;49.83700180053711;4
2024-12-03 13:06:00+01:00;49.83700180053711;49.83700180053711;49.83700180053711;49.83700180053711;49.83700180053711;62
2024-12-03 13:07:00+01:00;49.84000015258789;49.84000015258789;49.84000015258789;49.84000015258789;49.84000015258789;10
2024-12-03 13:08:00+01:00;49.84400177001953;49.84400177001953;49.83700180053711;49.83700180053711;49.83700180053711;199
2024-12-03 13:09:00+01:00;49.840999603271484;49.84400177001953;49.8390007019043;49.84400177001953;49.84400177001953;58
2024-12-03 13:10:00+01:00;49.85300064086914;49.85300064086914;49.85200119018555;49.85200119018555;49.85200119018555;7
2024-12-03 13:11:00+01:00;49.849998474121094;49.849998474121094;49.840999603271484;49.840999603271484;49.840999603271484;66
2024-12-03 13:12:00+01:00;49.840999603271484;49.840999603271484;49.840999603271484;49.840999603271484;49.840999603271484;4
2024-12-03 13:13:00+01:00;49.834999084472656;49.834999084472656;49.834999084472656;49.834999084472656;49.834999084472656;2
2024-12-03 13:14:00+01:00;49.83000183105469;49.83000183105469;49.827999114990234;49.827999114990234;49.827999114990234;54
2024-12-03 13:15:00+01:00;49.8380012512207;49.8380012512207;49.8380012512207;49.8380012512207;49.8380012512207;2
2024-12-03 13:16:00+01:00;49.84600067138672;49.84600067138672;49.84600067138672;49.84600067138672;49.84600067138672;2
2024-12-03 13:17:00+01:00;49.84299850463867;49.84600067138672;49.84299850463867;49.84600067138672;49.84600067138672;7
2024-12-03 13:18:00+01:00;49.85200119018555;49.85200119018555;49.85200119018555;49.85200119018555;49.85200119018555;2
2024-12-03 13:21:00+01:00;49.86199951171875;49.86199951171875;49.86199951171875;49.86199951171875;49.86199951171875;2
2024-12-03 13:22:00+01:00;49.86899948120117;49.87300109863281;49.86899948120117;49.87300109863281;49.87300109863281;89
2024-12-03 13:23:00+01:00;49.874000549316406;49.875;49.87099838256836;49.87099838256836;49.87099838256836;70
2024-12-03 13:25:00+01:00;49.875;49.875;49.875;49.875;49.875;12
2024-12-03 13:26:00+01:00;49.87799835205078;49.880001068115234;49.87799835205078;49.880001068115234;49.880001068115234;4193
2024-12-03 13:27:00+01:00;49.869998931884766;49.869998931884766;49.869998931884766;49.869998931884766;49.869998931884766;73
2024-12-03 13:28:00+01:00;49.87799835205078;49.88100051879883;49.87799835205078;49.88100051879883;49.88100051879883;13
2024-12-03 13:29:00+01:00;49.88100051879883;49.88199996948242;49.88100051879883;49.88199996948242;49.88199996948242;16
2024-12-03 13:30:00+01:00;49.893001556396484;49.893001556396484;49.887001037597656;49.887001037597656;49.887001037597656;11
2024-12-03 13:31:00+01:00;49.88600158691406;49.88600158691406;49.88600158691406;49.88600158691406;49.88600158691406;3
2024-12-03 13:32:00+01:00;49.89699935913086;49.89699935913086;49.89699935913086;49.89699935913086;49.89699935913086;1
2024-12-03 13:33:00+01:00;49.89899826049805;49.89899826049805;49.88800048828125;49.88800048828125;49.88800048828125;39
2024-12-03 13:34:00+01:00;49.88399887084961;49.89099884033203;49.88399887084961;49.89099884033203;49.89099884033203;5
2024-12-03 13:35:00+01:00;49.880001068115234;49.880001068115234;49.87900161743164;49.87900161743164;49.87900161743164;48
2024-12-03 13:36:00+01:00;49.87799835205078;49.87799835205078;49.87799835205078;49.87799835205078;49.87799835205078;6
2024-12-03 13:37:00+01:00;49.869998931884766;49.88100051879883;49.869998931884766;49.87799835205078;49.87799835205078;142
2024-12-03 13:38:00+01:00;49.891998291015625;49.891998291015625;49.891998291015625;49.891998291015625;49.891998291015625;22
2024-12-03 13:39:00+01:00;49.88999938964844;49.88999938964844;49.88999938964844;49.88999938964844;49.88999938964844;5
2024-12-03 13:40:00+01:00;49.88800048828125;49.89099884033203;49.88800048828125;49.888999938964844;49.888999938964844;143
2024-12-03 13:41:00+01:00;49.875;49.89400100708008;49.875;49.89400100708008;49.89400100708008;114
2024-12-03 13:42:00+01:00;49.89099884033203;49.89899826049805;49.89099884033203;49.89899826049805;49.89899826049805;28
2024-12-03 13:43:00+01:00;49.89899826049805;49.89899826049805;49.895999908447266;49.895999908447266;49.895999908447266;20
2024-12-03 13:44:00+01:00;49.893001556396484;49.893001556396484;49.88999938964844;49.88999938964844;49.88999938964844;22
2024-12-03 13:45:00+01:00;49.88800048828125;49.88800048828125;49.8849983215332;49.8849983215332;49.8849983215332;5
2024-12-03 13:46:00+01:00;49.874000549316406;49.87799835205078;49.874000549316406;49.87799835205078;49.87799835205078;5
2024-12-03 13:47:00+01:00;49.87200164794922;49.87200164794922;49.85900115966797;49.85900115966797;49.85900115966797;17
2024-12-03 13:48:00+01:00;49.85200119018555;49.85200119018555;49.85200119018555;49.85200119018555;49.85200119018555;1
2024-12-03 13:49:00+01:00;49.845001220703125;49.85200119018555;49.845001220703125;49.85200119018555;49.85200119018555;210
2024-12-03 13:51:00+01:00;49.85599899291992;49.856998443603516;49.85599899291992;49.856998443603516;49.856998443603516;48
2024-12-03 13:53:00+01:00;49.8650016784668;49.8650016784668;49.8650016784668;49.8650016784668;49.8650016784668;80
2024-12-03 13:54:00+01:00;49.8650016784668;49.8650016784668;49.8650016784668;49.8650016784668;49.8650016784668;2
2024-12-03 13:55:00+01:00;49.88399887084961;49.88399887084961;49.88399887084961;49.88399887084961;49.88399887084961;100
2024-12-03 13:56:00+01:00;49.88199996948242;49.88399887084961;49.88199996948242;49.88399887084961;49.88399887084961;30
2024-12-03 13:57:00+01:00;49.87300109863281;49.87300109863281;49.87200164794922;49.87200164794922;49.87200164794922;1841
2024-12-03 13:58:00+01:00;49.8849983215332;49.888999938964844;49.8849983215332;49.88600158691406;49.88600158691406;58
2024-12-03 14:00:00+01:00;49.89799880981445;49.89799880981445;49.89799880981445;49.89799880981445;49.89799880981445;3
2024-12-03 14:01:00+01:00;49.891998291015625;49.89799880981445;49.891998291015625;49.89799880981445;49.89799880981445;5
2024-12-03 14:02:00+01:00;49.89799880981445;49.89799880981445;49.88999938964844;49.88999938964844;49.88999938964844;4
2024-12-03 14:03:00+01:00;49.8849983215332;49.8849983215332;49.8849983215332;49.8849983215332;49.8849983215332;4
2024-12-03 14:04:00+01:00;49.8849983215332;49.8849983215332;49.8849983215332;49.8849983215332;49.8849983215332;57
2024-12-03 14:06:00+01:00;49.887001037597656;49.887001037597656;49.887001037597656;49.887001037597656;49.887001037597656;5
2024-12-03 14:07:00+01:00;49.88399887084961;49.88399887084961;49.87900161743164;49.87900161743164;49.87900161743164;2
2024-12-03 14:08:00+01:00;49.87900161743164;49.87900161743164;49.875;49.875;49.875;25
2024-12-03 14:09:00+01:00;49.87799835205078;49.87799835205078;49.87799835205078;49.87799835205078;49.87799835205078;95
2024-12-03 14:10:00+01:00;49.88100051879883;49.88100051879883;49.87900161743164;49.87900161743164;49.87900161743164;26
2024-12-03 14:12:00+01:00;49.88199996948242;49.88399887084961;49.88199996948242;49.88399887084961;49.88399887084961;13
2024-12-03 14:13:00+01:00;49.869998931884766;49.88600158691406;49.869998931884766;49.88399887084961;49.88399887084961;151
2024-12-03 14:14:00+01:00;49.882999420166016;49.882999420166016;49.882999420166016;49.882999420166016;49.882999420166016;25
2024-12-03 14:15:00+01:00;49.88199996948242;49.88199996948242;49.88199996948242;49.88199996948242;49.88199996948242;12
2024-12-03 14:16:00+01:00;49.86800003051758;49.887001037597656;49.86800003051758;49.887001037597656;49.887001037597656;4
2024-12-03 14:18:00+01:00;49.87300109863281;49.87900161743164;49.869998931884766;49.87900161743164;49.87900161743164;33
2024-12-03 14:19:00+01:00;49.87699890136719;49.880001068115234;49.87699890136719;49.880001068115234;49.880001068115234;105
2024-12-03 14:20:00+01:00;49.87699890136719;49.87799835205078;49.87099838256836;49.87099838256836;49.87099838256836;58
2024-12-03 14:21:00+01:00;49.87300109863281;49.87300109863281;49.87300109863281;49.87300109863281;49.87300109863281;12
2024-12-03 14:22:00+01:00;49.875999450683594;49.875999450683594;49.875999450683594;49.875999450683594;49.875999450683594;6
2024-12-03 14:23:00+01:00;49.875999450683594;49.88100051879883;49.875999450683594;49.88100051879883;49.88100051879883;3
2024-12-03 14:24:00+01:00;49.88600158691406;49.88600158691406;49.8849983215332;49.8849983215332;49.8849983215332;73
2024-12-03 14:25:00+01:00;49.888999938964844;49.888999938964844;49.888999938964844;49.888999938964844;49.888999938964844;10
2024-12-03 14:26:00+01:00;49.88800048828125;49.88800048828125;49.869998931884766;49.869998931884766;49.869998931884766;133
2024-12-03 14:27:00+01:00;49.87799835205078;49.87799835205078;49.87799835205078;49.87799835205078;49.87799835205078;19
2024-12-03 14:28:00+01:00;49.87699890136719;49.87699890136719;49.87699890136719;49.87699890136719;49.87699890136719;1
2024-12-03 14:29:00+01:00;49.87900161743164;49.87900161743164;49.87900161743164;49.87900161743164;49.87900161743164;22
2024-12-03 14:30:00+01:00;49.86000061035156;49.86000061035156;49.86000061035156;49.86000061035156;49.86000061035156;7
2024-12-03 14:31:00+01:00;49.867000579833984;49.867000579833984;49.867000579833984;49.867000579833984;49.867000579833984;3
2024-12-03 14:32:00+01:00;49.849998474121094;49.86800003051758;49.849998474121094;49.86800003051758;49.86800003051758;34
2024-12-03 14:33:00+01:00;49.86399841308594;49.86399841308594;49.86399841308594;49.86399841308594;49.86399841308594;10
2024-12-03 14:34:00+01:00;49.861000061035156;49.861000061035156;49.861000061035156;49.861000061035156;49.861000061035156;264
2024-12-03 14:35:00+01:00;49.862998962402344;49.862998962402344;49.862998962402344;49.862998962402344;49.862998962402344;15
2024-12-03 14:36:00+01:00;49.862998962402344;49.862998962402344;49.861000061035156;49.861000061035156;49.861000061035156;54
2024-12-03 14:37:00+01:00;49.86000061035156;49.86000061035156;49.849998474121094;49.856998443603516;49.856998443603516;23
2024-12-03 14:38:00+01:00;49.856998443603516;49.856998443603516;49.854000091552734;49.854000091552734;49.854000091552734;175
2024-12-03 14:39:00+01:00;49.85499954223633;49.856998443603516;49.85499954223633;49.856998443603516;49.856998443603516;160
2024-12-03 14:41:00+01:00;49.862998962402344;49.862998962402344;49.861000061035156;49.861000061035156;49.861000061035156;7
2024-12-03 14:42:00+01:00;49.8650016784668;49.8650016784668;49.8650016784668;49.8650016784668;49.8650016784668;3
2024-12-03 14:43:00+01:00;49.8650016784668;49.8650016784668;49.8650016784668;49.8650016784668;49.8650016784668;4
2024-12-03 14:44:00+01:00;49.867000579833984;49.87300109863281;49.867000579833984;49.867000579833984;49.867000579833984;26
2024-12-03 14:45:00+01:00;49.86600112915039;49.86600112915039;49.86600112915039;49.86600112915039;49.86600112915039;5
2024-12-03 14:46:00+01:00;49.85900115966797;49.85900115966797;49.856998443603516;49.85900115966797;49.85900115966797;31
2024-12-03 14:47:00+01:00;49.862998962402344;49.862998962402344;49.862998962402344;49.862998962402344;49.862998962402344;1
2024-12-03 14:48:00+01:00;49.856998443603516;49.856998443603516;49.856998443603516;49.856998443603516;49.856998443603516;6
2024-12-03 14:49:00+01:00;49.86899948120117;49.874000549316406;49.86899948120117;49.87099838256836;49.87099838256836;16
2024-12-03 14:50:00+01:00;49.8650016784668;49.8650016784668;49.86000061035156;49.86000061035156;49.86000061035156;74
2024-12-03 14:52:00+01:00;49.84000015258789;49.84000015258789;49.84000015258789;49.84000015258789;49.84000015258789;4
2024-12-03 14:53:00+01:00;49.83000183105469;49.83100128173828;49.83000183105469;49.83100128173828;49.83100128173828;74
2024-12-03 14:54:00+01:00;49.81999969482422;49.83000183105469;49.81999969482422;49.82899856567383;49.82899856567383;20
2024-12-03 14:55:00+01:00;49.82099914550781;49.82099914550781;49.82099914550781;49.82099914550781;49.82099914550781;4
2024-12-03 14:56:00+01:00;49.82400131225586;49.82400131225586;49.821998596191406;49.821998596191406;49.821998596191406;130
2024-12-03 14:57:00+01:00;49.82099914550781;49.82099914550781;49.79999923706055;49.810001373291016;49.810001373291016;322
2024-12-03 14:58:00+01:00;49.803001403808594;49.803001403808594;49.803001403808594;49.803001403808594;49.803001403808594;20
2024-12-03 14:59:00+01:00;49.81399917602539;49.81399917602539;49.79899978637695;49.80799865722656;49.80799865722656;224
2024-12-03 15:02:00+01:00;49.84400177001953;49.84400177001953;49.82699966430664;49.82699966430664;49.82699966430664;8
2024-12-03 15:03:00+01:00;49.823001861572266;49.82400131225586;49.819000244140625;49.82400131225586;49.82400131225586;422
2024-12-03 15:04:00+01:00;49.823001861572266;49.823001861572266;49.823001861572266;49.823001861572266;49.823001861572266;10
2024-12-03 15:05:00+01:00;49.810001373291016;49.810001373291016;49.78499984741211;49.78499984741211;49.78499984741211;78
2024-12-03 15:06:00+01:00;49.78099822998047;49.78200149536133;49.77000045776367;49.77000045776367;49.77000045776367;209
2024-12-03 15:07:00+01:00;49.762001037597656;49.762001037597656;49.75;49.755001068115234;49.755001068115234;73
2024-12-03 15:08:00+01:00;49.75699996948242;49.76599884033203;49.75699996948242;49.76599884033203;49.76599884033203;160
2024-12-03 15:09:00+01:00;49.76499938964844;49.76499938964844;49.75;49.75;49.75;91
2024-12-03 15:11:00+01:00;49.78300094604492;49.7869987487793;49.766998291015625;49.766998291015625;49.766998291015625;98
2024-12-03 15:13:00+01:00;49.78099822998047;49.78099822998047;49.77399826049805;49.77399826049805;49.77399826049805;80
2024-12-03 15:14:00+01:00;49.76100158691406;49.768001556396484;49.7599983215332;49.76300048828125;49.76300048828125;4302
2024-12-03 15:15:00+01:00;49.744998931884766;49.74800109863281;49.72999954223633;49.736000061035156;49.736000061035156;3761
2024-12-03 15:19:00+01:00;49.7869987487793;49.79199981689453;49.7869987487793;49.79199981689453;49.79199981689453;202
2024-12-03 15:20:00+01:00;49.770999908447266;49.77799987792969;49.770999908447266;49.77799987792969;49.77799987792969;7
2024-12-03 15:21:00+01:00;49.777000427246094;49.79899978637695;49.777000427246094;49.79899978637695;49.79899978637695;52
2024-12-03 15:22:00+01:00;49.7869987487793;49.7869987487793;49.770999908447266;49.770999908447266;49.770999908447266;86
2024-12-03 15:24:00+01:00;49.76499938964844;49.76499938964844;49.76499938964844;49.76499938964844;49.76499938964844;100
2024-12-03 15:25:00+01:00;49.76100158691406;49.76100158691406;49.75899887084961;49.75899887084961;49.75899887084961;106
2024-12-03 15:26:00+01:00;49.75899887084961;49.75899887084961;49.75600051879883;49.75600051879883;49.75600051879883;74
2024-12-03 15:27:00+01:00;49.75299835205078;49.75600051879883;49.75299835205078;49.75600051879883;49.75600051879883;19
2024-12-03 15:28:00+01:00;49.7599983215332;49.7599983215332;49.7599983215332;49.7599983215332;49.7599983215332;15
2024-12-03 15:29:00+01:00;49.75899887084961;49.75899887084961;49.75899887084961;49.75899887084961;49.75899887084961;2
2024-12-03 15:30:00+01:00;49.79399871826172;49.79399871826172;49.78900146484375;49.78900146484375;49.78900146484375;11
2024-12-03 15:31:00+01:00;49.7400016784668;49.7400016784668;49.7400016784668;49.7400016784668;49.7400016784668;2
2024-12-03 15:32:00+01:00;49.7760009765625;49.7760009765625;49.7760009765625;49.7760009765625;49.7760009765625;60
2024-12-03 15:33:00+01:00;49.78799819946289;49.78799819946289;49.78799819946289;49.78799819946289;49.78799819946289;17
2024-12-03 15:34:00+01:00;49.79100036621094;49.79899978637695;49.79100036621094;49.79899978637695;49.79899978637695;12
2024-12-03 15:35:00+01:00;49.79899978637695;49.80099868774414;49.77000045776367;49.78799819946289;49.78799819946289;46
2024-12-03 15:36:00+01:00;49.79600143432617;49.79600143432617;49.7869987487793;49.7869987487793;49.7869987487793;14
2024-12-03 15:37:00+01:00;49.7400016784668;49.75;49.736000061035156;49.744998931884766;49.744998931884766;666
2024-12-03 15:38:00+01:00;49.74399948120117;49.757999420166016;49.72999954223633;49.757999420166016;49.757999420166016;18
2024-12-03 15:39:00+01:00;49.770999908447266;49.77299880981445;49.770999908447266;49.77299880981445;49.77299880981445;312
2024-12-03 15:40:00+01:00;49.7599983215332;49.7599983215332;49.7599983215332;49.7599983215332;49.7599983215332;80
2024-12-03 15:42:00+01:00;49.75;49.75;49.74599838256836;49.74599838256836;49.74599838256836;11
2024-12-03 15:43:00+01:00;49.74800109863281;49.74800109863281;49.74800109863281;49.74800109863281;49.74800109863281;2
2024-12-03 15:45:00+01:00;49.76599884033203;49.78300094604492;49.76599884033203;49.78300094604492;49.78300094604492;16
2024-12-03 15:46:00+01:00;49.78200149536133;49.78200149536133;49.777000427246094;49.77899932861328;49.77899932861328;16
2024-12-03 15:47:00+01:00;49.77799987792969;49.78300094604492;49.77799987792969;49.78099822998047;49.78099822998047;15
2024-12-03 15:49:00+01:00;49.766998291015625;49.7760009765625;49.766998291015625;49.768001556396484;49.768001556396484;80
2024-12-03 15:50:00+01:00;49.78499984741211;49.7869987487793;49.78499984741211;49.7869987487793;49.7869987487793;22
2024-12-03 15:51:00+01:00;49.79199981689453;49.79600143432617;49.790000915527344;49.79600143432617;49.79600143432617;205
2024-12-03 15:52:00+01:00;49.790000915527344;49.790000915527344;49.790000915527344;49.790000915527344;49.790000915527344;55
2024-12-03 15:54:00+01:00;49.766998291015625;49.77799987792969;49.766998291015625;49.77799987792969;49.77799987792969;29
2024-12-03 15:55:00+01:00;49.775001525878906;49.775001525878906;49.77000045776367;49.77000045776367;49.77000045776367;70
2024-12-03 15:56:00+01:00;49.77000045776367;49.78499984741211;49.77000045776367;49.78499984741211;49.78499984741211;91
2024-12-03 15:57:00+01:00;49.784000396728516;49.790000915527344;49.784000396728516;49.790000915527344;49.790000915527344;13
2024-12-03 15:59:00+01:00;49.8129997253418;49.8129997253418;49.8129997253418;49.8129997253418;49.8129997253418;6
2024-12-03 16:02:00+01:00;49.849998474121094;49.849998474121094;49.849998474121094;49.849998474121094;49.849998474121094;52
2024-12-03 16:03:00+01:00;49.867000579833984;49.867000579833984;49.867000579833984;49.867000579833984;49.867000579833984;15
2024-12-03 16:04:00+01:00;49.85900115966797;49.85900115966797;49.84700012207031;49.84700012207031;49.84700012207031;224
2024-12-03 16:06:00+01:00;49.869998931884766;49.869998931884766;49.8650016784668;49.8650016784668;49.8650016784668;64
2024-12-03 16:07:00+01:00;49.87099838256836;49.87099838256836;49.87099838256836;49.87099838256836;49.87099838256836;12
2024-12-03 16:08:00+01:00;49.8650016784668;49.8650016784668;49.8650016784668;49.8650016784668;49.8650016784668;4
2024-12-03 16:10:00+01:00;49.86899948120117;49.86899948120117;49.849998474121094;49.849998474121094;49.849998474121094;33
2024-12-03 16:11:00+01:00;49.87099838256836;49.87799835205078;49.85200119018555;49.85200119018555;49.85200119018555;145
2024-12-03 16:12:00+01:00;49.869998931884766;49.869998931884766;49.869998931884766;49.869998931884766;49.869998931884766;4
2024-12-03 16:13:00+01:00;49.880001068115234;49.880001068115234;49.880001068115234;49.880001068115234;49.880001068115234;61
2024-12-03 16:14:00+01:00;49.87699890136719;49.87699890136719;49.87699890136719;49.87699890136719;49.87699890136719;15
2024-12-03 16:15:00+01:00;49.887001037597656;49.891998291015625;49.887001037597656;49.891998291015625;49.891998291015625;20
2024-12-03 16:16:00+01:00;49.87900161743164;49.87900161743164;49.875999450683594;49.87699890136719;49.87699890136719;22
2024-12-03 16:17:00+01:00;49.88600158691406;49.88600158691406;49.88600158691406;49.88600158691406;49.88600158691406;40
2024-12-03 16:18:00+01:00;49.88600158691406;49.88600158691406;49.87799835205078;49.882999420166016;49.882999420166016;56
2024-12-03 16:19:00+01:00;49.887001037597656;49.887001037597656;49.887001037597656;49.887001037597656;49.887001037597656;2
2024-12-03 16:20:00+01:00;49.85100173950195;49.86000061035156;49.85100173950195;49.86000061035156;49.86000061035156;102
2024-12-03 16:21:00+01:00;49.86000061035156;49.86000061035156;49.85200119018555;49.85200119018555;49.85200119018555;3
2024-12-03 16:22:00+01:00;49.86199951171875;49.86199951171875;49.854000091552734;49.854000091552734;49.854000091552734;43
2024-12-03 16:26:00+01:00;49.84299850463867;49.84700012207031;49.83599853515625;49.84700012207031;49.84700012207031;114
2024-12-03 16:27:00+01:00;49.840999603271484;49.85200119018555;49.840999603271484;49.85200119018555;49.85200119018555;361
2024-12-03 16:28:00+01:00;49.87699890136719;49.87699890136719;49.87699890136719;49.87699890136719;49.87699890136719;301
2024-12-03 16:29:00+01:00;49.87300109863281;49.87799835205078;49.858001708984375;49.858001708984375;49.858001708984375;1023
2024-12-03 16:32:00+01:00;49.8390007019043;49.8390007019043;49.8390007019043;49.8390007019043;49.8390007019043;40
2024-12-03 16:34:00+01:00;49.84600067138672;49.84700012207031;49.84600067138672;49.84600067138672;49.84600067138672;10
2024-12-03 16:35:00+01:00;49.83599853515625;49.861000061035156;49.83599853515625;49.861000061035156;49.861000061035156;40
2024-12-03 16:36:00+01:00;49.83599853515625;49.83599853515625;49.83599853515625;49.83599853515625;49.83599853515625;10
2024-12-03 16:37:00+01:00;49.840999603271484;49.840999603271484;49.80500030517578;49.80500030517578;49.80500030517578;5
2024-12-03 16:38:00+01:00;49.840999603271484;49.840999603271484;49.8390007019043;49.8390007019043;49.8390007019043;88
2024-12-03 16:39:00+01:00;49.85499954223633;49.85499954223633;49.85499954223633;49.85499954223633;49.85499954223633;60
2024-12-03 16:41:00+01:00;49.810001373291016;49.83000183105469;49.810001373291016;49.83000183105469;49.83000183105469;1040
2024-12-03 16:42:00+01:00;49.821998596191406;49.821998596191406;49.821998596191406;49.821998596191406;49.821998596191406;12
2024-12-03 16:43:00+01:00;49.81700134277344;49.81999969482422;49.81700134277344;49.81999969482422;49.81999969482422;58
2024-12-03 16:44:00+01:00;49.79999923706055;49.79999923706055;49.790000915527344;49.790000915527344;49.790000915527344;129
2024-12-03 16:45:00+01:00;49.79999923706055;49.79999923706055;49.79899978637695;49.79899978637695;49.79899978637695;31
2024-12-03 16:46:00+01:00;49.79100036621094;49.79100036621094;49.7869987487793;49.78900146484375;49.78900146484375;14
2024-12-03 16:47:00+01:00;49.76499938964844;49.779998779296875;49.75;49.75;49.75;1105
2024-12-03 16:48:00+01:00;49.77399826049805;49.7760009765625;49.768001556396484;49.768001556396484;49.768001556396484;149
2024-12-03 16:49:00+01:00;49.77799987792969;49.77799987792969;49.7760009765625;49.7760009765625;49.7760009765625;107
2024-12-03 16:50:00+01:00;49.77899932861328;49.7869987487793;49.77899932861328;49.7869987487793;49.7869987487793;563
2024-12-03 16:51:00+01:00;49.78499984741211;49.78499984741211;49.775001525878906;49.775001525878906;49.775001525878906;49
2024-12-03 16:52:00+01:00;49.75;49.75;49.7400016784668;49.749000549316406;49.749000549316406;17
2024-12-03 16:53:00+01:00;49.74399948120117;49.74399948120117;49.74399948120117;49.74399948120117;49.74399948120117;12
2024-12-03 16:54:00+01:00;49.750999450683594;49.77000045776367;49.750999450683594;49.77000045776367;49.77000045776367;52
2024-12-03 16:55:00+01:00;49.74300003051758;49.74300003051758;49.74300003051758;49.74300003051758;49.74300003051758;5
2024-12-03 16:56:00+01:00;49.75899887084961;49.75899887084961;49.755001068115234;49.755001068115234;49.755001068115234;7
2024-12-03 16:57:00+01:00;49.76100158691406;49.76599884033203;49.7400016784668;49.755001068115234;49.755001068115234;22
2024-12-03 16:58:00+01:00;49.76300048828125;49.76900100708008;49.76300048828125;49.76900100708008;49.76900100708008;596
2024-12-03 16:59:00+01:00;49.7760009765625;49.779998779296875;49.7760009765625;49.779998779296875;49.779998779296875;65
2024-12-03 17:00:00+01:00;49.779998779296875;49.779998779296875;49.779998779296875;49.779998779296875;49.779998779296875;180
2024-12-03 17:01:00+01:00;49.7859992980957;49.82899856567383;49.7859992980957;49.82899856567383;49.82899856567383;84
2024-12-03 17:02:00+01:00;49.8129997253418;49.8129997253418;49.80400085449219;49.805999755859375;49.805999755859375;25
2024-12-03 17:03:00+01:00;49.805999755859375;49.810001373291016;49.805999755859375;49.810001373291016;49.810001373291016;15
2024-12-03 17:04:00+01:00;49.82400131225586;49.82400131225586;49.82400131225586;49.82400131225586;49.82400131225586;26
2024-12-03 17:06:00+01:00;49.83599853515625;49.85200119018555;49.834999084472656;49.834999084472656;49.834999084472656;80
2024-12-03 17:07:00+01:00;49.834999084472656;49.85200119018555;49.834999084472656;49.85200119018555;49.85200119018555;61
2024-12-03 17:09:00+01:00;49.84700012207031;49.84700012207031;49.84700012207031;49.84700012207031;49.84700012207031;100
2024-12-03 17:10:00+01:00;49.849998474121094;49.854000091552734;49.849998474121094;49.854000091552734;49.854000091552734;19
2024-12-03 17:11:00+01:00;49.849998474121094;49.849998474121094;49.82400131225586;49.84000015258789;49.84000015258789;26
2024-12-03 17:12:00+01:00;49.82400131225586;49.82400131225586;49.82400131225586;49.82400131225586;49.82400131225586;18
2024-12-03 17:13:00+01:00;49.83000183105469;49.83000183105469;49.83000183105469;49.83000183105469;49.83000183105469;100
2024-12-03 17:15:00+01:00;49.84199905395508;49.84199905395508;49.83700180053711;49.83700180053711;49.83700180053711;402
2024-12-03 17:16:00+01:00;49.79999923706055;49.819000244140625;49.79999923706055;49.819000244140625;49.819000244140625;8
2024-12-03 17:17:00+01:00;49.81800079345703;49.81800079345703;49.81800079345703;49.81800079345703;49.81800079345703;2
2024-12-03 17:18:00+01:00;49.81800079345703;49.81800079345703;49.81800079345703;49.81800079345703;49.81800079345703;40
2024-12-03 17:19:00+01:00;49.8120002746582;49.8120002746582;49.79999923706055;49.8120002746582;49.8120002746582;136
2024-12-03 17:20:00+01:00;49.808998107910156;49.808998107910156;49.808998107910156;49.808998107910156;49.808998107910156;7
2024-12-03 17:21:00+01:00;49.81100082397461;49.81100082397461;49.81100082397461;49.81100082397461;49.81100082397461;3
2024-12-03 17:22:00+01:00;49.80699920654297;49.80699920654297;49.80699920654297;49.80699920654297;49.80699920654297;3
2024-12-03 17:23:00+01:00;49.81100082397461;49.81800079345703;49.805999755859375;49.81800079345703;49.81800079345703;206
2024-12-03 17:24:00+01:00;49.81399917602539;49.819000244140625;49.81399917602539;49.819000244140625;49.819000244140625;11
2024-12-03 17:25:00+01:00;49.83300018310547;49.83300018310547;49.819000244140625;49.819000244140625;49.819000244140625;19
2024-12-03 17:28:00+01:00;49.858001708984375;49.86199951171875;49.858001708984375;49.86199951171875;49.86199951171875;211
2024-12-03 17:29:00+01:00;49.861000061035156;49.87200164794922;49.861000061035156;49.87200164794922;49.87200164794922;201
