Datetime;Open;High;Low;Close;Adj Close;Volume
2024-11-06 09:04:00+01:00;47.50699996948242;47.50699996948242;47.486000061035156;47.50600051879883;47.50600051879883;0
2024-11-06 09:05:00+01:00;47.47600173950195;47.534000396728516;47.46500015258789;47.46500015258789;47.46500015258789;150
2024-11-06 09:06:00+01:00;47.46699905395508;47.55400085449219;47.46699905395508;47.540000915527344;47.540000915527344;289
2024-11-06 09:07:00+01:00;47.51300048828125;47.52399826049805;47.49800109863281;47.51900100708008;47.51900100708008;1596
2024-11-06 09:08:00+01:00;47.50699996948242;47.50699996948242;47.452999114990234;47.479000091552734;47.479000091552734;686
2024-11-06 09:09:00+01:00;47.479000091552734;47.51499938964844;47.452999114990234;47.452999114990234;47.452999114990234;305
2024-11-06 09:10:00+01:00;47.4640007019043;47.486000061035156;47.4640007019043;47.479000091552734;47.479000091552734;2012
2024-11-06 09:11:00+01:00;47.481998443603516;47.513999938964844;47.46699905395508;47.49599838256836;47.49599838256836;31
2024-11-06 09:12:00+01:00;47.54800033569336;47.54800033569336;47.49399948120117;47.505001068115234;47.505001068115234;648
2024-11-06 09:13:00+01:00;47.525001525878906;47.57600021362305;47.500999450683594;47.54899978637695;47.54899978637695;462
2024-11-06 09:14:00+01:00;47.534000396728516;47.553001403808594;47.516998291015625;47.516998291015625;47.516998291015625;250
2024-11-06 09:15:00+01:00;47.540000915527344;47.55400085449219;47.5369987487793;47.5369987487793;47.5369987487793;1523
2024-11-06 09:17:00+01:00;47.52000045776367;47.55099868774414;47.52000045776367;47.525001525878906;47.525001525878906;1170
2024-11-06 09:18:00+01:00;47.52000045776367;47.53900146484375;47.5;47.5;47.5;370
2024-11-06 09:19:00+01:00;47.5;47.52899932861328;47.47999954223633;47.47999954223633;47.47999954223633;632
2024-11-06 09:20:00+01:00;47.49399948120117;47.54100036621094;47.49399948120117;47.525001525878906;47.525001525878906;185
2024-11-06 09:21:00+01:00;47.52899932861328;47.547000885009766;47.52899932861328;47.5369987487793;47.5369987487793;306
2024-11-06 09:22:00+01:00;47.527000427246094;47.54999923706055;47.525001525878906;47.54999923706055;47.54999923706055;46
2024-11-06 09:23:00+01:00;47.55699920654297;47.584999084472656;47.555999755859375;47.5629997253418;47.5629997253418;418
2024-11-06 09:24:00+01:00;47.55799865722656;47.560001373291016;47.5359992980957;47.54899978637695;47.54899978637695;1102
2024-11-06 09:25:00+01:00;47.542999267578125;47.542999267578125;47.513999938964844;47.516998291015625;47.516998291015625;3512
2024-11-06 09:26:00+01:00;47.516998291015625;47.53900146484375;47.516998291015625;47.53300094604492;47.53300094604492;326
2024-11-06 09:27:00+01:00;47.525001525878906;47.525001525878906;47.50400161743164;47.525001525878906;47.525001525878906;2899
2024-11-06 09:28:00+01:00;47.52299880981445;47.542999267578125;47.52299880981445;47.52399826049805;47.52399826049805;114
2024-11-06 09:29:00+01:00;47.52199935913086;47.527000427246094;47.51100158691406;47.5260009765625;47.5260009765625;463
2024-11-06 09:30:00+01:00;47.53499984741211;47.555999755859375;47.52000045776367;47.534000396728516;47.534000396728516;297
2024-11-06 09:31:00+01:00;47.53099822998047;47.53099822998047;47.52000045776367;47.520999908447266;47.520999908447266;199
2024-11-06 09:32:00+01:00;47.51599884033203;47.52299880981445;47.51599884033203;47.52000045776367;47.52000045776367;28
2024-11-06 09:33:00+01:00;47.51100158691406;47.527000427246094;47.51100158691406;47.513999938964844;47.513999938964844;804
2024-11-06 09:34:00+01:00;47.555999755859375;47.555999755859375;47.49800109863281;47.50199890136719;47.50199890136719;2294
2024-11-06 09:35:00+01:00;47.53900146484375;47.53900146484375;47.50299835205078;47.5099983215332;47.5099983215332;594
2024-11-06 09:36:00+01:00;47.50600051879883;47.51499938964844;47.470001220703125;47.47100067138672;47.47100067138672;115
2024-11-06 09:37:00+01:00;47.4640007019043;47.46699905395508;47.452999114990234;47.46099853515625;47.46099853515625;198
2024-11-06 09:38:00+01:00;47.45000076293945;47.45000076293945;47.43899917602539;47.43899917602539;47.43899917602539;271
2024-11-06 09:39:00+01:00;47.4640007019043;47.518001556396484;47.4640007019043;47.512001037597656;47.512001037597656;162
2024-11-06 09:40:00+01:00;47.51499938964844;47.529998779296875;47.512001037597656;47.52000045776367;47.52000045776367;600
2024-11-06 09:41:00+01:00;47.513999938964844;47.51499938964844;47.5;47.51499938964844;47.51499938964844;376
2024-11-06 09:42:00+01:00;47.51499938964844;47.53300094604492;47.5099983215332;47.53300094604492;47.53300094604492;30
2024-11-06 09:43:00+01:00;47.5359992980957;47.5359992980957;47.5;47.50400161743164;47.50400161743164;98
2024-11-06 09:44:00+01:00;47.49399948120117;47.50299835205078;47.492000579833984;47.49399948120117;47.49399948120117;836
2024-11-06 09:45:00+01:00;47.50400161743164;47.50699996948242;47.48899841308594;47.49300003051758;47.49300003051758;1769
2024-11-06 09:46:00+01:00;47.5099983215332;47.520999908447266;47.49800109863281;47.49800109863281;47.49800109863281;15
2024-11-06 09:47:00+01:00;47.50199890136719;47.5260009765625;47.50199890136719;47.51599884033203;47.51599884033203;101
2024-11-06 09:48:00+01:00;47.5099983215332;47.5099983215332;47.48500061035156;47.5;47.5;71
2024-11-06 09:49:00+01:00;47.499000549316406;47.54600143432617;47.499000549316406;47.54600143432617;47.54600143432617;289
2024-11-06 09:50:00+01:00;47.553001403808594;47.56800079345703;47.529998779296875;47.547000885009766;47.547000885009766;338
2024-11-06 09:51:00+01:00;47.5620002746582;47.57400131225586;47.54800033569336;47.573001861572266;47.573001861572266;611
2024-11-06 09:52:00+01:00;47.58399963378906;47.617000579833984;47.58399963378906;47.599998474121094;47.599998474121094;1723
2024-11-06 09:53:00+01:00;47.58700180053711;47.59199905395508;47.584999084472656;47.59199905395508;47.59199905395508;22
2024-11-06 09:54:00+01:00;47.58599853515625;47.59600067138672;47.58599853515625;47.590999603271484;47.590999603271484;222
2024-11-06 09:55:00+01:00;47.58399963378906;47.597999572753906;47.58000183105469;47.597999572753906;47.597999572753906;48
2024-11-06 09:56:00+01:00;47.604000091552734;47.604000091552734;47.58399963378906;47.58399963378906;47.58399963378906;70
2024-11-06 09:57:00+01:00;47.5890007019043;47.5890007019043;47.560001373291016;47.560001373291016;47.560001373291016;344
2024-11-06 09:58:00+01:00;47.54999923706055;47.566001892089844;47.54899978637695;47.566001892089844;47.566001892089844;269
2024-11-06 09:59:00+01:00;47.56999969482422;47.5989990234375;47.54600143432617;47.560001373291016;47.560001373291016;37
2024-11-06 10:00:00+01:00;47.5260009765625;47.54800033569336;47.5260009765625;47.54499816894531;47.54499816894531;58
2024-11-06 10:01:00+01:00;47.54999923706055;47.56700134277344;47.54999923706055;47.564998626708984;47.564998626708984;224
2024-11-06 10:02:00+01:00;47.566001892089844;47.57500076293945;47.54399871826172;47.57500076293945;47.57500076293945;34
2024-11-06 10:03:00+01:00;47.58100128173828;47.58100128173828;47.566001892089844;47.57099914550781;47.57099914550781;292
2024-11-06 10:04:00+01:00;47.57500076293945;47.58000183105469;47.571998596191406;47.571998596191406;47.571998596191406;37
2024-11-06 10:05:00+01:00;47.54999923706055;47.54999923706055;47.54499816894531;47.54899978637695;47.54899978637695;282
2024-11-06 10:06:00+01:00;47.54600143432617;47.55400085449219;47.54600143432617;47.55099868774414;47.55099868774414;1555
2024-11-06 10:07:00+01:00;47.56700134277344;47.56700134277344;47.564998626708984;47.56700134277344;47.56700134277344;65
2024-11-06 10:08:00+01:00;47.56100082397461;47.56100082397461;47.52899932861328;47.52899932861328;47.52899932861328;281
2024-11-06 10:09:00+01:00;47.53799819946289;47.53900146484375;47.53799819946289;47.53900146484375;47.53900146484375;112
2024-11-06 10:10:00+01:00;47.52899932861328;47.52899932861328;47.5;47.50400161743164;47.50400161743164;112
2024-11-06 10:11:00+01:00;47.49800109863281;47.49800109863281;47.492000579833984;47.492000579833984;47.492000579833984;10
2024-11-06 10:12:00+01:00;47.49100112915039;47.492000579833984;47.49100112915039;47.492000579833984;47.492000579833984;214
2024-11-06 10:13:00+01:00;47.49800109863281;47.49800109863281;47.4900016784668;47.49700164794922;47.49700164794922;19
2024-11-06 10:14:00+01:00;47.5260009765625;47.5260009765625;47.5;47.5;47.5;989
2024-11-06 10:15:00+01:00;47.51599884033203;47.527000427246094;47.51300048828125;47.527000427246094;47.527000427246094;1204
2024-11-06 10:16:00+01:00;47.52799987792969;47.52799987792969;47.52000045776367;47.520999908447266;47.520999908447266;2349
2024-11-06 10:17:00+01:00;47.52000045776367;47.52799987792969;47.50699996948242;47.52199935913086;47.52199935913086;85
2024-11-06 10:18:00+01:00;47.516998291015625;47.516998291015625;47.51599884033203;47.51599884033203;47.51599884033203;41
2024-11-06 10:19:00+01:00;47.52299880981445;47.52899932861328;47.52000045776367;47.5260009765625;47.5260009765625;220
2024-11-06 10:20:00+01:00;47.525001525878906;47.527000427246094;47.51300048828125;47.527000427246094;47.527000427246094;617
2024-11-06 10:21:00+01:00;47.53200149536133;47.534000396728516;47.52000045776367;47.534000396728516;47.534000396728516;605
2024-11-06 10:22:00+01:00;47.53200149536133;47.5369987487793;47.512001037597656;47.5369987487793;47.5369987487793;922
2024-11-06 10:23:00+01:00;47.53099822998047;47.53099822998047;47.529998779296875;47.529998779296875;47.529998779296875;11
2024-11-06 10:24:00+01:00;47.542999267578125;47.542999267578125;47.540000915527344;47.540000915527344;47.540000915527344;1320
2024-11-06 10:25:00+01:00;47.547000885009766;47.547000885009766;47.5260009765625;47.5260009765625;47.5260009765625;43
2024-11-06 10:26:00+01:00;47.54999923706055;47.566001892089844;47.54999923706055;47.566001892089844;47.566001892089844;30
2024-11-06 10:27:00+01:00;47.5629997253418;47.571998596191406;47.56100082397461;47.571998596191406;47.571998596191406;52
2024-11-06 10:28:00+01:00;47.56999969482422;47.58399963378906;47.560001373291016;47.57600021362305;47.57600021362305;506
2024-11-06 10:29:00+01:00;47.57400131225586;47.57400131225586;47.553001403808594;47.56700134277344;47.56700134277344;592
2024-11-06 10:30:00+01:00;47.56399917602539;47.58399963378906;47.558998107910156;47.58399963378906;47.58399963378906;162
2024-11-06 10:31:00+01:00;47.57600021362305;47.58599853515625;47.573001861572266;47.582000732421875;47.582000732421875;295
2024-11-06 10:32:00+01:00;47.56800079345703;47.584999084472656;47.56700134277344;47.577999114990234;47.577999114990234;1164
2024-11-06 10:33:00+01:00;47.5890007019043;47.59000015258789;47.58599853515625;47.5880012512207;47.5880012512207;42
2024-11-06 10:34:00+01:00;47.57500076293945;47.57600021362305;47.566001892089844;47.569000244140625;47.569000244140625;362
2024-11-06 10:35:00+01:00;47.55799865722656;47.573001861572266;47.55699920654297;47.56700134277344;47.56700134277344;820
2024-11-06 10:36:00+01:00;47.56700134277344;47.56800079345703;47.560001373291016;47.564998626708984;47.564998626708984;171
2024-11-06 10:37:00+01:00;47.57500076293945;47.59000015258789;47.57500076293945;47.58599853515625;47.58599853515625;4427
2024-11-06 10:38:00+01:00;47.58399963378906;47.58399963378906;47.56999969482422;47.57400131225586;47.57400131225586;116
2024-11-06 10:39:00+01:00;47.56999969482422;47.58000183105469;47.5620002746582;47.5620002746582;47.5620002746582;30
2024-11-06 10:40:00+01:00;47.584999084472656;47.59400177001953;47.58300018310547;47.58300018310547;47.58300018310547;27
2024-11-06 10:41:00+01:00;47.577999114990234;47.58300018310547;47.56800079345703;47.58300018310547;47.58300018310547;194
2024-11-06 10:42:00+01:00;47.57699966430664;47.57899856567383;47.57500076293945;47.57899856567383;47.57899856567383;122
2024-11-06 10:43:00+01:00;47.5989990234375;47.5989990234375;47.58599853515625;47.58700180053711;47.58700180053711;35
2024-11-06 10:44:00+01:00;47.58700180053711;47.58700180053711;47.57500076293945;47.582000732421875;47.582000732421875;25
2024-11-06 10:45:00+01:00;47.577999114990234;47.58100128173828;47.577999114990234;47.57899856567383;47.57899856567383;177
2024-11-06 10:46:00+01:00;47.58599853515625;47.59299850463867;47.58399963378906;47.59199905395508;47.59199905395508;314
2024-11-06 10:47:00+01:00;47.590999603271484;47.59400177001953;47.58000183105469;47.58700180053711;47.58700180053711;279
2024-11-06 10:48:00+01:00;47.57699966430664;47.57699966430664;47.5629997253418;47.5629997253418;47.5629997253418;367
2024-11-06 10:49:00+01:00;47.560001373291016;47.56399917602539;47.560001373291016;47.56100082397461;47.56100082397461;149
2024-11-06 10:50:00+01:00;47.558998107910156;47.566001892089844;47.54600143432617;47.55099868774414;47.55099868774414;301
2024-11-06 10:51:00+01:00;47.56700134277344;47.56700134277344;47.54800033569336;47.566001892089844;47.566001892089844;21
2024-11-06 10:52:00+01:00;47.566001892089844;47.56999969482422;47.55400085449219;47.56100082397461;47.56100082397461;246
2024-11-06 10:53:00+01:00;47.56999969482422;47.59199905395508;47.56999969482422;47.59199905395508;47.59199905395508;130
2024-11-06 10:54:00+01:00;47.599998474121094;47.61800003051758;47.5890007019043;47.5890007019043;47.5890007019043;2441
2024-11-06 10:55:00+01:00;47.604000091552734;47.604000091552734;47.59700012207031;47.59700012207031;47.59700012207031;22
2024-11-06 10:56:00+01:00;47.59400177001953;47.60900115966797;47.59400177001953;47.60900115966797;47.60900115966797;66
2024-11-06 10:57:00+01:00;47.63100051879883;47.63199996948242;47.630001068115234;47.630001068115234;47.630001068115234;27
2024-11-06 10:58:00+01:00;47.630001068115234;47.63199996948242;47.630001068115234;47.63100051879883;47.63100051879883;118
2024-11-06 10:59:00+01:00;47.63600158691406;47.65800094604492;47.63600158691406;47.65800094604492;47.65800094604492;148
2024-11-06 11:00:00+01:00;47.66299819946289;47.66299819946289;47.64799880981445;47.64799880981445;47.64799880981445;38
2024-11-06 11:01:00+01:00;47.65599822998047;47.66600036621094;47.65599822998047;47.66600036621094;47.66600036621094;145
2024-11-06 11:02:00+01:00;47.67499923706055;47.67499923706055;47.65999984741211;47.672000885009766;47.672000885009766;45
2024-11-06 11:03:00+01:00;47.67499923706055;47.68000030517578;47.672000885009766;47.67499923706055;47.67499923706055;146
2024-11-06 11:04:00+01:00;47.67100143432617;47.67100143432617;47.65700149536133;47.65700149536133;47.65700149536133;192
2024-11-06 11:05:00+01:00;47.659000396728516;47.659000396728516;47.63600158691406;47.643001556396484;47.643001556396484;3606
2024-11-06 11:06:00+01:00;47.630001068115234;47.64400100708008;47.60900115966797;47.60900115966797;47.60900115966797;97
2024-11-06 11:07:00+01:00;47.62099838256836;47.641998291015625;47.62099838256836;47.641998291015625;47.641998291015625;70
2024-11-06 11:08:00+01:00;47.64400100708008;47.64799880981445;47.64400100708008;47.645999908447266;47.645999908447266;21
2024-11-06 11:09:00+01:00;47.645999908447266;47.64799880981445;47.645999908447266;47.645999908447266;47.645999908447266;22
2024-11-06 11:10:00+01:00;47.654998779296875;47.65599822998047;47.64400100708008;47.64400100708008;47.64400100708008;90
2024-11-06 11:11:00+01:00;47.643001556396484;47.66699981689453;47.643001556396484;47.66299819946289;47.66299819946289;583
2024-11-06 11:12:00+01:00;47.6609992980957;47.68199920654297;47.6609992980957;47.680999755859375;47.680999755859375;30
2024-11-06 11:13:00+01:00;47.680999755859375;47.680999755859375;47.66699981689453;47.66699981689453;47.66699981689453;25
2024-11-06 11:14:00+01:00;47.66400146484375;47.66400146484375;47.64799880981445;47.65299987792969;47.65299987792969;371
2024-11-06 11:15:00+01:00;47.650001525878906;47.66299819946289;47.650001525878906;47.66299819946289;47.66299819946289;30
2024-11-06 11:16:00+01:00;47.66600036621094;47.66699981689453;47.665000915527344;47.665000915527344;47.665000915527344;29
2024-11-06 11:17:00+01:00;47.67300033569336;47.67300033569336;47.65800094604492;47.66400146484375;47.66400146484375;79
2024-11-06 11:18:00+01:00;47.66400146484375;47.66400146484375;47.66400146484375;47.66400146484375;47.66400146484375;5
2024-11-06 11:20:00+01:00;47.66899871826172;47.66899871826172;47.650001525878906;47.65599822998047;47.65599822998047;147
2024-11-06 11:21:00+01:00;47.65599822998047;47.65599822998047;47.652000427246094;47.652000427246094;47.652000427246094;43
2024-11-06 11:22:00+01:00;47.6510009765625;47.6510009765625;47.6510009765625;47.6510009765625;47.6510009765625;10
2024-11-06 11:23:00+01:00;47.64099884033203;47.643001556396484;47.62900161743164;47.641998291015625;47.641998291015625;14
2024-11-06 11:24:00+01:00;47.63999938964844;47.63999938964844;47.60900115966797;47.60900115966797;47.60900115966797;3055
2024-11-06 11:25:00+01:00;47.62200164794922;47.62200164794922;47.619998931884766;47.62099838256836;47.62099838256836;96
2024-11-06 11:26:00+01:00;47.62300109863281;47.625;47.62300109863281;47.625;47.625;16
2024-11-06 11:27:00+01:00;47.612998962402344;47.6150016784668;47.61000061035156;47.611000061035156;47.611000061035156;82
2024-11-06 11:28:00+01:00;47.611000061035156;47.61199951171875;47.611000061035156;47.61199951171875;47.61199951171875;510
2024-11-06 11:29:00+01:00;47.64500045776367;47.64500045776367;47.64500045776367;47.64500045776367;47.64500045776367;5
2024-11-06 11:30:00+01:00;47.63999938964844;47.65299987792969;47.63999938964844;47.6510009765625;47.6510009765625;54
2024-11-06 11:31:00+01:00;47.6510009765625;47.659000396728516;47.6510009765625;47.659000396728516;47.659000396728516;56
2024-11-06 11:32:00+01:00;47.65999984741211;47.67399978637695;47.652000427246094;47.67399978637695;47.67399978637695;106
2024-11-06 11:33:00+01:00;47.67599868774414;47.676998138427734;47.65999984741211;47.65999984741211;47.65999984741211;13
2024-11-06 11:34:00+01:00;47.67100143432617;47.680999755859375;47.65999984741211;47.67900085449219;47.67900085449219;14
2024-11-06 11:35:00+01:00;47.676998138427734;47.680999755859375;47.676998138427734;47.680999755859375;47.680999755859375;91
2024-11-06 11:36:00+01:00;47.68199920654297;47.689998626708984;47.680999755859375;47.680999755859375;47.680999755859375;171
2024-11-06 11:37:00+01:00;47.68199920654297;47.68199920654297;47.667999267578125;47.676998138427734;47.676998138427734;495
2024-11-06 11:38:00+01:00;47.680999755859375;47.680999755859375;47.67900085449219;47.67900085449219;47.67900085449219;70
2024-11-06 11:39:00+01:00;47.676998138427734;47.676998138427734;47.67499923706055;47.67599868774414;47.67599868774414;68
2024-11-06 11:40:00+01:00;47.67300033569336;47.67399978637695;47.650001525878906;47.652000427246094;47.652000427246094;417
2024-11-06 11:41:00+01:00;47.65700149536133;47.659000396728516;47.650001525878906;47.650001525878906;47.650001525878906;21
2024-11-06 11:42:00+01:00;47.66899871826172;47.67100143432617;47.650001525878906;47.650001525878906;47.650001525878906;21
2024-11-06 11:43:00+01:00;47.66400146484375;47.67499923706055;47.64699935913086;47.67399978637695;47.67399978637695;2495
2024-11-06 11:44:00+01:00;47.672000885009766;47.67399978637695;47.6609992980957;47.6609992980957;47.6609992980957;253
2024-11-06 11:45:00+01:00;47.67300033569336;47.67300033569336;47.66999816894531;47.66999816894531;47.66999816894531;154
2024-11-06 11:46:00+01:00;47.67100143432617;47.67100143432617;47.65700149536133;47.65700149536133;47.65700149536133;339
2024-11-06 11:47:00+01:00;47.66999816894531;47.66999816894531;47.665000915527344;47.66600036621094;47.66600036621094;449
2024-11-06 11:48:00+01:00;47.66299819946289;47.672000885009766;47.6609992980957;47.67100143432617;47.67100143432617;310
2024-11-06 11:49:00+01:00;47.65800094604492;47.66699981689453;47.65800094604492;47.66699981689453;47.66699981689453;131
2024-11-06 11:50:00+01:00;47.66699981689453;47.67100143432617;47.65999984741211;47.65999984741211;47.65999984741211;274
2024-11-06 11:51:00+01:00;47.6609992980957;47.66299819946289;47.65700149536133;47.65700149536133;47.65700149536133;64
2024-11-06 11:52:00+01:00;47.654998779296875;47.654998779296875;47.654998779296875;47.654998779296875;47.654998779296875;4
2024-11-06 11:53:00+01:00;47.66299819946289;47.66299819946289;47.654998779296875;47.654998779296875;47.654998779296875;223
2024-11-06 11:54:00+01:00;47.652000427246094;47.652000427246094;47.61600112915039;47.632999420166016;47.632999420166016;45
2024-11-06 11:55:00+01:00;47.62699890136719;47.63399887084961;47.61199951171875;47.63399887084961;47.63399887084961;413
2024-11-06 11:56:00+01:00;47.624000549316406;47.63399887084961;47.624000549316406;47.63399887084961;47.63399887084961;46
2024-11-06 11:57:00+01:00;47.637001037597656;47.63800048828125;47.637001037597656;47.63800048828125;47.63800048828125;67
2024-11-06 11:58:00+01:00;47.632999420166016;47.650001525878906;47.632999420166016;47.64699935913086;47.64699935913086;482
2024-11-06 11:59:00+01:00;47.652000427246094;47.652000427246094;47.652000427246094;47.652000427246094;47.652000427246094;207
2024-11-06 12:00:00+01:00;47.65700149536133;47.672000885009766;47.65700149536133;47.672000885009766;47.672000885009766;532
2024-11-06 12:01:00+01:00;47.67499923706055;47.680999755859375;47.667999267578125;47.667999267578125;47.667999267578125;22
2024-11-06 12:02:00+01:00;47.650001525878906;47.6619987487793;47.6349983215332;47.65299987792969;47.65299987792969;2589
2024-11-06 12:03:00+01:00;47.64899826049805;47.665000915527344;47.64400100708008;47.65999984741211;47.65999984741211;219
2024-11-06 12:04:00+01:00;47.65999984741211;47.66299819946289;47.650001525878906;47.66299819946289;47.66299819946289;38
2024-11-06 12:05:00+01:00;47.659000396728516;47.67900085449219;47.659000396728516;47.67900085449219;47.67900085449219;170
2024-11-06 12:06:00+01:00;47.68899917602539;47.69300079345703;47.68899917602539;47.69300079345703;47.69300079345703;21
2024-11-06 12:07:00+01:00;47.68000030517578;47.68899917602539;47.67300033569336;47.68899917602539;47.68899917602539;193
2024-11-06 12:08:00+01:00;47.69900131225586;47.69900131225586;47.69200134277344;47.69200134277344;47.69200134277344;314
2024-11-06 12:09:00+01:00;47.698001861572266;47.71699905395508;47.69599914550781;47.71699905395508;47.71699905395508;108
2024-11-06 12:10:00+01:00;47.71799850463867;47.71799850463867;47.7130012512207;47.7130012512207;47.7130012512207;67
2024-11-06 12:11:00+01:00;47.7130012512207;47.715999603271484;47.70399856567383;47.715999603271484;47.715999603271484;93
2024-11-06 12:12:00+01:00;47.71799850463867;47.72600173950195;47.70199966430664;47.70199966430664;47.70199966430664;4539
2024-11-06 12:13:00+01:00;47.709999084472656;47.71900177001953;47.70500183105469;47.71900177001953;47.71900177001953;128
2024-11-06 12:14:00+01:00;47.720001220703125;47.73099899291992;47.720001220703125;47.73099899291992;47.73099899291992;1017
2024-11-06 12:15:00+01:00;47.731998443603516;47.73899841308594;47.731998443603516;47.731998443603516;47.731998443603516;17
2024-11-06 12:16:00+01:00;47.733001708984375;47.77000045776367;47.733001708984375;47.77000045776367;47.77000045776367;142
2024-11-06 12:17:00+01:00;47.76900100708008;47.77000045776367;47.75299835205078;47.77000045776367;47.77000045776367;688
2024-11-06 12:18:00+01:00;47.78300094604492;47.79600143432617;47.76900100708008;47.78799819946289;47.78799819946289;237
2024-11-06 12:19:00+01:00;47.777000427246094;47.79499816894531;47.775001525878906;47.78900146484375;47.78900146484375;282
2024-11-06 12:20:00+01:00;47.7760009765625;47.79100036621094;47.770999908447266;47.79100036621094;47.79100036621094;20
2024-11-06 12:21:00+01:00;47.79800033569336;47.8129997253418;47.77000045776367;47.810001373291016;47.810001373291016;206
2024-11-06 12:22:00+01:00;47.7869987487793;47.792999267578125;47.7869987487793;47.792999267578125;47.792999267578125;16
2024-11-06 12:23:00+01:00;47.82400131225586;47.82400131225586;47.79399871826172;47.80500030517578;47.80500030517578;38
2024-11-06 12:24:00+01:00;47.79600143432617;47.79600143432617;47.77000045776367;47.792999267578125;47.792999267578125;107
2024-11-06 12:25:00+01:00;47.779998779296875;47.78200149536133;47.777000427246094;47.777000427246094;47.777000427246094;71
2024-11-06 12:26:00+01:00;47.7760009765625;47.7760009765625;47.770999908447266;47.770999908447266;47.770999908447266;117
2024-11-06 12:27:00+01:00;47.77299880981445;47.77899932861328;47.76599884033203;47.77000045776367;47.77000045776367;93
2024-11-06 12:28:00+01:00;47.784000396728516;47.784000396728516;47.77000045776367;47.779998779296875;47.779998779296875;52
2024-11-06 12:29:00+01:00;47.78300094604492;47.78300094604492;47.77000045776367;47.77000045776367;47.77000045776367;18
2024-11-06 12:30:00+01:00;47.78900146484375;47.78900146484375;47.76900100708008;47.76900100708008;47.76900100708008;76
2024-11-06 12:31:00+01:00;47.766998291015625;47.7869987487793;47.766998291015625;47.77399826049805;47.77399826049805;66
2024-11-06 12:32:00+01:00;47.76900100708008;47.76900100708008;47.7599983215332;47.76599884033203;47.76599884033203;27
2024-11-06 12:33:00+01:00;47.76300048828125;47.784000396728516;47.76300048828125;47.768001556396484;47.768001556396484;56
2024-11-06 12:34:00+01:00;47.770999908447266;47.770999908447266;47.742000579833984;47.75299835205078;47.75299835205078;248
2024-11-06 12:35:00+01:00;47.762001037597656;47.762001037597656;47.75699996948242;47.757999420166016;47.757999420166016;32
2024-11-06 12:36:00+01:00;47.755001068115234;47.755001068115234;47.75;47.75;47.75;21
2024-11-06 12:37:00+01:00;47.75299835205078;47.75299835205078;47.75299835205078;47.75299835205078;47.75299835205078;151
2024-11-06 12:38:00+01:00;47.76300048828125;47.76300048828125;47.76300048828125;47.76300048828125;47.76300048828125;500
2024-11-06 12:39:00+01:00;47.74800109863281;47.75;47.74100112915039;47.74100112915039;47.74100112915039;11
2024-11-06 12:40:00+01:00;47.73500061035156;47.737998962402344;47.72200012207031;47.72200012207031;47.72200012207031;229
2024-11-06 12:41:00+01:00;47.7239990234375;47.736000061035156;47.7239990234375;47.733001708984375;47.733001708984375;48
2024-11-06 12:42:00+01:00;47.737998962402344;47.74300003051758;47.737998962402344;47.74300003051758;47.74300003051758;11
2024-11-06 12:43:00+01:00;47.75;47.77299880981445;47.75;47.76900100708008;47.76900100708008;72
2024-11-06 12:44:00+01:00;47.762001037597656;47.762001037597656;47.74399948120117;47.74399948120117;47.74399948120117;736
2024-11-06 12:45:00+01:00;47.737998962402344;47.77000045776367;47.737998962402344;47.763999938964844;47.763999938964844;144
2024-11-06 12:46:00+01:00;47.775001525878906;47.775001525878906;47.775001525878906;47.775001525878906;47.775001525878906;20
2024-11-06 12:47:00+01:00;47.77000045776367;47.77000045776367;47.763999938964844;47.763999938964844;47.763999938964844;176
2024-11-06 12:48:00+01:00;47.75400161743164;47.763999938964844;47.75;47.750999450683594;47.750999450683594;143
2024-11-06 12:49:00+01:00;47.76599884033203;47.76599884033203;47.74700164794922;47.74700164794922;47.74700164794922;71
2024-11-06 12:50:00+01:00;47.749000549316406;47.749000549316406;47.749000549316406;47.749000549316406;47.749000549316406;85
2024-11-06 12:51:00+01:00;47.72100067138672;47.73899841308594;47.72100067138672;47.733001708984375;47.733001708984375;137
2024-11-06 12:52:00+01:00;47.73099899291992;47.731998443603516;47.69499969482422;47.69499969482422;47.69499969482422;3465
2024-11-06 12:53:00+01:00;47.72200012207031;47.72200012207031;47.650001525878906;47.67900085449219;47.67900085449219;253
2024-11-06 12:54:00+01:00;47.69300079345703;47.709999084472656;47.69300079345703;47.69300079345703;47.69300079345703;26
2024-11-06 12:55:00+01:00;47.715999603271484;47.715999603271484;47.68000030517578;47.69499969482422;47.69499969482422;153
2024-11-06 12:56:00+01:00;47.68299865722656;47.70600128173828;47.68299865722656;47.70600128173828;47.70600128173828;65
2024-11-06 12:57:00+01:00;47.70399856567383;47.70399856567383;47.68600082397461;47.70100021362305;47.70100021362305;298
2024-11-06 12:58:00+01:00;47.70100021362305;47.70100021362305;47.67100143432617;47.676998138427734;47.676998138427734;49
2024-11-06 12:59:00+01:00;47.676998138427734;47.691001892089844;47.676998138427734;47.6870002746582;47.6870002746582;114
2024-11-06 13:00:00+01:00;47.65999984741211;47.676998138427734;47.637001037597656;47.637001037597656;47.637001037597656;1965
2024-11-06 13:01:00+01:00;47.659000396728516;47.65999984741211;47.65700149536133;47.65999984741211;47.65999984741211;49
2024-11-06 13:02:00+01:00;47.667999267578125;47.667999267578125;47.66600036621094;47.66600036621094;47.66600036621094;545
2024-11-06 13:03:00+01:00;47.68000030517578;47.68000030517578;47.67599868774414;47.67599868774414;47.67599868774414;176
2024-11-06 13:04:00+01:00;47.683998107910156;47.70600128173828;47.67599868774414;47.70600128173828;47.70600128173828;44
2024-11-06 13:05:00+01:00;47.69200134277344;47.69200134277344;47.69200134277344;47.69200134277344;47.69200134277344;163
2024-11-06 13:06:00+01:00;47.72800064086914;47.72800064086914;47.70899963378906;47.70899963378906;47.70899963378906;141
2024-11-06 13:07:00+01:00;47.71500015258789;47.731998443603516;47.71500015258789;47.7239990234375;47.7239990234375;217
2024-11-06 13:08:00+01:00;47.73699951171875;47.73699951171875;47.720001220703125;47.720001220703125;47.720001220703125;11
2024-11-06 13:09:00+01:00;47.720001220703125;47.72999954223633;47.720001220703125;47.724998474121094;47.724998474121094;78
2024-11-06 13:10:00+01:00;47.744998931884766;47.744998931884766;47.744998931884766;47.744998931884766;47.744998931884766;10
2024-11-06 13:11:00+01:00;47.755001068115234;47.755001068115234;47.75299835205078;47.75400161743164;47.75400161743164;2496
2024-11-06 13:12:00+01:00;47.762001037597656;47.762001037597656;47.742000579833984;47.742000579833984;47.742000579833984;22
2024-11-06 13:13:00+01:00;47.76300048828125;47.76300048828125;47.76300048828125;47.76300048828125;47.76300048828125;828
2024-11-06 13:14:00+01:00;47.78099822998047;47.79100036621094;47.78099822998047;47.79100036621094;47.79100036621094;25
2024-11-06 13:15:00+01:00;47.7859992980957;47.7859992980957;47.770999908447266;47.77899932861328;47.77899932861328;656
2024-11-06 13:16:00+01:00;47.79499816894531;47.797000885009766;47.79499816894531;47.79499816894531;47.79499816894531;56
2024-11-06 13:17:00+01:00;47.801998138427734;47.801998138427734;47.79100036621094;47.79100036621094;47.79100036621094;162
2024-11-06 13:18:00+01:00;47.80500030517578;47.80500030517578;47.77899932861328;47.790000915527344;47.790000915527344;525
2024-11-06 13:19:00+01:00;47.79100036621094;47.79100036621094;47.79100036621094;47.79100036621094;47.79100036621094;28
2024-11-06 13:20:00+01:00;47.8129997253418;47.82500076293945;47.8129997253418;47.823001861572266;47.823001861572266;26
2024-11-06 13:21:00+01:00;47.814998626708984;47.814998626708984;47.79499816894531;47.79499816894531;47.79499816894531;132
2024-11-06 13:22:00+01:00;47.80799865722656;47.80799865722656;47.79899978637695;47.79899978637695;47.79899978637695;20
2024-11-06 13:23:00+01:00;47.8120002746582;47.8120002746582;47.78799819946289;47.801998138427734;47.801998138427734;55
2024-11-06 13:24:00+01:00;47.77899932861328;47.78099822998047;47.757999420166016;47.757999420166016;47.757999420166016;1206
2024-11-06 13:25:00+01:00;47.78900146484375;47.79899978637695;47.78900146484375;47.797000885009766;47.797000885009766;40
2024-11-06 13:26:00+01:00;47.80799865722656;47.80799865722656;47.803001403808594;47.803001403808594;47.803001403808594;127
2024-11-06 13:27:00+01:00;47.80500030517578;47.81800079345703;47.801998138427734;47.801998138427734;47.801998138427734;72
2024-11-06 13:28:00+01:00;47.81399917602539;47.81399917602539;47.801998138427734;47.80699920654297;47.80699920654297;307
2024-11-06 13:29:00+01:00;47.80699920654297;47.82500076293945;47.80699920654297;47.82500076293945;47.82500076293945;88
2024-11-06 13:30:00+01:00;47.814998626708984;47.821998596191406;47.814998626708984;47.821998596191406;47.821998596191406;775
2024-11-06 13:31:00+01:00;47.83700180053711;47.84000015258789;47.82500076293945;47.84000015258789;47.84000015258789;138
2024-11-06 13:32:00+01:00;47.8489990234375;47.89899826049805;47.8489990234375;47.89899826049805;47.89899826049805;216
2024-11-06 13:33:00+01:00;47.900001525878906;47.915000915527344;47.89500045776367;47.90299987792969;47.90299987792969;119
2024-11-06 13:34:00+01:00;47.89899826049805;47.91899871826172;47.89400100708008;47.895999908447266;47.895999908447266;53
2024-11-06 13:36:00+01:00;47.869998931884766;47.880001068115234;47.869998931884766;47.880001068115234;47.880001068115234;189
2024-11-06 13:37:00+01:00;47.87799835205078;47.87799835205078;47.8650016784668;47.867000579833984;47.867000579833984;67
2024-11-06 13:38:00+01:00;47.86899948120117;47.86899948120117;47.849998474121094;47.85900115966797;47.85900115966797;16
2024-11-06 13:39:00+01:00;47.86000061035156;47.87900161743164;47.86000061035156;47.87300109863281;47.87300109863281;23
2024-11-06 13:40:00+01:00;47.875;47.875;47.86000061035156;47.86000061035156;47.86000061035156;41
2024-11-06 13:41:00+01:00;47.875999450683594;47.88199996948242;47.875999450683594;47.88199996948242;47.88199996948242;11
2024-11-06 13:42:00+01:00;47.87900161743164;47.882999420166016;47.861000061035156;47.882999420166016;47.882999420166016;213
2024-11-06 13:43:00+01:00;47.891998291015625;47.891998291015625;47.88800048828125;47.88800048828125;47.88800048828125;151
2024-11-06 13:45:00+01:00;47.928001403808594;47.93000030517578;47.92599868774414;47.93000030517578;47.93000030517578;100
2024-11-06 13:46:00+01:00;47.94300079345703;47.948001861572266;47.933998107910156;47.948001861572266;47.948001861572266;80
2024-11-06 13:48:00+01:00;47.97200012207031;47.97200012207031;47.95000076293945;47.95000076293945;47.95000076293945;301
2024-11-06 13:49:00+01:00;47.939998626708984;47.95100021362305;47.939998626708984;47.95100021362305;47.95100021362305;144
2024-11-06 13:50:00+01:00;47.9370002746582;47.9379997253418;47.9370002746582;47.9379997253418;47.9379997253418;30
2024-11-06 13:51:00+01:00;47.92900085449219;47.92900085449219;47.91999816894531;47.92399978637695;47.92399978637695;277
2024-11-06 13:52:00+01:00;47.93000030517578;47.95000076293945;47.92900085449219;47.944000244140625;47.944000244140625;251
2024-11-06 13:53:00+01:00;47.939998626708984;47.939998626708984;47.917999267578125;47.93199920654297;47.93199920654297;56
2024-11-06 13:54:00+01:00;47.909000396728516;47.922000885009766;47.90599822998047;47.909000396728516;47.909000396728516;66
2024-11-06 13:55:00+01:00;47.89899826049805;47.9109992980957;47.89099884033203;47.9109992980957;47.9109992980957;180
2024-11-06 13:56:00+01:00;47.9119987487793;47.9119987487793;47.89899826049805;47.89899826049805;47.89899826049805;119
2024-11-06 13:57:00+01:00;47.904998779296875;47.904998779296875;47.880001068115234;47.880001068115234;47.880001068115234;24
2024-11-06 13:58:00+01:00;47.891998291015625;47.900001525878906;47.891998291015625;47.900001525878906;47.900001525878906;58
2024-11-06 13:59:00+01:00;47.900001525878906;47.91699981689453;47.900001525878906;47.91699981689453;47.91699981689453;257
2024-11-06 14:00:00+01:00;47.93199920654297;47.93199920654297;47.895999908447266;47.928001403808594;47.928001403808594;4011
2024-11-06 14:01:00+01:00;47.933998107910156;47.933998107910156;47.900001525878906;47.900001525878906;47.900001525878906;1176
2024-11-06 14:02:00+01:00;47.90399932861328;47.90399932861328;47.88999938964844;47.89699935913086;47.89699935913086;365
2024-11-06 14:03:00+01:00;47.89799880981445;47.915000915527344;47.89799880981445;47.91400146484375;47.91400146484375;233
2024-11-06 14:04:00+01:00;47.90299987792969;47.90299987792969;47.88999938964844;47.88999938964844;47.88999938964844;17
2024-11-06 14:05:00+01:00;47.88600158691406;47.9109992980957;47.87099838256836;47.900001525878906;47.900001525878906;56
2024-11-06 14:06:00+01:00;47.92399978637695;47.92399978637695;47.92100143432617;47.92100143432617;47.92100143432617;43
2024-11-06 14:07:00+01:00;47.917999267578125;47.92100143432617;47.91400146484375;47.91600036621094;47.91600036621094;33
2024-11-06 14:08:00+01:00;47.88100051879883;47.88100051879883;47.87699890136719;47.87699890136719;47.87699890136719;32
2024-11-06 14:09:00+01:00;47.862998962402344;47.86600112915039;47.862998962402344;47.86600112915039;47.86600112915039;10
2024-11-06 14:10:00+01:00;47.867000579833984;47.867000579833984;47.83000183105469;47.83000183105469;47.83000183105469;107
2024-11-06 14:11:00+01:00;47.810001373291016;47.810001373291016;47.779998779296875;47.779998779296875;47.779998779296875;46
2024-11-06 14:12:00+01:00;47.7859992980957;47.78799819946289;47.76900100708008;47.78099822998047;47.78099822998047;541
2024-11-06 14:13:00+01:00;47.78499984741211;47.78499984741211;47.78499984741211;47.78499984741211;47.78499984741211;20
2024-11-06 14:14:00+01:00;47.808998107910156;47.808998107910156;47.77799987792969;47.79499816894531;47.79499816894531;195
2024-11-06 14:15:00+01:00;47.79399871826172;47.80699920654297;47.79399871826172;47.797000885009766;47.797000885009766;34
2024-11-06 14:16:00+01:00;47.779998779296875;47.78099822998047;47.74700164794922;47.763999938964844;47.763999938964844;1701
2024-11-06 14:18:00+01:00;47.79899978637695;47.81700134277344;47.79899978637695;47.81700134277344;47.81700134277344;273
2024-11-06 14:19:00+01:00;47.819000244140625;47.83000183105469;47.808998107910156;47.810001373291016;47.810001373291016;3374
2024-11-06 14:20:00+01:00;47.81800079345703;47.84400177001953;47.816001892089844;47.84400177001953;47.84400177001953;82
2024-11-06 14:21:00+01:00;47.86199951171875;47.86199951171875;47.84000015258789;47.84000015258789;47.84000015258789;88
2024-11-06 14:22:00+01:00;47.84199905395508;47.875;47.84199905395508;47.87300109863281;47.87300109863281;130
2024-11-06 14:23:00+01:00;47.849998474121094;47.849998474121094;47.84600067138672;47.847999572753906;47.847999572753906;98
2024-11-06 14:24:00+01:00;47.85200119018555;47.85200119018555;47.85200119018555;47.85200119018555;47.85200119018555;45
2024-11-06 14:26:00+01:00;47.84600067138672;47.84600067138672;47.832000732421875;47.83399963378906;47.83399963378906;45
2024-11-06 14:27:00+01:00;47.8489990234375;47.85200119018555;47.8489990234375;47.85200119018555;47.85200119018555;32
2024-11-06 14:28:00+01:00;47.86199951171875;47.87200164794922;47.84700012207031;47.86800003051758;47.86800003051758;247
2024-11-06 14:29:00+01:00;47.840999603271484;47.840999603271484;47.840999603271484;47.840999603271484;47.840999603271484;13
2024-11-06 14:30:00+01:00;47.85100173950195;47.85100173950195;47.85100173950195;47.85100173950195;47.85100173950195;20
2024-11-06 14:31:00+01:00;47.82400131225586;47.8390007019043;47.82400131225586;47.82600021362305;47.82600021362305;16
2024-11-06 14:32:00+01:00;47.8390007019043;47.8390007019043;47.83700180053711;47.83700180053711;47.83700180053711;356
2024-11-06 14:33:00+01:00;47.84700012207031;47.84700012207031;47.83700180053711;47.83700180053711;47.83700180053711;73
2024-11-06 14:34:00+01:00;47.84700012207031;47.84700012207031;47.83100128173828;47.83100128173828;47.83100128173828;20
2024-11-06 14:35:00+01:00;47.82899856567383;47.82899856567383;47.779998779296875;47.79800033569336;47.79800033569336;386
2024-11-06 14:36:00+01:00;47.779998779296875;47.792999267578125;47.77899932861328;47.77899932861328;47.77899932861328;208
2024-11-06 14:37:00+01:00;47.8129997253418;47.8129997253418;47.8129997253418;47.8129997253418;47.8129997253418;9
2024-11-06 14:38:00+01:00;47.79899978637695;47.801998138427734;47.78499984741211;47.801998138427734;47.801998138427734;114
2024-11-06 14:39:00+01:00;47.810001373291016;47.81100082397461;47.79999923706055;47.80699920654297;47.80699920654297;94
2024-11-06 14:40:00+01:00;47.79800033569336;47.79800033569336;47.79800033569336;47.79800033569336;47.79800033569336;50
2024-11-06 14:41:00+01:00;47.79499816894531;47.79499816894531;47.77299880981445;47.77299880981445;47.77299880981445;37
2024-11-06 14:42:00+01:00;47.7869987487793;47.7869987487793;47.7859992980957;47.7859992980957;47.7859992980957;4
2024-11-06 14:43:00+01:00;47.78499984741211;47.78499984741211;47.77899932861328;47.77899932861328;47.77899932861328;28
2024-11-06 14:44:00+01:00;47.77399826049805;47.78200149536133;47.77299880981445;47.775001525878906;47.775001525878906;147
2024-11-06 14:45:00+01:00;47.763999938964844;47.766998291015625;47.75;47.757999420166016;47.757999420166016;175
2024-11-06 14:46:00+01:00;47.75600051879883;47.75600051879883;47.74399948120117;47.75400161743164;47.75400161743164;144
2024-11-06 14:47:00+01:00;47.77399826049805;47.78300094604492;47.77399826049805;47.77899932861328;47.77899932861328;24
2024-11-06 14:48:00+01:00;47.78099822998047;47.78099822998047;47.77899932861328;47.77899932861328;47.77899932861328;33
2024-11-06 14:49:00+01:00;47.76599884033203;47.76599884033203;47.75;47.75;47.75;461
2024-11-06 14:50:00+01:00;47.757999420166016;47.76499938964844;47.75600051879883;47.75600051879883;47.75600051879883;324
2024-11-06 14:51:00+01:00;47.75400161743164;47.766998291015625;47.75400161743164;47.766998291015625;47.766998291015625;143
2024-11-06 14:52:00+01:00;47.736000061035156;47.736000061035156;47.720001220703125;47.720001220703125;47.720001220703125;25
2024-11-06 14:53:00+01:00;47.720001220703125;47.720001220703125;47.715999603271484;47.715999603271484;47.715999603271484;105
2024-11-06 14:54:00+01:00;47.715999603271484;47.715999603271484;47.70000076293945;47.70000076293945;47.70000076293945;64
2024-11-06 14:55:00+01:00;47.71699905395508;47.71699905395508;47.70000076293945;47.70000076293945;47.70000076293945;279
2024-11-06 14:56:00+01:00;47.69900131225586;47.71699905395508;47.69900131225586;47.71699905395508;47.71699905395508;188
2024-11-06 14:57:00+01:00;47.72800064086914;47.755001068115234;47.72800064086914;47.755001068115234;47.755001068115234;38
2024-11-06 14:58:00+01:00;47.72800064086914;47.72800064086914;47.71699905395508;47.72200012207031;47.72200012207031;774
2024-11-06 14:59:00+01:00;47.733001708984375;47.73899841308594;47.733001708984375;47.737998962402344;47.737998962402344;14
2024-11-06 15:00:00+01:00;47.73400115966797;47.73400115966797;47.720001220703125;47.720001220703125;47.720001220703125;50
2024-11-06 15:01:00+01:00;47.69499969482422;47.69499969482422;47.659000396728516;47.667999267578125;47.667999267578125;24
2024-11-06 15:02:00+01:00;47.650001525878906;47.66699981689453;47.650001525878906;47.66699981689453;47.66699981689453;9
2024-11-06 15:03:00+01:00;47.65800094604492;47.66600036621094;47.652000427246094;47.66600036621094;47.66600036621094;2045
2024-11-06 15:04:00+01:00;47.65800094604492;47.65800094604492;47.65700149536133;47.65700149536133;47.65700149536133;30
2024-11-06 15:05:00+01:00;47.68600082397461;47.68600082397461;47.6609992980957;47.67300033569336;47.67300033569336;178
2024-11-06 15:07:00+01:00;47.68600082397461;47.68600082397461;47.67499923706055;47.67499923706055;47.67499923706055;77
2024-11-06 15:08:00+01:00;47.70399856567383;47.70399856567383;47.70399856567383;47.70399856567383;47.70399856567383;6
2024-11-06 15:09:00+01:00;47.694000244140625;47.70600128173828;47.694000244140625;47.694000244140625;47.694000244140625;469
2024-11-06 15:10:00+01:00;47.7130012512207;47.7130012512207;47.709999084472656;47.709999084472656;47.709999084472656;31
2024-11-06 15:11:00+01:00;47.69300079345703;47.69300079345703;47.683998107910156;47.683998107910156;47.683998107910156;53
2024-11-06 15:12:00+01:00;47.67100143432617;47.68000030517578;47.67100143432617;47.68000030517578;47.68000030517578;20
2024-11-06 15:13:00+01:00;47.6870002746582;47.6870002746582;47.67399978637695;47.67399978637695;47.67399978637695;37
2024-11-06 15:14:00+01:00;47.698001861572266;47.698001861572266;47.698001861572266;47.698001861572266;47.698001861572266;20
2024-11-06 15:15:00+01:00;47.69300079345703;47.694000244140625;47.69200134277344;47.69200134277344;47.69200134277344;2008
2024-11-06 15:16:00+01:00;47.71500015258789;47.7239990234375;47.7140007019043;47.7239990234375;47.7239990234375;109
2024-11-06 15:17:00+01:00;47.72800064086914;47.72800064086914;47.69900131225586;47.7239990234375;47.7239990234375;188
2024-11-06 15:18:00+01:00;47.70399856567383;47.73899841308594;47.70399856567383;47.73899841308594;47.73899841308594;112
2024-11-06 15:19:00+01:00;47.73699951171875;47.73699951171875;47.720001220703125;47.73099899291992;47.73099899291992;613
2024-11-06 15:20:00+01:00;47.72600173950195;47.72600173950195;47.72200012207031;47.72200012207031;47.72200012207031;213
2024-11-06 15:21:00+01:00;47.729000091552734;47.729000091552734;47.7239990234375;47.7239990234375;47.7239990234375;20
2024-11-06 15:22:00+01:00;47.720001220703125;47.720001220703125;47.691001892089844;47.691001892089844;47.691001892089844;905
2024-11-06 15:23:00+01:00;47.707000732421875;47.71099853515625;47.689998626708984;47.71099853515625;47.71099853515625;81
2024-11-06 15:24:00+01:00;47.709999084472656;47.709999084472656;47.709999084472656;47.709999084472656;47.709999084472656;3
2024-11-06 15:26:00+01:00;47.72600173950195;47.72600173950195;47.72600173950195;47.72600173950195;47.72600173950195;10
2024-11-06 15:27:00+01:00;47.75199890136719;47.75199890136719;47.75;47.75;47.75;3
2024-11-06 15:28:00+01:00;47.74300003051758;47.74300003051758;47.7400016784668;47.7400016784668;47.7400016784668;13
2024-11-06 15:29:00+01:00;47.7239990234375;47.79100036621094;47.7239990234375;47.79100036621094;47.79100036621094;515
2024-11-06 15:30:00+01:00;47.79100036621094;47.792999267578125;47.71699905395508;47.72999954223633;47.72999954223633;5688
2024-11-06 15:31:00+01:00;47.698001861572266;47.698001861572266;47.698001861572266;47.698001861572266;47.698001861572266;511
2024-11-06 15:33:00+01:00;47.8380012512207;47.8380012512207;47.8380012512207;47.8380012512207;47.8380012512207;5
2024-11-06 15:35:00+01:00;47.709999084472656;47.709999084472656;47.709999084472656;47.709999084472656;47.709999084472656;10
2024-11-06 15:36:00+01:00;47.757999420166016;47.779998779296875;47.742000579833984;47.742000579833984;47.742000579833984;170
2024-11-06 15:37:00+01:00;47.73500061035156;47.75899887084961;47.73500061035156;47.75899887084961;47.75899887084961;19
2024-11-06 15:38:00+01:00;47.74399948120117;47.770999908447266;47.736000061035156;47.757999420166016;47.757999420166016;1110
2024-11-06 15:39:00+01:00;47.76499938964844;47.76499938964844;47.72200012207031;47.729000091552734;47.729000091552734;761
2024-11-06 15:40:00+01:00;47.7599983215332;47.77299880981445;47.736000061035156;47.74100112915039;47.74100112915039;4794
2024-11-06 15:41:00+01:00;47.74800109863281;47.74800109863281;47.74800109863281;47.74800109863281;47.74800109863281;10
2024-11-06 15:42:00+01:00;47.7599983215332;47.77399826049805;47.75600051879883;47.77399826049805;47.77399826049805;84
2024-11-06 15:43:00+01:00;47.76100158691406;47.76100158691406;47.70000076293945;47.720001220703125;47.720001220703125;636
2024-11-06 15:44:00+01:00;47.689998626708984;47.70600128173828;47.66999816894531;47.66999816894531;47.66999816894531;255
2024-11-06 15:45:00+01:00;47.707000732421875;47.707000732421875;47.707000732421875;47.707000732421875;47.707000732421875;25
2024-11-06 15:46:00+01:00;47.67399978637695;47.67399978637695;47.61000061035156;47.611000061035156;47.611000061035156;423
2024-11-06 15:47:00+01:00;47.599998474121094;47.608001708984375;47.595001220703125;47.608001708984375;47.608001708984375;144
2024-11-06 15:48:00+01:00;47.599998474121094;47.599998474121094;47.58100128173828;47.58100128173828;47.58100128173828;128
2024-11-06 15:49:00+01:00;47.571998596191406;47.57600021362305;47.571998596191406;47.57600021362305;47.57600021362305;137
2024-11-06 15:50:00+01:00;47.54999923706055;47.56100082397461;47.52000045776367;47.54399871826172;47.54399871826172;5354
2024-11-06 15:51:00+01:00;47.57099914550781;47.573001861572266;47.57099914550781;47.573001861572266;47.573001861572266;21
2024-11-06 15:52:00+01:00;47.56999969482422;47.56999969482422;47.55799865722656;47.55799865722656;47.55799865722656;1330
2024-11-06 15:53:00+01:00;47.569000244140625;47.584999084472656;47.569000244140625;47.57699966430664;47.57699966430664;155
2024-11-06 15:55:00+01:00;47.54100036621094;47.5629997253418;47.540000915527344;47.55400085449219;47.55400085449219;137
2024-11-06 15:56:00+01:00;47.529998779296875;47.529998779296875;47.49599838256836;47.49599838256836;47.49599838256836;1113
2024-11-06 15:57:00+01:00;47.50400161743164;47.51900100708008;47.50400161743164;47.516998291015625;47.516998291015625;39
2024-11-06 15:58:00+01:00;47.459999084472656;47.459999084472656;47.435001373291016;47.435001373291016;47.435001373291016;296
2024-11-06 15:59:00+01:00;47.47999954223633;47.50199890136719;47.47999954223633;47.50199890136719;47.50199890136719;14
2024-11-06 16:00:00+01:00;47.50899887084961;47.50899887084961;47.49100112915039;47.49100112915039;47.49100112915039;72
2024-11-06 16:01:00+01:00;47.492000579833984;47.52000045776367;47.492000579833984;47.52000045776367;47.52000045776367;22
2024-11-06 16:02:00+01:00;47.542999267578125;47.55799865722656;47.5369987487793;47.55400085449219;47.55400085449219;1012
2024-11-06 16:03:00+01:00;47.534000396728516;47.534000396728516;47.534000396728516;47.534000396728516;47.534000396728516;11
2024-11-06 16:04:00+01:00;47.553001403808594;47.55500030517578;47.52899932861328;47.52899932861328;47.52899932861328;402
2024-11-06 16:06:00+01:00;47.512001037597656;47.512001037597656;47.512001037597656;47.512001037597656;47.512001037597656;741
2024-11-06 16:07:00+01:00;47.513999938964844;47.513999938964844;47.4739990234375;47.499000549316406;47.499000549316406;137
2024-11-06 16:08:00+01:00;47.50199890136719;47.50199890136719;47.46500015258789;47.48099899291992;47.48099899291992;6121
2024-11-06 16:09:00+01:00;47.492000579833984;47.51599884033203;47.492000579833984;47.51599884033203;47.51599884033203;5180
2024-11-06 16:10:00+01:00;47.5260009765625;47.5260009765625;47.48699951171875;47.5;47.5;421
2024-11-06 16:11:00+01:00;47.555999755859375;47.571998596191406;47.555999755859375;47.571998596191406;47.571998596191406;210
2024-11-06 16:12:00+01:00;47.560001373291016;47.5620002746582;47.560001373291016;47.5620002746582;47.5620002746582;56
2024-11-06 16:14:00+01:00;47.58599853515625;47.5890007019043;47.58599853515625;47.5890007019043;47.5890007019043;8
2024-11-06 16:15:00+01:00;47.599998474121094;47.599998474121094;47.577999114990234;47.59299850463867;47.59299850463867;42
2024-11-06 16:16:00+01:00;47.56999969482422;47.617000579833984;47.55099868774414;47.617000579833984;47.617000579833984;153
2024-11-06 16:17:00+01:00;47.61399841308594;47.64099884033203;47.61399841308594;47.62099838256836;47.62099838256836;23
2024-11-06 16:18:00+01:00;47.61600112915039;47.62099838256836;47.60100173950195;47.62099838256836;47.62099838256836;2110
2024-11-06 16:19:00+01:00;47.60300064086914;47.64400100708008;47.60300064086914;47.62799835205078;47.62799835205078;177
2024-11-06 16:21:00+01:00;47.63800048828125;47.63800048828125;47.61000061035156;47.63600158691406;47.63600158691406;15
2024-11-06 16:23:00+01:00;47.66600036621094;47.66600036621094;47.66600036621094;47.66600036621094;47.66600036621094;31
2024-11-06 16:24:00+01:00;47.689998626708984;47.70000076293945;47.68600082397461;47.68600082397461;47.68600082397461;76
2024-11-06 16:25:00+01:00;47.69599914550781;47.69599914550781;47.69599914550781;47.69599914550781;47.69599914550781;50
2024-11-06 16:26:00+01:00;47.70000076293945;47.7130012512207;47.70000076293945;47.71200180053711;47.71200180053711;60
2024-11-06 16:27:00+01:00;47.69900131225586;47.70600128173828;47.696998596191406;47.696998596191406;47.696998596191406;24
2024-11-06 16:28:00+01:00;47.69200134277344;47.69200134277344;47.69200134277344;47.69200134277344;47.69200134277344;2
2024-11-06 16:29:00+01:00;47.68000030517578;47.685001373291016;47.68000030517578;47.68299865722656;47.68299865722656;125
2024-11-06 16:30:00+01:00;47.66699981689453;47.678001403808594;47.66699981689453;47.678001403808594;47.678001403808594;19
2024-11-06 16:31:00+01:00;47.654998779296875;47.683998107910156;47.654998779296875;47.68299865722656;47.68299865722656;121
2024-11-06 16:32:00+01:00;47.67100143432617;47.67100143432617;47.67100143432617;47.67100143432617;47.67100143432617;9
2024-11-06 16:33:00+01:00;47.66999816894531;47.66999816894531;47.66999816894531;47.66999816894531;47.66999816894531;200
2024-11-06 16:34:00+01:00;47.63999938964844;47.63999938964844;47.63999938964844;47.63999938964844;47.63999938964844;11
2024-11-06 16:35:00+01:00;47.630001068115234;47.63100051879883;47.630001068115234;47.63100051879883;47.63100051879883;171
2024-11-06 16:36:00+01:00;47.638999938964844;47.638999938964844;47.638999938964844;47.638999938964844;47.638999938964844;250
2024-11-06 16:38:00+01:00;47.611000061035156;47.61199951171875;47.59600067138672;47.608001708984375;47.608001708984375;96
2024-11-06 16:40:00+01:00;47.612998962402344;47.612998962402344;47.595001220703125;47.595001220703125;47.595001220703125;93
2024-11-06 16:41:00+01:00;47.62099838256836;47.63999938964844;47.619998931884766;47.619998931884766;47.619998931884766;10
2024-11-06 16:42:00+01:00;47.65299987792969;47.65299987792969;47.632999420166016;47.632999420166016;47.632999420166016;46
2024-11-06 16:43:00+01:00;47.599998474121094;47.599998474121094;47.599998474121094;47.599998474121094;47.599998474121094;9
2024-11-06 16:44:00+01:00;47.58399963378906;47.58399963378906;47.58399963378906;47.58399963378906;47.58399963378906;4
2024-11-06 16:45:00+01:00;47.584999084472656;47.584999084472656;47.54999923706055;47.56700134277344;47.56700134277344;31
2024-11-06 16:48:00+01:00;47.54600143432617;47.54600143432617;47.54600143432617;47.54600143432617;47.54600143432617;9
2024-11-06 16:49:00+01:00;47.560001373291016;47.560001373291016;47.560001373291016;47.560001373291016;47.560001373291016;21
2024-11-06 16:50:00+01:00;47.558998107910156;47.558998107910156;47.479000091552734;47.507999420166016;47.507999420166016;593
2024-11-06 16:51:00+01:00;47.505001068115234;47.505001068115234;47.50299835205078;47.50299835205078;47.50299835205078;220
2024-11-06 16:52:00+01:00;47.46799850463867;47.46799850463867;47.465999603271484;47.465999603271484;47.465999603271484;13
2024-11-06 16:53:00+01:00;47.45600128173828;47.45600128173828;47.45600128173828;47.45600128173828;47.45600128173828;2
2024-11-06 16:54:00+01:00;47.474998474121094;47.49399948120117;47.474998474121094;47.49399948120117;47.49399948120117;179
2024-11-06 16:55:00+01:00;47.500999450683594;47.500999450683594;47.500999450683594;47.500999450683594;47.500999450683594;2
2024-11-06 16:56:00+01:00;47.492000579833984;47.50600051879883;47.492000579833984;47.50600051879883;47.50600051879883;22
2024-11-06 16:57:00+01:00;47.4900016784668;47.4900016784668;47.4900016784668;47.4900016784668;47.4900016784668;2
2024-11-06 16:58:00+01:00;47.50400161743164;47.50400161743164;47.494998931884766;47.494998931884766;47.494998931884766;110
2024-11-06 16:59:00+01:00;47.48400115966797;47.48400115966797;47.459999084472656;47.472999572753906;47.472999572753906;212
2024-11-06 17:00:00+01:00;47.483001708984375;47.483001708984375;47.46900177001953;47.46900177001953;47.46900177001953;188
2024-11-06 17:01:00+01:00;47.465999603271484;47.465999603271484;47.459999084472656;47.459999084472656;47.459999084472656;410
2024-11-06 17:02:00+01:00;47.43000030517578;47.43000030517578;47.43000030517578;47.43000030517578;47.43000030517578;3
2024-11-06 17:03:00+01:00;47.4379997253418;47.4379997253418;47.4379997253418;47.4379997253418;47.4379997253418;105
2024-11-06 17:04:00+01:00;47.44900131225586;47.44900131225586;47.439998626708984;47.439998626708984;47.439998626708984;13
2024-11-06 17:05:00+01:00;47.446998596191406;47.45000076293945;47.446998596191406;47.45000076293945;47.45000076293945;120
2024-11-06 17:06:00+01:00;47.46900177001953;47.48099899291992;47.46900177001953;47.470001220703125;47.470001220703125;108
2024-11-06 17:07:00+01:00;47.47999954223633;47.49599838256836;47.47999954223633;47.481998443603516;47.481998443603516;192
2024-11-06 17:08:00+01:00;47.47999954223633;47.47999954223633;47.47999954223633;47.47999954223633;47.47999954223633;42
2024-11-06 17:09:00+01:00;47.520999908447266;47.520999908447266;47.48899841308594;47.48899841308594;47.48899841308594;24
2024-11-06 17:10:00+01:00;47.51900100708008;47.51900100708008;47.51900100708008;47.51900100708008;47.51900100708008;200
2024-11-06 17:12:00+01:00;47.527000427246094;47.53300094604492;47.49100112915039;47.53300094604492;47.53300094604492;132
2024-11-06 17:13:00+01:00;47.547000885009766;47.558998107910156;47.54499816894531;47.54999923706055;47.54999923706055;73
2024-11-06 17:14:00+01:00;47.54800033569336;47.558998107910156;47.54600143432617;47.558998107910156;47.558998107910156;40
2024-11-06 17:15:00+01:00;47.57099914550781;47.57099914550781;47.569000244140625;47.569000244140625;47.569000244140625;233
2024-11-06 17:16:00+01:00;47.595001220703125;47.595001220703125;47.595001220703125;47.595001220703125;47.595001220703125;50
2024-11-06 17:18:00+01:00;47.558998107910156;47.57099914550781;47.558998107910156;47.566001892089844;47.566001892089844;475
2024-11-06 17:19:00+01:00;47.566001892089844;47.566001892089844;47.566001892089844;47.566001892089844;47.566001892089844;32
2024-11-06 17:20:00+01:00;47.566001892089844;47.57099914550781;47.566001892089844;47.57099914550781;47.57099914550781;443
2024-11-06 17:22:00+01:00;47.54800033569336;47.54800033569336;47.54800033569336;47.54800033569336;47.54800033569336;10
2024-11-06 17:23:00+01:00;47.553001403808594;47.56800079345703;47.553001403808594;47.55400085449219;47.55400085449219;33
2024-11-06 17:24:00+01:00;47.55400085449219;47.58100128173828;47.55400085449219;47.57699966430664;47.57699966430664;135
2024-11-06 17:25:00+01:00;47.56700134277344;47.56999969482422;47.56700134277344;47.56700134277344;47.56700134277344;77
2024-11-06 17:26:00+01:00;47.571998596191406;47.584999084472656;47.57099914550781;47.584999084472656;47.584999084472656;855
2024-11-06 17:27:00+01:00;47.599998474121094;47.599998474121094;47.599998474121094;47.599998474121094;47.599998474121094;25
2024-11-06 17:28:00+01:00;47.599998474121094;47.599998474121094;47.58399963378906;47.590999603271484;47.590999603271484;50
2024-11-06 17:29:00+01:00;47.619998931884766;47.619998931884766;47.619998931884766;47.619998931884766;47.619998931884766;200
