Datetime;Open;High;Low;Close;Adj Close;Volume
2024-10-31 09:04:00+01:00;46.04600143432617;46.04600143432617;46.025001525878906;46.03499984741211;46.03499984741211;0
2024-10-31 09:05:00+01:00;46.08100128173828;46.082000732421875;46.034000396728516;46.07600021362305;46.07600021362305;33
2024-10-31 09:06:00+01:00;46.0629997253418;46.066001892089844;46.0629997253418;46.066001892089844;46.066001892089844;2270
2024-10-31 09:07:00+01:00;46.0620002746582;46.0620002746582;46.0620002746582;46.0620002746582;46.0620002746582;1
2024-10-31 09:09:00+01:00;46.040000915527344;46.04999923706055;46.040000915527344;46.04999923706055;46.04999923706055;49
2024-10-31 09:10:00+01:00;46.04999923706055;46.060001373291016;46.04999923706055;46.060001373291016;46.060001373291016;168
2024-10-31 09:11:00+01:00;46.06100082397461;46.06800079345703;46.060001373291016;46.06800079345703;46.06800079345703;19
2024-10-31 09:12:00+01:00;46.04999923706055;46.05699920654297;46.04800033569336;46.05699920654297;46.05699920654297;42
2024-10-31 09:13:00+01:00;46.05799865722656;46.05799865722656;46.04999923706055;46.04999923706055;46.04999923706055;51
2024-10-31 09:14:00+01:00;46.05799865722656;46.05799865722656;46.05799865722656;46.05799865722656;46.05799865722656;60
2024-10-31 09:15:00+01:00;46.05799865722656;46.07699966430664;46.05799865722656;46.07099914550781;46.07099914550781;2279
2024-10-31 09:16:00+01:00;46.06999969482422;46.073001861572266;46.06999969482422;46.073001861572266;46.073001861572266;42
2024-10-31 09:17:00+01:00;46.058998107910156;46.058998107910156;46.051998138427734;46.051998138427734;46.051998138427734;1733
2024-10-31 09:18:00+01:00;46.06800079345703;46.06800079345703;46.06800079345703;46.06800079345703;46.06800079345703;64
2024-10-31 09:20:00+01:00;46.066001892089844;46.066001892089844;46.058998107910156;46.058998107910156;46.058998107910156;6
2024-10-31 09:21:00+01:00;46.051998138427734;46.051998138427734;46.040000915527344;46.040000915527344;46.040000915527344;505
2024-10-31 09:22:00+01:00;46.04199981689453;46.04199981689453;46.04199981689453;46.04199981689453;46.04199981689453;1
2024-10-31 09:23:00+01:00;46.040000915527344;46.04199981689453;46.040000915527344;46.04199981689453;46.04199981689453;28
2024-10-31 09:24:00+01:00;46.034000396728516;46.034000396728516;46.034000396728516;46.034000396728516;46.034000396728516;9
2024-10-31 09:25:00+01:00;46.03900146484375;46.04199981689453;46.03900146484375;46.040000915527344;46.040000915527344;28
2024-10-31 09:26:00+01:00;46.04100036621094;46.04100036621094;46.029998779296875;46.029998779296875;46.029998779296875;26
2024-10-31 09:27:00+01:00;46.04199981689453;46.04199981689453;46.04199981689453;46.04199981689453;46.04199981689453;12
2024-10-31 09:28:00+01:00;46.04199981689453;46.04199981689453;46.04199981689453;46.04199981689453;46.04199981689453;3
2024-10-31 09:29:00+01:00;46.04199981689453;46.04199981689453;46.04199981689453;46.04199981689453;46.04199981689453;3
2024-10-31 09:30:00+01:00;46.04199981689453;46.04199981689453;46.03900146484375;46.040000915527344;46.040000915527344;40
2024-10-31 09:31:00+01:00;46.0359992980957;46.0359992980957;46.0359992980957;46.0359992980957;46.0359992980957;5
2024-10-31 09:32:00+01:00;46.02000045776367;46.02899932861328;46.0099983215332;46.02799987792969;46.02799987792969;26
2024-10-31 09:33:00+01:00;46.02899932861328;46.02899932861328;46.02799987792969;46.02899932861328;46.02899932861328;28
2024-10-31 09:34:00+01:00;46.029998779296875;46.029998779296875;46.02000045776367;46.02000045776367;46.02000045776367;234
2024-10-31 09:35:00+01:00;46.02299880981445;46.02299880981445;46.02299880981445;46.02299880981445;46.02299880981445;5
2024-10-31 09:36:00+01:00;46.02399826049805;46.03200149536133;46.0099983215332;46.0099983215332;46.0099983215332;32
2024-10-31 09:37:00+01:00;46.02000045776367;46.025001525878906;46.02000045776367;46.025001525878906;46.025001525878906;30
2024-10-31 09:38:00+01:00;46.02000045776367;46.040000915527344;46.02000045776367;46.040000915527344;46.040000915527344;9
2024-10-31 09:39:00+01:00;46.04199981689453;46.04199981689453;46.03799819946289;46.03799819946289;46.03799819946289;104
2024-10-31 09:40:00+01:00;46.042999267578125;46.042999267578125;46.02399826049805;46.03900146484375;46.03900146484375;54
2024-10-31 09:41:00+01:00;46.040000915527344;46.04100036621094;46.0369987487793;46.03900146484375;46.03900146484375;65
2024-10-31 09:42:00+01:00;46.029998779296875;46.04100036621094;46.029998779296875;46.04100036621094;46.04100036621094;74
2024-10-31 09:43:00+01:00;46.04399871826172;46.04399871826172;46.04399871826172;46.04399871826172;46.04399871826172;4
2024-10-31 09:44:00+01:00;46.03799819946289;46.047000885009766;46.03799819946289;46.047000885009766;46.047000885009766;40
2024-10-31 09:45:00+01:00;46.04499816894531;46.04499816894531;46.04199981689453;46.04499816894531;46.04499816894531;237
2024-10-31 09:46:00+01:00;46.04999923706055;46.07099914550781;46.04999923706055;46.07099914550781;46.07099914550781;2304
2024-10-31 09:47:00+01:00;46.07500076293945;46.08000183105469;46.07500076293945;46.08000183105469;46.08000183105469;15
2024-10-31 09:48:00+01:00;46.08700180053711;46.09199905395508;46.084999084472656;46.0880012512207;46.0880012512207;18
2024-10-31 09:49:00+01:00;46.071998596191406;46.071998596191406;46.071998596191406;46.071998596191406;46.071998596191406;402
2024-10-31 09:50:00+01:00;46.08599853515625;46.08599853515625;46.07099914550781;46.07099914550781;46.07099914550781;43
2024-10-31 09:51:00+01:00;46.06999969482422;46.07500076293945;46.06999969482422;46.07500076293945;46.07500076293945;162
2024-10-31 09:52:00+01:00;46.07600021362305;46.07600021362305;46.073001861572266;46.07600021362305;46.07600021362305;76
2024-10-31 09:53:00+01:00;46.06399917602539;46.07400131225586;46.060001373291016;46.069000244140625;46.069000244140625;6100
2024-10-31 09:54:00+01:00;46.071998596191406;46.07500076293945;46.06800079345703;46.07500076293945;46.07500076293945;5
2024-10-31 09:55:00+01:00;46.071998596191406;46.071998596191406;46.060001373291016;46.07099914550781;46.07099914550781;42
2024-10-31 09:56:00+01:00;46.06800079345703;46.07699966430664;46.066001892089844;46.07699966430664;46.07699966430664;54
2024-10-31 09:58:00+01:00;46.06999969482422;46.06999969482422;46.06999969482422;46.06999969482422;46.06999969482422;8
2024-10-31 09:59:00+01:00;46.06999969482422;46.06999969482422;46.040000915527344;46.040000915527344;46.040000915527344;54
2024-10-31 10:00:00+01:00;46.047000885009766;46.047000885009766;46.03499984741211;46.04499816894531;46.04499816894531;33
2024-10-31 10:01:00+01:00;46.03900146484375;46.040000915527344;46.03900146484375;46.040000915527344;46.040000915527344;34
2024-10-31 10:02:00+01:00;46.05099868774414;46.05099868774414;46.05099868774414;46.05099868774414;46.05099868774414;10
2024-10-31 10:03:00+01:00;46.05099868774414;46.05099868774414;46.03300094604492;46.03300094604492;46.03300094604492;1128
2024-10-31 10:04:00+01:00;46.02799987792969;46.0369987487793;46.02799987792969;46.03499984741211;46.03499984741211;27
2024-10-31 10:05:00+01:00;46.025001525878906;46.02799987792969;46.02000045776367;46.02799987792969;46.02799987792969;74
2024-10-31 10:06:00+01:00;46.0099983215332;46.02000045776367;46.0099983215332;46.02000045776367;46.02000045776367;11
2024-10-31 10:08:00+01:00;46.02399826049805;46.025001525878906;46.02399826049805;46.025001525878906;46.025001525878906;2324
2024-10-31 10:09:00+01:00;46.034000396728516;46.034000396728516;46.03099822998047;46.03099822998047;46.03099822998047;8
2024-10-31 10:10:00+01:00;46.0369987487793;46.04199981689453;46.0369987487793;46.03900146484375;46.03900146484375;26
2024-10-31 10:11:00+01:00;46.040000915527344;46.040000915527344;46.040000915527344;46.040000915527344;46.040000915527344;13
2024-10-31 10:12:00+01:00;46.04100036621094;46.04100036621094;46.0369987487793;46.0369987487793;46.0369987487793;15
2024-10-31 10:13:00+01:00;46.0260009765625;46.034000396728516;46.0260009765625;46.03099822998047;46.03099822998047;433
2024-10-31 10:14:00+01:00;46.018001556396484;46.029998779296875;46.018001556396484;46.02899932861328;46.02899932861328;417
2024-10-31 10:15:00+01:00;46.02399826049805;46.0260009765625;46.016998291015625;46.02299880981445;46.02299880981445;420
2024-10-31 10:16:00+01:00;46.02399826049805;46.02799987792969;46.02399826049805;46.02799987792969;46.02799987792969;78
2024-10-31 10:17:00+01:00;46.029998779296875;46.029998779296875;46.029998779296875;46.029998779296875;46.029998779296875;15
2024-10-31 10:18:00+01:00;46.02199935913086;46.02199935913086;46.02000045776367;46.02000045776367;46.02000045776367;12
2024-10-31 10:19:00+01:00;46.02000045776367;46.02000045776367;46.02000045776367;46.02000045776367;46.02000045776367;104
2024-10-31 10:20:00+01:00;46.02000045776367;46.02000045776367;46.02000045776367;46.02000045776367;46.02000045776367;3
2024-10-31 10:21:00+01:00;46.01599884033203;46.01599884033203;46.01599884033203;46.01599884033203;46.01599884033203;19
2024-10-31 10:22:00+01:00;46.00299835205078;46.00299835205078;46.00299835205078;46.00299835205078;46.00299835205078;10
2024-10-31 10:24:00+01:00;46.012001037597656;46.012001037597656;46.012001037597656;46.012001037597656;46.012001037597656;34
2024-10-31 10:25:00+01:00;46.012001037597656;46.016998291015625;46.012001037597656;46.016998291015625;46.016998291015625;5
2024-10-31 10:26:00+01:00;46.016998291015625;46.020999908447266;46.016998291015625;46.020999908447266;46.020999908447266;2621
2024-10-31 10:27:00+01:00;46.0359992980957;46.0359992980957;46.020999908447266;46.027000427246094;46.027000427246094;28
2024-10-31 10:28:00+01:00;46.02899932861328;46.03200149536133;46.02899932861328;46.03200149536133;46.03200149536133;46
2024-10-31 10:29:00+01:00;46.02000045776367;46.02000045776367;46.02000045776367;46.02000045776367;46.02000045776367;20
2024-10-31 10:31:00+01:00;46.025001525878906;46.025001525878906;46.025001525878906;46.025001525878906;46.025001525878906;10
2024-10-31 10:32:00+01:00;46.02799987792969;46.02799987792969;46.025001525878906;46.025001525878906;46.025001525878906;23
2024-10-31 10:33:00+01:00;46.0260009765625;46.02799987792969;46.0260009765625;46.02799987792969;46.02799987792969;6
2024-10-31 10:34:00+01:00;46.01900100708008;46.02199935913086;46.01900100708008;46.02000045776367;46.02000045776367;39
2024-10-31 10:35:00+01:00;46.02799987792969;46.03300094604492;46.0260009765625;46.03300094604492;46.03300094604492;36
2024-10-31 10:36:00+01:00;46.025001525878906;46.02899932861328;46.025001525878906;46.02899932861328;46.02899932861328;103
2024-10-31 10:37:00+01:00;46.03300094604492;46.03300094604492;46.03300094604492;46.03300094604492;46.03300094604492;4
2024-10-31 10:38:00+01:00;46.03300094604492;46.03300094604492;46.03300094604492;46.03300094604492;46.03300094604492;25
2024-10-31 10:39:00+01:00;46.03300094604492;46.034000396728516;46.027000427246094;46.034000396728516;46.034000396728516;12
2024-10-31 10:42:00+01:00;46.03900146484375;46.03900146484375;46.03900146484375;46.03900146484375;46.03900146484375;10
2024-10-31 10:44:00+01:00;46.0369987487793;46.0369987487793;46.0369987487793;46.0369987487793;46.0369987487793;8
2024-10-31 10:46:00+01:00;46.020999908447266;46.03499984741211;46.020999908447266;46.03499984741211;46.03499984741211;405
2024-10-31 10:47:00+01:00;46.029998779296875;46.029998779296875;46.029998779296875;46.029998779296875;46.029998779296875;3
2024-10-31 10:48:00+01:00;46.02000045776367;46.02000045776367;46.02000045776367;46.02000045776367;46.02000045776367;59
2024-10-31 10:49:00+01:00;46.029998779296875;46.029998779296875;46.029998779296875;46.029998779296875;46.029998779296875;1
2024-10-31 10:50:00+01:00;46.029998779296875;46.029998779296875;46.02799987792969;46.02799987792969;46.02799987792969;70
2024-10-31 10:51:00+01:00;46.020999908447266;46.020999908447266;46.020999908447266;46.020999908447266;46.020999908447266;20
2024-10-31 10:52:00+01:00;46.02399826049805;46.025001525878906;46.02299880981445;46.02299880981445;46.02299880981445;24
2024-10-31 10:53:00+01:00;46.02299880981445;46.02299880981445;46.02299880981445;46.02299880981445;46.02299880981445;10
2024-10-31 10:54:00+01:00;46.025001525878906;46.025001525878906;46.025001525878906;46.025001525878906;46.025001525878906;59
2024-10-31 10:55:00+01:00;46.012001037597656;46.012001037597656;46.00899887084961;46.00899887084961;46.00899887084961;1969
2024-10-31 10:57:00+01:00;46.02199935913086;46.02199935913086;46.020999908447266;46.020999908447266;46.020999908447266;18
2024-10-31 10:58:00+01:00;46.025001525878906;46.025001525878906;46.025001525878906;46.025001525878906;46.025001525878906;7
2024-10-31 10:59:00+01:00;46.027000427246094;46.03099822998047;46.00299835205078;46.025001525878906;46.025001525878906;54
2024-10-31 11:01:00+01:00;46.029998779296875;46.029998779296875;46.029998779296875;46.029998779296875;46.029998779296875;5
2024-10-31 11:02:00+01:00;46.02199935913086;46.02199935913086;46.01599884033203;46.01599884033203;46.01599884033203;25
2024-10-31 11:03:00+01:00;46.005001068115234;46.005001068115234;46.005001068115234;46.005001068115234;46.005001068115234;402
2024-10-31 11:04:00+01:00;46.0;46.012001037597656;45.99599838256836;46.012001037597656;46.012001037597656;1873
2024-10-31 11:05:00+01:00;46.01599884033203;46.01599884033203;46.01599884033203;46.01599884033203;46.01599884033203;1
2024-10-31 11:07:00+01:00;45.9900016784668;45.9900016784668;45.9900016784668;45.9900016784668;45.9900016784668;16
2024-10-31 11:08:00+01:00;45.99300003051758;45.994998931884766;45.9900016784668;45.994998931884766;45.994998931884766;15
2024-10-31 11:09:00+01:00;45.99700164794922;45.99700164794922;45.98699951171875;45.98699951171875;45.98699951171875;27
2024-10-31 11:10:00+01:00;45.9900016784668;45.9900016784668;45.9900016784668;45.9900016784668;45.9900016784668;3
2024-10-31 11:12:00+01:00;45.97999954223633;45.986000061035156;45.97999954223633;45.986000061035156;45.986000061035156;58
2024-10-31 11:14:00+01:00;45.972999572753906;45.97999954223633;45.970001220703125;45.979000091552734;45.979000091552734;232
2024-10-31 11:15:00+01:00;45.970001220703125;45.97700119018555;45.970001220703125;45.97700119018555;45.97700119018555;34
2024-10-31 11:16:00+01:00;45.97800064086914;45.97999954223633;45.97800064086914;45.97999954223633;45.97999954223633;12
2024-10-31 11:17:00+01:00;45.979000091552734;45.979000091552734;45.979000091552734;45.979000091552734;45.979000091552734;55
2024-10-31 11:18:00+01:00;45.972999572753906;45.972999572753906;45.959999084472656;45.959999084472656;45.959999084472656;28
2024-10-31 11:20:00+01:00;45.97100067138672;45.97100067138672;45.97100067138672;45.97100067138672;45.97100067138672;3
2024-10-31 11:21:00+01:00;45.974998474121094;45.974998474121094;45.9630012512207;45.972999572753906;45.972999572753906;12
2024-10-31 11:23:00+01:00;45.959999084472656;45.959999084472656;45.959999084472656;45.959999084472656;45.959999084472656;118
2024-10-31 11:24:00+01:00;45.97200012207031;45.97200012207031;45.97100067138672;45.97100067138672;45.97100067138672;17
2024-10-31 11:25:00+01:00;45.97100067138672;45.97100067138672;45.95800018310547;45.95800018310547;45.95800018310547;55
2024-10-31 11:26:00+01:00;45.97200012207031;45.9739990234375;45.97200012207031;45.9739990234375;45.9739990234375;4
2024-10-31 11:27:00+01:00;45.974998474121094;45.979000091552734;45.974998474121094;45.979000091552734;45.979000091552734;28
2024-10-31 11:28:00+01:00;45.974998474121094;45.974998474121094;45.97100067138672;45.97100067138672;45.97100067138672;3
2024-10-31 11:29:00+01:00;45.97999954223633;45.97999954223633;45.97999954223633;45.97999954223633;45.97999954223633;12
2024-10-31 11:30:00+01:00;45.97999954223633;45.97999954223633;45.97999954223633;45.97999954223633;45.97999954223633;151
2024-10-31 11:31:00+01:00;45.987998962402344;45.98899841308594;45.987998962402344;45.98899841308594;45.98899841308594;13
2024-10-31 11:32:00+01:00;45.9900016784668;45.999000549316406;45.9900016784668;45.999000549316406;45.999000549316406;32
2024-10-31 11:33:00+01:00;46.00699996948242;46.00699996948242;46.00699996948242;46.00699996948242;46.00699996948242;33
2024-10-31 11:34:00+01:00;46.00299835205078;46.00299835205078;45.98899841308594;45.98899841308594;45.98899841308594;53
2024-10-31 11:35:00+01:00;46.0;46.0;46.0;46.0;46.0;11
2024-10-31 11:36:00+01:00;45.99800109863281;46.000999450683594;45.99800109863281;46.000999450683594;46.000999450683594;14
2024-10-31 11:37:00+01:00;46.00699996948242;46.00699996948242;46.005001068115234;46.005001068115234;46.005001068115234;7
2024-10-31 11:39:00+01:00;46.00699996948242;46.00699996948242;46.0;46.00299835205078;46.00299835205078;295
2024-10-31 11:41:00+01:00;45.994998931884766;45.994998931884766;45.992000579833984;45.992000579833984;45.992000579833984;11
2024-10-31 11:42:00+01:00;45.99599838256836;46.007999420166016;45.99599838256836;46.007999420166016;46.007999420166016;6
2024-10-31 11:44:00+01:00;46.0;46.00699996948242;46.0;46.00699996948242;46.00699996948242;159
2024-10-31 11:45:00+01:00;46.00299835205078;46.00299835205078;46.00299835205078;46.00299835205078;46.00299835205078;23
2024-10-31 11:46:00+01:00;46.00600051879883;46.00600051879883;45.974998474121094;45.99300003051758;45.99300003051758;11
2024-10-31 11:48:00+01:00;45.992000579833984;45.99599838256836;45.992000579833984;45.99599838256836;45.99599838256836;23
2024-10-31 11:50:00+01:00;45.99700164794922;45.99700164794922;45.99700164794922;45.99700164794922;45.99700164794922;3
2024-10-31 11:51:00+01:00;45.99599838256836;45.99599838256836;45.99599838256836;45.99599838256836;45.99599838256836;6
2024-10-31 11:52:00+01:00;45.99700164794922;45.99700164794922;45.99700164794922;45.99700164794922;45.99700164794922;10
2024-10-31 11:53:00+01:00;46.007999420166016;46.00899887084961;46.0;46.00699996948242;46.00699996948242;23
2024-10-31 11:54:00+01:00;46.0;46.0;46.0;46.0;46.0;10
2024-10-31 11:55:00+01:00;46.012001037597656;46.012001037597656;46.012001037597656;46.012001037597656;46.012001037597656;3
2024-10-31 11:56:00+01:00;46.0260009765625;46.0260009765625;46.0260009765625;46.0260009765625;46.0260009765625;3
2024-10-31 11:57:00+01:00;46.0260009765625;46.0260009765625;46.0260009765625;46.0260009765625;46.0260009765625;43
2024-10-31 11:58:00+01:00;46.0260009765625;46.0260009765625;46.0260009765625;46.0260009765625;46.0260009765625;4
2024-10-31 11:59:00+01:00;46.0260009765625;46.027000427246094;46.0260009765625;46.027000427246094;46.027000427246094;9
2024-10-31 12:00:00+01:00;46.03900146484375;46.03900146484375;46.03900146484375;46.03900146484375;46.03900146484375;88
2024-10-31 12:01:00+01:00;46.040000915527344;46.051998138427734;46.040000915527344;46.04800033569336;46.04800033569336;64
2024-10-31 12:02:00+01:00;46.042999267578125;46.042999267578125;46.042999267578125;46.042999267578125;46.042999267578125;32
2024-10-31 12:03:00+01:00;46.051998138427734;46.051998138427734;46.051998138427734;46.051998138427734;46.051998138427734;7
2024-10-31 12:04:00+01:00;46.04800033569336;46.04800033569336;46.04800033569336;46.04800033569336;46.04800033569336;6
2024-10-31 12:05:00+01:00;46.04499816894531;46.04899978637695;46.03099822998047;46.03099822998047;46.03099822998047;1585
2024-10-31 12:06:00+01:00;46.04800033569336;46.04800033569336;46.04800033569336;46.04800033569336;46.04800033569336;11
2024-10-31 12:08:00+01:00;46.040000915527344;46.040000915527344;46.040000915527344;46.040000915527344;46.040000915527344;4
2024-10-31 12:09:00+01:00;46.02799987792969;46.02799987792969;46.02799987792969;46.02799987792969;46.02799987792969;40
2024-10-31 12:10:00+01:00;46.0369987487793;46.03900146484375;46.0369987487793;46.03900146484375;46.03900146484375;21
2024-10-31 12:11:00+01:00;46.040000915527344;46.040000915527344;46.040000915527344;46.040000915527344;46.040000915527344;70
2024-10-31 12:12:00+01:00;46.05400085449219;46.05400085449219;46.05400085449219;46.05400085449219;46.05400085449219;15
2024-10-31 12:17:00+01:00;46.05400085449219;46.05400085449219;46.05400085449219;46.05400085449219;46.05400085449219;24
2024-10-31 12:18:00+01:00;46.05400085449219;46.05400085449219;46.05099868774414;46.05099868774414;46.05099868774414;63
2024-10-31 12:19:00+01:00;46.04600143432617;46.04600143432617;46.042999267578125;46.042999267578125;46.042999267578125;44
2024-10-31 12:20:00+01:00;46.05400085449219;46.05400085449219;46.05400085449219;46.05400085449219;46.05400085449219;26
2024-10-31 12:21:00+01:00;46.05500030517578;46.05500030517578;46.05500030517578;46.05500030517578;46.05500030517578;65
2024-10-31 12:22:00+01:00;46.06100082397461;46.06100082397461;46.042999267578125;46.05699920654297;46.05699920654297;35
2024-10-31 12:23:00+01:00;46.06399917602539;46.06399917602539;46.06399917602539;46.06399917602539;46.06399917602539;16
2024-10-31 12:25:00+01:00;46.066001892089844;46.066001892089844;46.066001892089844;46.066001892089844;46.066001892089844;170
2024-10-31 12:26:00+01:00;46.07400131225586;46.07400131225586;46.071998596191406;46.07400131225586;46.07400131225586;14
2024-10-31 12:27:00+01:00;46.069000244140625;46.07500076293945;46.069000244140625;46.07500076293945;46.07500076293945;15
2024-10-31 12:28:00+01:00;46.07899856567383;46.07899856567383;46.07899856567383;46.07899856567383;46.07899856567383;136
2024-10-31 12:29:00+01:00;46.07099914550781;46.07099914550781;46.05799865722656;46.05799865722656;46.05799865722656;4
2024-10-31 12:30:00+01:00;46.058998107910156;46.058998107910156;46.058998107910156;46.058998107910156;46.058998107910156;11
2024-10-31 12:31:00+01:00;46.05500030517578;46.05500030517578;46.05500030517578;46.05500030517578;46.05500030517578;33
2024-10-31 12:32:00+01:00;46.05500030517578;46.05500030517578;46.05500030517578;46.05500030517578;46.05500030517578;3
2024-10-31 12:34:00+01:00;46.069000244140625;46.069000244140625;46.069000244140625;46.069000244140625;46.069000244140625;4
2024-10-31 12:36:00+01:00;46.069000244140625;46.069000244140625;46.04499816894531;46.04499816894531;46.04499816894531;59
2024-10-31 12:37:00+01:00;46.055999755859375;46.055999755859375;46.055999755859375;46.055999755859375;46.055999755859375;6
2024-10-31 12:38:00+01:00;46.05500030517578;46.05500030517578;46.040000915527344;46.040000915527344;46.040000915527344;16
2024-10-31 12:39:00+01:00;46.03099822998047;46.03099822998047;46.03099822998047;46.03099822998047;46.03099822998047;12
2024-10-31 12:41:00+01:00;46.051998138427734;46.051998138427734;46.051998138427734;46.051998138427734;46.051998138427734;3
2024-10-31 12:42:00+01:00;46.055999755859375;46.055999755859375;46.051998138427734;46.05500030517578;46.05500030517578;24
2024-10-31 12:43:00+01:00;46.055999755859375;46.055999755859375;46.055999755859375;46.055999755859375;46.055999755859375;8
2024-10-31 12:44:00+01:00;46.055999755859375;46.055999755859375;46.055999755859375;46.055999755859375;46.055999755859375;30
2024-10-31 12:45:00+01:00;46.04999923706055;46.04999923706055;46.04999923706055;46.04999923706055;46.04999923706055;100
2024-10-31 12:46:00+01:00;46.055999755859375;46.055999755859375;46.055999755859375;46.055999755859375;46.055999755859375;1
2024-10-31 12:47:00+01:00;46.055999755859375;46.06399917602539;46.05099868774414;46.06399917602539;46.06399917602539;54
2024-10-31 12:48:00+01:00;46.04999923706055;46.04999923706055;46.04999923706055;46.04999923706055;46.04999923706055;1
2024-10-31 12:49:00+01:00;46.04999923706055;46.04999923706055;46.04999923706055;46.04999923706055;46.04999923706055;10
2024-10-31 12:50:00+01:00;46.06399917602539;46.064998626708984;46.06399917602539;46.064998626708984;46.064998626708984;3
2024-10-31 12:51:00+01:00;46.066001892089844;46.066001892089844;46.066001892089844;46.066001892089844;46.066001892089844;24
2024-10-31 12:52:00+01:00;46.066001892089844;46.066001892089844;46.06399917602539;46.06399917602539;46.06399917602539;8
2024-10-31 12:53:00+01:00;46.06700134277344;46.06700134277344;46.06700134277344;46.06700134277344;46.06700134277344;6
2024-10-31 12:54:00+01:00;46.07400131225586;46.07400131225586;46.07400131225586;46.07400131225586;46.07400131225586;5
2024-10-31 12:56:00+01:00;46.07400131225586;46.0880012512207;46.071998596191406;46.0880012512207;46.0880012512207;39
2024-10-31 12:57:00+01:00;46.0890007019043;46.0890007019043;46.0890007019043;46.0890007019043;46.0890007019043;3
2024-10-31 12:59:00+01:00;46.0890007019043;46.0890007019043;46.0890007019043;46.0890007019043;46.0890007019043;13
2024-10-31 13:01:00+01:00;46.07600021362305;46.07600021362305;46.07600021362305;46.07600021362305;46.07600021362305;3
2024-10-31 13:02:00+01:00;46.051998138427734;46.060001373291016;46.04999923706055;46.04999923706055;46.04999923706055;27
2024-10-31 13:04:00+01:00;46.07600021362305;46.07600021362305;46.07600021362305;46.07600021362305;46.07600021362305;14
2024-10-31 13:05:00+01:00;46.07600021362305;46.09000015258789;46.07600021362305;46.09000015258789;46.09000015258789;30
2024-10-31 13:07:00+01:00;46.06399917602539;46.07699966430664;46.06399917602539;46.07699966430664;46.07699966430664;8
2024-10-31 13:08:00+01:00;46.07699966430664;46.07699966430664;46.07699966430664;46.07699966430664;46.07699966430664;9
2024-10-31 13:09:00+01:00;46.06999969482422;46.06999969482422;46.06999969482422;46.06999969482422;46.06999969482422;3
2024-10-31 13:10:00+01:00;46.069000244140625;46.071998596191406;46.06800079345703;46.06800079345703;46.06800079345703;42
2024-10-31 13:11:00+01:00;46.07500076293945;46.07899856567383;46.07500076293945;46.07899856567383;46.07899856567383;2281
2024-10-31 13:12:00+01:00;46.077999114990234;46.090999603271484;46.077999114990234;46.08700180053711;46.08700180053711;234
2024-10-31 13:13:00+01:00;46.095001220703125;46.095001220703125;46.095001220703125;46.095001220703125;46.095001220703125;10
2024-10-31 13:14:00+01:00;46.090999603271484;46.090999603271484;46.08399963378906;46.08399963378906;46.08399963378906;12
2024-10-31 13:16:00+01:00;46.07400131225586;46.07400131225586;46.07400131225586;46.07400131225586;46.07400131225586;3
2024-10-31 13:17:00+01:00;46.07500076293945;46.07500076293945;46.07500076293945;46.07500076293945;46.07500076293945;200
2024-10-31 13:18:00+01:00;46.071998596191406;46.071998596191406;46.071998596191406;46.071998596191406;46.071998596191406;6
2024-10-31 13:19:00+01:00;46.069000244140625;46.069000244140625;46.04999923706055;46.04999923706055;46.04999923706055;85
2024-10-31 13:20:00+01:00;46.069000244140625;46.069000244140625;46.069000244140625;46.069000244140625;46.069000244140625;3
2024-10-31 13:23:00+01:00;46.069000244140625;46.069000244140625;46.069000244140625;46.069000244140625;46.069000244140625;10
2024-10-31 13:24:00+01:00;46.069000244140625;46.069000244140625;46.069000244140625;46.069000244140625;46.069000244140625;3
2024-10-31 13:25:00+01:00;46.06800079345703;46.084999084472656;46.06800079345703;46.084999084472656;46.084999084472656;11
2024-10-31 13:26:00+01:00;46.08399963378906;46.08399963378906;46.08399963378906;46.08399963378906;46.08399963378906;18
2024-10-31 13:27:00+01:00;46.0880012512207;46.0880012512207;46.084999084472656;46.084999084472656;46.084999084472656;45
2024-10-31 13:28:00+01:00;46.08000183105469;46.0989990234375;46.08000183105469;46.0989990234375;46.0989990234375;109
2024-10-31 13:29:00+01:00;46.0989990234375;46.099998474121094;46.06999969482422;46.06999969482422;46.06999969482422;64
2024-10-31 13:30:00+01:00;46.099998474121094;46.099998474121094;46.099998474121094;46.099998474121094;46.099998474121094;18
2024-10-31 13:32:00+01:00;46.051998138427734;46.051998138427734;46.04600143432617;46.04999923706055;46.04999923706055;1417
2024-10-31 13:33:00+01:00;46.03099822998047;46.03099822998047;46.029998779296875;46.029998779296875;46.029998779296875;58
2024-10-31 13:34:00+01:00;46.02000045776367;46.02000045776367;46.02000045776367;46.02000045776367;46.02000045776367;16
2024-10-31 13:35:00+01:00;46.02299880981445;46.02299880981445;46.00699996948242;46.00699996948242;46.00699996948242;1109
2024-10-31 13:36:00+01:00;46.02000045776367;46.02399826049805;46.0099983215332;46.02199935913086;46.02199935913086;124
2024-10-31 13:37:00+01:00;46.02299880981445;46.02299880981445;46.0;46.0;46.0;80
2024-10-31 13:38:00+01:00;46.0099983215332;46.02399826049805;46.0099983215332;46.02399826049805;46.02399826049805;2282
2024-10-31 13:39:00+01:00;46.018001556396484;46.018001556396484;46.018001556396484;46.018001556396484;46.018001556396484;60
2024-10-31 13:40:00+01:00;46.01100158691406;46.01100158691406;46.01100158691406;46.01100158691406;46.01100158691406;17
2024-10-31 13:41:00+01:00;46.012001037597656;46.03200149536133;46.012001037597656;46.029998779296875;46.029998779296875;2309
2024-10-31 13:42:00+01:00;45.999000549316406;45.999000549316406;45.999000549316406;45.999000549316406;45.999000549316406;200
2024-10-31 13:43:00+01:00;46.04499816894531;46.04499816894531;46.025001525878906;46.025001525878906;46.025001525878906;404
2024-10-31 13:44:00+01:00;46.04600143432617;46.04600143432617;46.04600143432617;46.04600143432617;46.04600143432617;5
2024-10-31 13:45:00+01:00;46.04600143432617;46.04600143432617;46.04600143432617;46.04600143432617;46.04600143432617;3
2024-10-31 13:46:00+01:00;46.055999755859375;46.055999755859375;46.055999755859375;46.055999755859375;46.055999755859375;10
2024-10-31 13:47:00+01:00;46.04800033569336;46.04800033569336;46.04800033569336;46.04800033569336;46.04800033569336;1
2024-10-31 13:48:00+01:00;46.0;46.0;46.0;46.0;46.0;2
2024-10-31 13:49:00+01:00;46.0;46.0;45.9900016784668;45.9900016784668;45.9900016784668;45
2024-10-31 13:51:00+01:00;46.0;46.0;46.0;46.0;46.0;6
2024-10-31 13:52:00+01:00;46.007999420166016;46.007999420166016;46.007999420166016;46.007999420166016;46.007999420166016;7
2024-10-31 13:53:00+01:00;46.007999420166016;46.007999420166016;46.00299835205078;46.00299835205078;46.00299835205078;5
2024-10-31 13:55:00+01:00;45.994998931884766;45.994998931884766;45.994998931884766;45.994998931884766;45.994998931884766;23
2024-10-31 13:56:00+01:00;46.00400161743164;46.00400161743164;46.00400161743164;46.00400161743164;46.00400161743164;5
2024-10-31 13:57:00+01:00;46.00899887084961;46.00899887084961;46.00899887084961;46.00899887084961;46.00899887084961;4
2024-10-31 13:59:00+01:00;46.00299835205078;46.00299835205078;46.00299835205078;46.00299835205078;46.00299835205078;81
2024-10-31 14:00:00+01:00;46.018001556396484;46.018001556396484;46.018001556396484;46.018001556396484;46.018001556396484;5
2024-10-31 14:01:00+01:00;46.02199935913086;46.02299880981445;46.02199935913086;46.02299880981445;46.02299880981445;6
2024-10-31 14:03:00+01:00;46.01599884033203;46.01599884033203;46.01599884033203;46.01599884033203;46.01599884033203;20
2024-10-31 14:04:00+01:00;46.007999420166016;46.007999420166016;46.007999420166016;46.007999420166016;46.007999420166016;3
2024-10-31 14:05:00+01:00;46.016998291015625;46.02299880981445;46.0099983215332;46.013999938964844;46.013999938964844;872
2024-10-31 14:06:00+01:00;46.01100158691406;46.01100158691406;46.01100158691406;46.01100158691406;46.01100158691406;3
2024-10-31 14:07:00+01:00;46.012001037597656;46.012001037597656;46.0;46.00199890136719;46.00199890136719;129
2024-10-31 14:08:00+01:00;45.999000549316406;45.999000549316406;45.99700164794922;45.99700164794922;45.99700164794922;25
2024-10-31 14:09:00+01:00;45.99599838256836;45.99599838256836;45.99599838256836;45.99599838256836;45.99599838256836;2
2024-10-31 14:10:00+01:00;45.99599838256836;45.99599838256836;45.99599838256836;45.99599838256836;45.99599838256836;12
2024-10-31 14:11:00+01:00;45.99599838256836;46.00299835205078;45.99599838256836;46.00299835205078;46.00299835205078;26
2024-10-31 14:12:00+01:00;46.00199890136719;46.0099983215332;46.00199890136719;46.0099983215332;46.0099983215332;14
2024-10-31 14:13:00+01:00;46.020999908447266;46.020999908447266;46.020999908447266;46.020999908447266;46.020999908447266;10
2024-10-31 14:14:00+01:00;46.01900100708008;46.02000045776367;46.01900100708008;46.02000045776367;46.02000045776367;75
2024-10-31 14:16:00+01:00;46.02299880981445;46.02299880981445;46.02299880981445;46.02299880981445;46.02299880981445;14
2024-10-31 14:17:00+01:00;46.02799987792969;46.02799987792969;46.02799987792969;46.02799987792969;46.02799987792969;4
2024-10-31 14:18:00+01:00;46.02000045776367;46.029998779296875;46.02000045776367;46.02799987792969;46.02799987792969;143
2024-10-31 14:19:00+01:00;46.02799987792969;46.03200149536133;46.02799987792969;46.03200149536133;46.03200149536133;13
2024-10-31 14:22:00+01:00;46.03200149536133;46.034000396728516;46.03200149536133;46.034000396728516;46.034000396728516;10
2024-10-31 14:23:00+01:00;46.034000396728516;46.034000396728516;46.029998779296875;46.029998779296875;46.029998779296875;46
2024-10-31 14:25:00+01:00;46.000999450683594;46.000999450683594;45.99599838256836;46.0;46.0;673
2024-10-31 14:26:00+01:00;46.01100158691406;46.01100158691406;46.01100158691406;46.01100158691406;46.01100158691406;2
2024-10-31 14:27:00+01:00;46.0099983215332;46.01100158691406;46.0099983215332;46.01100158691406;46.01100158691406;32
2024-10-31 14:28:00+01:00;46.00199890136719;46.00199890136719;46.00199890136719;46.00199890136719;46.00199890136719;10
2024-10-31 14:29:00+01:00;45.994998931884766;45.994998931884766;45.95000076293945;45.95000076293945;45.95000076293945;3720
2024-10-31 14:31:00+01:00;45.915000915527344;45.915000915527344;45.880001068115234;45.880001068115234;45.880001068115234;473
2024-10-31 14:32:00+01:00;45.88100051879883;45.88100051879883;45.83700180053711;45.869998931884766;45.869998931884766;677
2024-10-31 14:33:00+01:00;45.87200164794922;45.87200164794922;45.86199951171875;45.86199951171875;45.86199951171875;45
2024-10-31 14:34:00+01:00;45.849998474121094;45.849998474121094;45.849998474121094;45.849998474121094;45.849998474121094;22
2024-10-31 14:35:00+01:00;45.86800003051758;45.86800003051758;45.86800003051758;45.86800003051758;45.86800003051758;7
2024-10-31 14:38:00+01:00;45.928001403808594;45.928001403808594;45.928001403808594;45.928001403808594;45.928001403808594;264
2024-10-31 14:39:00+01:00;45.91699981689453;45.91699981689453;45.91699981689453;45.91699981689453;45.91699981689453;1
2024-10-31 14:40:00+01:00;45.917999267578125;45.917999267578125;45.917999267578125;45.917999267578125;45.917999267578125;85
2024-10-31 14:41:00+01:00;45.93000030517578;45.93000030517578;45.93000030517578;45.93000030517578;45.93000030517578;2
2024-10-31 14:42:00+01:00;45.93199920654297;45.93199920654297;45.930999755859375;45.930999755859375;45.930999755859375;177
2024-10-31 14:43:00+01:00;45.930999755859375;45.930999755859375;45.930999755859375;45.930999755859375;45.930999755859375;10
2024-10-31 14:45:00+01:00;45.900001525878906;45.900001525878906;45.856998443603516;45.89799880981445;45.89799880981445;115
2024-10-31 14:47:00+01:00;45.874000549316406;45.874000549316406;45.874000549316406;45.874000549316406;45.874000549316406;77
2024-10-31 14:48:00+01:00;45.849998474121094;45.849998474121094;45.849998474121094;45.849998474121094;45.849998474121094;10
2024-10-31 14:49:00+01:00;45.84000015258789;45.84000015258789;45.82500076293945;45.82500076293945;45.82500076293945;22
2024-10-31 14:50:00+01:00;45.82600021362305;45.82600021362305;45.81399917602539;45.81399917602539;45.81399917602539;33
2024-10-31 14:51:00+01:00;45.81999969482422;45.81999969482422;45.81999969482422;45.81999969482422;45.81999969482422;12
2024-10-31 14:52:00+01:00;45.84299850463867;45.84299850463867;45.84299850463867;45.84299850463867;45.84299850463867;9
2024-10-31 14:53:00+01:00;45.840999603271484;45.840999603271484;45.8390007019043;45.8390007019043;45.8390007019043;5
2024-10-31 14:54:00+01:00;45.86000061035156;45.86000061035156;45.86000061035156;45.86000061035156;45.86000061035156;2267
2024-10-31 14:57:00+01:00;45.93199920654297;45.93199920654297;45.93000030517578;45.93000030517578;45.93000030517578;5
2024-10-31 14:58:00+01:00;45.92399978637695;45.92399978637695;45.89799880981445;45.89799880981445;45.89799880981445;58
2024-10-31 15:00:00+01:00;45.880001068115234;45.880001068115234;45.869998931884766;45.869998931884766;45.869998931884766;5
2024-10-31 15:01:00+01:00;45.882999420166016;45.882999420166016;45.86000061035156;45.867000579833984;45.867000579833984;55
2024-10-31 15:02:00+01:00;45.87200164794922;45.87200164794922;45.87200164794922;45.87200164794922;45.87200164794922;3
2024-10-31 15:03:00+01:00;45.874000549316406;45.88399887084961;45.869998931884766;45.869998931884766;45.869998931884766;367
2024-10-31 15:04:00+01:00;45.8650016784668;45.882999420166016;45.8650016784668;45.87300109863281;45.87300109863281;181
2024-10-31 15:05:00+01:00;45.87900161743164;45.87900161743164;45.86000061035156;45.86000061035156;45.86000061035156;428
2024-10-31 15:06:00+01:00;45.875;45.875;45.86899948120117;45.86899948120117;45.86899948120117;2268
2024-10-31 15:07:00+01:00;45.86899948120117;45.87699890136719;45.856998443603516;45.869998931884766;45.869998931884766;290
2024-10-31 15:09:00+01:00;45.875;45.875;45.845001220703125;45.845001220703125;45.845001220703125;36
2024-10-31 15:11:00+01:00;45.810001373291016;45.810001373291016;45.79499816894531;45.805999755859375;45.805999755859375;791
2024-10-31 15:12:00+01:00;45.805999755859375;45.8120002746582;45.805999755859375;45.8120002746582;45.8120002746582;6
2024-10-31 15:13:00+01:00;45.8129997253418;45.8129997253418;45.8129997253418;45.8129997253418;45.8129997253418;2267
2024-10-31 15:15:00+01:00;45.83300018310547;45.83300018310547;45.83300018310547;45.83300018310547;45.83300018310547;11
2024-10-31 15:16:00+01:00;45.83100128173828;45.83100128173828;45.83100128173828;45.83100128173828;45.83100128173828;11
2024-10-31 15:17:00+01:00;45.900001525878906;45.900001525878906;45.869998931884766;45.869998931884766;45.869998931884766;96
2024-10-31 15:18:00+01:00;45.86000061035156;45.87699890136719;45.86000061035156;45.87699890136719;45.87699890136719;67
2024-10-31 15:19:00+01:00;45.87300109863281;45.87300109863281;45.87300109863281;45.87300109863281;45.87300109863281;2
2024-10-31 15:20:00+01:00;45.87200164794922;45.87200164794922;45.87200164794922;45.87200164794922;45.87200164794922;5
2024-10-31 15:22:00+01:00;45.862998962402344;45.862998962402344;45.862998962402344;45.862998962402344;45.862998962402344;5
2024-10-31 15:24:00+01:00;45.82899856567383;45.82899856567383;45.8120002746582;45.8120002746582;45.8120002746582;8819
2024-10-31 15:25:00+01:00;45.83599853515625;45.83599853515625;45.79999923706055;45.79999923706055;45.79999923706055;32
2024-10-31 15:26:00+01:00;45.779998779296875;45.779998779296875;45.7599983215332;45.7599983215332;45.7599983215332;23
2024-10-31 15:27:00+01:00;45.76100158691406;45.76100158691406;45.75;45.75;45.75;274
2024-10-31 15:28:00+01:00;45.729000091552734;45.729000091552734;45.709999084472656;45.709999084472656;45.709999084472656;33
2024-10-31 15:29:00+01:00;45.7130012512207;45.7140007019043;45.70000076293945;45.7140007019043;45.7140007019043;531
2024-10-31 15:31:00+01:00;45.702999114990234;45.72600173950195;45.691001892089844;45.72600173950195;45.72600173950195;351
2024-10-31 15:32:00+01:00;45.715999603271484;45.737998962402344;45.715999603271484;45.72100067138672;45.72100067138672;2436
2024-10-31 15:33:00+01:00;45.724998474121094;45.72700119018555;45.724998474121094;45.72700119018555;45.72700119018555;33
2024-10-31 15:34:00+01:00;45.720001220703125;45.720001220703125;45.707000732421875;45.707000732421875;45.707000732421875;260
2024-10-31 15:35:00+01:00;45.729000091552734;45.729000091552734;45.729000091552734;45.729000091552734;45.729000091552734;3
2024-10-31 15:36:00+01:00;45.729000091552734;45.729000091552734;45.729000091552734;45.729000091552734;45.729000091552734;6
2024-10-31 15:37:00+01:00;45.72999954223633;45.72999954223633;45.720001220703125;45.720001220703125;45.720001220703125;98
2024-10-31 15:38:00+01:00;45.720001220703125;45.72200012207031;45.720001220703125;45.72200012207031;45.72200012207031;44
2024-10-31 15:40:00+01:00;45.731998443603516;45.74300003051758;45.731998443603516;45.74300003051758;45.74300003051758;49
2024-10-31 15:41:00+01:00;45.73699951171875;45.73699951171875;45.72600173950195;45.731998443603516;45.731998443603516;18
2024-10-31 15:42:00+01:00;45.733001708984375;45.733001708984375;45.72999954223633;45.72999954223633;45.72999954223633;10
2024-10-31 15:43:00+01:00;45.72999954223633;45.72999954223633;45.72800064086914;45.72800064086914;45.72800064086914;7
2024-10-31 15:44:00+01:00;45.729000091552734;45.729000091552734;45.720001220703125;45.720001220703125;45.720001220703125;33
2024-10-31 15:45:00+01:00;45.72700119018555;45.72700119018555;45.72700119018555;45.72700119018555;45.72700119018555;32
2024-10-31 15:46:00+01:00;45.7130012512207;45.7130012512207;45.694000244140625;45.696998596191406;45.696998596191406;274
2024-10-31 15:47:00+01:00;45.69900131225586;45.69900131225586;45.689998626708984;45.689998626708984;45.689998626708984;165
2024-10-31 15:49:00+01:00;45.68000030517578;45.68000030517578;45.650001525878906;45.650001525878906;45.650001525878906;85
2024-10-31 15:50:00+01:00;45.6609992980957;45.6609992980957;45.6609992980957;45.6609992980957;45.6609992980957;3
2024-10-31 15:52:00+01:00;45.654998779296875;45.65599822998047;45.64699935913086;45.64699935913086;45.64699935913086;37
2024-10-31 15:53:00+01:00;45.650001525878906;45.650001525878906;45.650001525878906;45.650001525878906;45.650001525878906;13
2024-10-31 15:54:00+01:00;45.63999938964844;45.65299987792969;45.63999938964844;45.65299987792969;45.65299987792969;505
2024-10-31 15:57:00+01:00;45.65599822998047;45.65800094604492;45.65599822998047;45.65800094604492;45.65800094604492;300
2024-10-31 15:58:00+01:00;45.6609992980957;45.66400146484375;45.6609992980957;45.66400146484375;45.66400146484375;14
2024-10-31 15:59:00+01:00;45.66999816894531;45.66999816894531;45.66999816894531;45.66999816894531;45.66999816894531;5
2024-10-31 16:00:00+01:00;45.67599868774414;45.678001403808594;45.67599868774414;45.678001403808594;45.678001403808594;208
2024-10-31 16:03:00+01:00;45.67499923706055;45.67499923706055;45.67499923706055;45.67499923706055;45.67499923706055;161
2024-10-31 16:04:00+01:00;45.65999984741211;45.65999984741211;45.65299987792969;45.65299987792969;45.65299987792969;17
2024-10-31 16:05:00+01:00;45.652000427246094;45.652000427246094;45.652000427246094;45.652000427246094;45.652000427246094;113
2024-10-31 16:06:00+01:00;45.65700149536133;45.676998138427734;45.65700149536133;45.676998138427734;45.676998138427734;74
2024-10-31 16:07:00+01:00;45.6879997253418;45.775001525878906;45.6879997253418;45.7239990234375;45.7239990234375;4482
2024-10-31 16:08:00+01:00;45.722999572753906;45.7239990234375;45.691001892089844;45.691001892089844;45.691001892089844;2880
2024-10-31 16:09:00+01:00;45.69200134277344;45.70600128173828;45.69200134277344;45.70000076293945;45.70000076293945;2298
2024-10-31 16:10:00+01:00;45.689998626708984;45.689998626708984;45.689998626708984;45.689998626708984;45.689998626708984;3
2024-10-31 16:11:00+01:00;45.680999755859375;45.680999755859375;45.680999755859375;45.680999755859375;45.680999755859375;1
2024-10-31 16:12:00+01:00;45.680999755859375;45.680999755859375;45.67300033569336;45.67300033569336;45.67300033569336;39
2024-10-31 16:13:00+01:00;45.67900085449219;45.67900085449219;45.667999267578125;45.667999267578125;45.667999267578125;69
2024-10-31 16:14:00+01:00;45.66600036621094;45.66600036621094;45.66400146484375;45.66400146484375;45.66400146484375;26
2024-10-31 16:15:00+01:00;45.650001525878906;45.650001525878906;45.650001525878906;45.650001525878906;45.650001525878906;251
2024-10-31 16:16:00+01:00;45.652000427246094;45.652000427246094;45.652000427246094;45.652000427246094;45.652000427246094;1
2024-10-31 16:17:00+01:00;45.667999267578125;45.667999267578125;45.66600036621094;45.667999267578125;45.667999267578125;50
2024-10-31 16:18:00+01:00;45.66899871826172;45.69200134277344;45.66899871826172;45.69200134277344;45.69200134277344;4777
2024-10-31 16:19:00+01:00;45.70399856567383;45.70399856567383;45.68000030517578;45.70399856567383;45.70399856567383;92
2024-10-31 16:20:00+01:00;45.694000244140625;45.694000244140625;45.694000244140625;45.694000244140625;45.694000244140625;1
2024-10-31 16:23:00+01:00;45.75299835205078;45.75299835205078;45.724998474121094;45.724998474121094;45.724998474121094;9
2024-10-31 16:24:00+01:00;45.729000091552734;45.729000091552734;45.729000091552734;45.729000091552734;45.729000091552734;4
2024-10-31 16:25:00+01:00;45.709999084472656;45.71799850463867;45.709999084472656;45.71099853515625;45.71099853515625;104
2024-10-31 16:26:00+01:00;45.72999954223633;45.731998443603516;45.72999954223633;45.731998443603516;45.731998443603516;126
2024-10-31 16:27:00+01:00;45.71900177001953;45.71900177001953;45.70600128173828;45.709999084472656;45.709999084472656;16
2024-10-31 16:28:00+01:00;45.71900177001953;45.71900177001953;45.71900177001953;45.71900177001953;45.71900177001953;3
2024-10-31 16:29:00+01:00;45.71500015258789;45.71699905395508;45.71500015258789;45.71699905395508;45.71699905395508;16
2024-10-31 16:30:00+01:00;45.715999603271484;45.715999603271484;45.70399856567383;45.70399856567383;45.70399856567383;9
2024-10-31 16:31:00+01:00;45.68199920654297;45.68199920654297;45.68000030517578;45.68000030517578;45.68000030517578;14
2024-10-31 16:32:00+01:00;45.69300079345703;45.69599914550781;45.69300079345703;45.69599914550781;45.69599914550781;75
2024-10-31 16:33:00+01:00;45.689998626708984;45.689998626708984;45.66999816894531;45.66999816894531;45.66999816894531;115
2024-10-31 16:35:00+01:00;45.672000885009766;45.672000885009766;45.672000885009766;45.672000885009766;45.672000885009766;6
2024-10-31 16:36:00+01:00;45.672000885009766;45.672000885009766;45.650001525878906;45.650001525878906;45.650001525878906;510
2024-10-31 16:37:00+01:00;45.63999938964844;45.67100143432617;45.63999938964844;45.67100143432617;45.67100143432617;35
2024-10-31 16:38:00+01:00;45.66999816894531;45.67300033569336;45.66999816894531;45.67300033569336;45.67300033569336;12
2024-10-31 16:39:00+01:00;45.6879997253418;45.69499969482422;45.6879997253418;45.69499969482422;45.69499969482422;25
2024-10-31 16:40:00+01:00;45.6609992980957;45.67300033569336;45.6609992980957;45.67300033569336;45.67300033569336;80
2024-10-31 16:41:00+01:00;45.68299865722656;45.68299865722656;45.65700149536133;45.65700149536133;45.65700149536133;22
2024-10-31 16:42:00+01:00;45.67499923706055;45.67499923706055;45.67499923706055;45.67499923706055;45.67499923706055;2
2024-10-31 16:43:00+01:00;45.67599868774414;45.67599868774414;45.67300033569336;45.67300033569336;45.67300033569336;9
2024-10-31 16:44:00+01:00;45.696998596191406;45.71099853515625;45.696998596191406;45.70600128173828;45.70600128173828;151
2024-10-31 16:46:00+01:00;45.683998107910156;45.685001373291016;45.683998107910156;45.685001373291016;45.685001373291016;117
2024-10-31 16:47:00+01:00;45.683998107910156;45.683998107910156;45.683998107910156;45.683998107910156;45.683998107910156;4
2024-10-31 16:48:00+01:00;45.685001373291016;45.685001373291016;45.654998779296875;45.654998779296875;45.654998779296875;11
2024-10-31 16:49:00+01:00;45.650001525878906;45.650001525878906;45.650001525878906;45.650001525878906;45.650001525878906;39
2024-10-31 16:50:00+01:00;45.66699981689453;45.691001892089844;45.65999984741211;45.66999816894531;45.66999816894531;70
2024-10-31 16:51:00+01:00;45.689998626708984;45.689998626708984;45.67100143432617;45.68199920654297;45.68199920654297;66
2024-10-31 16:52:00+01:00;45.6619987487793;45.6619987487793;45.659000396728516;45.659000396728516;45.659000396728516;13
2024-10-31 16:53:00+01:00;45.65800094604492;45.66400146484375;45.65700149536133;45.6619987487793;45.6619987487793;13
2024-10-31 16:54:00+01:00;45.65700149536133;45.65700149536133;45.65700149536133;45.65700149536133;45.65700149536133;23
2024-10-31 16:58:00+01:00;45.650001525878906;45.650001525878906;45.650001525878906;45.650001525878906;45.650001525878906;353
2024-10-31 17:00:00+01:00;45.691001892089844;45.694000244140625;45.691001892089844;45.694000244140625;45.694000244140625;80
2024-10-31 17:01:00+01:00;45.689998626708984;45.689998626708984;45.689998626708984;45.689998626708984;45.689998626708984;3
2024-10-31 17:02:00+01:00;45.6609992980957;45.6609992980957;45.6609992980957;45.6609992980957;45.6609992980957;54
2024-10-31 17:03:00+01:00;45.66400146484375;45.66400146484375;45.62699890136719;45.62699890136719;45.62699890136719;43
2024-10-31 17:05:00+01:00;45.683998107910156;45.69599914550781;45.683998107910156;45.69599914550781;45.69599914550781;24
2024-10-31 17:07:00+01:00;45.69900131225586;45.702999114990234;45.69900131225586;45.70100021362305;45.70100021362305;76
2024-10-31 17:08:00+01:00;45.702999114990234;45.702999114990234;45.702999114990234;45.702999114990234;45.702999114990234;25
2024-10-31 17:10:00+01:00;45.696998596191406;45.696998596191406;45.696998596191406;45.696998596191406;45.696998596191406;10
2024-10-31 17:12:00+01:00;45.66999816894531;45.66999816894531;45.66999816894531;45.66999816894531;45.66999816894531;214
2024-10-31 17:13:00+01:00;45.70000076293945;45.7130012512207;45.70000076293945;45.7130012512207;45.7130012512207;121
2024-10-31 17:14:00+01:00;45.72700119018555;45.72700119018555;45.72700119018555;45.72700119018555;45.72700119018555;54
2024-10-31 17:15:00+01:00;45.709999084472656;45.722999572753906;45.709999084472656;45.722999572753906;45.722999572753906;189
2024-10-31 17:17:00+01:00;45.720001220703125;45.7239990234375;45.720001220703125;45.7239990234375;45.7239990234375;8
2024-10-31 17:18:00+01:00;45.736000061035156;45.736000061035156;45.736000061035156;45.736000061035156;45.736000061035156;11
2024-10-31 17:20:00+01:00;45.73699951171875;45.73699951171875;45.73699951171875;45.73699951171875;45.73699951171875;50
2024-10-31 17:21:00+01:00;45.7239990234375;45.7239990234375;45.71900177001953;45.71900177001953;45.71900177001953;40
2024-10-31 17:22:00+01:00;45.7239990234375;45.724998474121094;45.7239990234375;45.724998474121094;45.724998474121094;4554
2024-10-31 17:23:00+01:00;45.7400016784668;45.75699996948242;45.7400016784668;45.75699996948242;45.75699996948242;11
2024-10-31 17:24:00+01:00;45.7400016784668;45.7400016784668;45.73400115966797;45.73400115966797;45.73400115966797;14
2024-10-31 17:25:00+01:00;45.73400115966797;45.73400115966797;45.71900177001953;45.71900177001953;45.71900177001953;33
2024-10-31 17:29:00+01:00;45.715999603271484;45.73099899291992;45.709999084472656;45.73099899291992;45.73099899291992;114
