Datetime;Open;High;Low;Close;Adj Close;Volume
2024-11-22 09:04:00+01:00;49.17100143432617;49.17100143432617;49.17100143432617;49.17100143432617;49.17100143432617;0
2024-11-22 09:05:00+01:00;49.17100143432617;49.18899917602539;49.1510009765625;49.1879997253418;49.1879997253418;765
2024-11-22 09:06:00+01:00;49.19599914550781;49.19599914550781;49.17499923706055;49.17499923706055;49.17499923706055;8
2024-11-22 09:07:00+01:00;49.1510009765625;49.18000030517578;49.1510009765625;49.18000030517578;49.18000030517578;65
2024-11-22 09:08:00+01:00;49.17499923706055;49.17499923706055;49.167999267578125;49.167999267578125;49.167999267578125;52
2024-11-22 09:09:00+01:00;49.18000030517578;49.18000030517578;49.18000030517578;49.18000030517578;49.18000030517578;50
2024-11-22 09:10:00+01:00;49.17900085449219;49.17900085449219;49.15599822998047;49.15599822998047;49.15599822998047;17
2024-11-22 09:11:00+01:00;49.17399978637695;49.17399978637695;49.17399978637695;49.17399978637695;49.17399978637695;2
2024-11-22 09:12:00+01:00;49.15999984741211;49.15999984741211;49.150001525878906;49.15599822998047;49.15599822998047;27
2024-11-22 09:14:00+01:00;49.15399932861328;49.20899963378906;49.15399932861328;49.20899963378906;49.20899963378906;325
2024-11-22 09:15:00+01:00;49.30099868774414;49.30099868774414;49.30099868774414;49.30099868774414;49.30099868774414;5
2024-11-22 09:16:00+01:00;49.25;49.25;49.25;49.25;49.25;5
2024-11-22 09:17:00+01:00;49.2130012512207;49.2130012512207;49.2130012512207;49.2130012512207;49.2130012512207;200
2024-11-22 09:18:00+01:00;49.26100158691406;49.26100158691406;49.26100158691406;49.26100158691406;49.26100158691406;20
2024-11-22 09:19:00+01:00;49.25299835205078;49.25299835205078;49.189998626708984;49.189998626708984;49.189998626708984;6
2024-11-22 09:20:00+01:00;49.21699905395508;49.21699905395508;49.21699905395508;49.21699905395508;49.21699905395508;2
2024-11-22 09:21:00+01:00;49.21099853515625;49.21099853515625;49.21099853515625;49.21099853515625;49.21099853515625;61
2024-11-22 09:23:00+01:00;49.22700119018555;49.23500061035156;49.22700119018555;49.23500061035156;49.23500061035156;28
2024-11-22 09:24:00+01:00;49.24800109863281;49.24800109863281;49.24800109863281;49.24800109863281;49.24800109863281;10
2024-11-22 09:26:00+01:00;49.23500061035156;49.23699951171875;49.23500061035156;49.23699951171875;49.23699951171875;6
2024-11-22 09:28:00+01:00;49.215999603271484;49.215999603271484;49.215999603271484;49.215999603271484;49.215999603271484;14
2024-11-22 09:29:00+01:00;49.24700164794922;49.24700164794922;49.24700164794922;49.24700164794922;49.24700164794922;45
2024-11-22 09:31:00+01:00;49.20000076293945;49.20000076293945;49.20000076293945;49.20000076293945;49.20000076293945;30
2024-11-22 09:33:00+01:00;49.20000076293945;49.21500015258789;49.20000076293945;49.21500015258789;49.21500015258789;220
2024-11-22 09:34:00+01:00;49.207000732421875;49.207000732421875;49.207000732421875;49.207000732421875;49.207000732421875;20
2024-11-22 09:36:00+01:00;49.23099899291992;49.23099899291992;49.23099899291992;49.23099899291992;49.23099899291992;10
2024-11-22 09:37:00+01:00;49.24100112915039;49.255001068115234;49.24100112915039;49.255001068115234;49.255001068115234;204
2024-11-22 09:38:00+01:00;49.242000579833984;49.25600051879883;49.242000579833984;49.25600051879883;49.25600051879883;43
2024-11-22 09:40:00+01:00;49.244998931884766;49.244998931884766;49.23500061035156;49.23500061035156;49.23500061035156;118
2024-11-22 09:42:00+01:00;49.25;49.250999450683594;49.25;49.250999450683594;49.250999450683594;100
2024-11-22 09:43:00+01:00;49.2599983215332;49.2599983215332;49.2599983215332;49.2599983215332;49.2599983215332;92
2024-11-22 09:44:00+01:00;49.25699996948242;49.25699996948242;49.25400161743164;49.25400161743164;49.25400161743164;30
2024-11-22 09:45:00+01:00;49.25;49.2599983215332;49.25;49.2599983215332;49.2599983215332;95
2024-11-22 09:46:00+01:00;49.266998291015625;49.266998291015625;49.266998291015625;49.266998291015625;49.266998291015625;21
2024-11-22 09:47:00+01:00;49.277000427246094;49.27799987792969;49.277000427246094;49.27799987792969;49.27799987792969;22
2024-11-22 09:48:00+01:00;49.2869987487793;49.2869987487793;49.28099822998047;49.28099822998047;49.28099822998047;131
2024-11-22 09:49:00+01:00;49.29499816894531;49.31800079345703;49.29499816894531;49.31800079345703;49.31800079345703;83
2024-11-22 09:52:00+01:00;49.32899856567383;49.32899856567383;49.31999969482422;49.31999969482422;49.31999969482422;42
2024-11-22 09:53:00+01:00;49.321998596191406;49.32899856567383;49.310001373291016;49.310001373291016;49.310001373291016;66
2024-11-22 09:54:00+01:00;49.301998138427734;49.301998138427734;49.301998138427734;49.301998138427734;49.301998138427734;3
2024-11-22 09:56:00+01:00;49.33399963378906;49.33399963378906;49.33399963378906;49.33399963378906;49.33399963378906;15
2024-11-22 09:57:00+01:00;49.29399871826172;49.29399871826172;49.29399871826172;49.29399871826172;49.29399871826172;1
2024-11-22 09:58:00+01:00;49.334999084472656;49.334999084472656;49.334999084472656;49.334999084472656;49.334999084472656;15
2024-11-22 09:59:00+01:00;49.349998474121094;49.37900161743164;49.349998474121094;49.37900161743164;49.37900161743164;56
2024-11-22 10:00:00+01:00;49.4119987487793;49.4119987487793;49.39899826049805;49.39899826049805;49.39899826049805;38
2024-11-22 10:02:00+01:00;49.32400131225586;49.340999603271484;49.32400131225586;49.340999603271484;49.340999603271484;80
2024-11-22 10:03:00+01:00;49.37699890136719;49.37699890136719;49.37699890136719;49.37699890136719;49.37699890136719;14
2024-11-22 10:04:00+01:00;49.38100051879883;49.38100051879883;49.38100051879883;49.38100051879883;49.38100051879883;50
2024-11-22 10:05:00+01:00;49.41999816894531;49.41999816894531;49.41999816894531;49.41999816894531;49.41999816894531;20
2024-11-22 10:07:00+01:00;49.38199996948242;49.393001556396484;49.380001068115234;49.380001068115234;49.380001068115234;30
2024-11-22 10:08:00+01:00;49.391998291015625;49.391998291015625;49.38999938964844;49.391998291015625;49.391998291015625;42
2024-11-22 10:09:00+01:00;49.38800048828125;49.446998596191406;49.38800048828125;49.446998596191406;49.446998596191406;216
2024-11-22 10:10:00+01:00;49.448001861572266;49.44900131225586;49.448001861572266;49.44900131225586;49.44900131225586;407
2024-11-22 10:11:00+01:00;49.4900016784668;49.599998474121094;49.4900016784668;49.599998474121094;49.599998474121094;907
2024-11-22 10:12:00+01:00;49.5989990234375;49.5989990234375;49.5989990234375;49.5989990234375;49.5989990234375;200
2024-11-22 10:14:00+01:00;49.803001403808594;49.803001403808594;49.803001403808594;49.803001403808594;49.803001403808594;21
2024-11-22 10:15:00+01:00;49.779998779296875;49.7859992980957;49.779998779296875;49.7859992980957;49.7859992980957;50
2024-11-22 10:16:00+01:00;49.707000732421875;49.707000732421875;49.707000732421875;49.707000732421875;49.707000732421875;20
2024-11-22 10:17:00+01:00;49.63999938964844;49.6510009765625;49.63999938964844;49.6510009765625;49.6510009765625;14
2024-11-22 10:18:00+01:00;49.6349983215332;49.6349983215332;49.5989990234375;49.60900115966797;49.60900115966797;585
2024-11-22 10:20:00+01:00;49.595001220703125;49.595001220703125;49.58100128173828;49.58100128173828;49.58100128173828;188
2024-11-22 10:21:00+01:00;49.58399963378906;49.58399963378906;49.58399963378906;49.58399963378906;49.58399963378906;10
2024-11-22 10:22:00+01:00;49.59000015258789;49.604000091552734;49.560001373291016;49.560001373291016;49.560001373291016;427
2024-11-22 10:23:00+01:00;49.57099914550781;49.57099914550781;49.53300094604492;49.54800033569336;49.54800033569336;101
2024-11-22 10:24:00+01:00;49.54399871826172;49.54399871826172;49.542999267578125;49.542999267578125;49.542999267578125;52
2024-11-22 10:25:00+01:00;49.53300094604492;49.53300094604492;49.516998291015625;49.516998291015625;49.516998291015625;98
2024-11-22 10:27:00+01:00;49.41600036621094;49.41600036621094;49.40999984741211;49.415000915527344;49.415000915527344;186
2024-11-22 10:28:00+01:00;49.41400146484375;49.41400146484375;49.41400146484375;49.41400146484375;49.41400146484375;55
2024-11-22 10:29:00+01:00;49.402000427246094;49.402000427246094;49.402000427246094;49.402000427246094;49.402000427246094;50
2024-11-22 10:30:00+01:00;49.43899917602539;49.43899917602539;49.38600158691406;49.38600158691406;49.38600158691406;46
2024-11-22 10:31:00+01:00;49.36600112915039;49.375;49.36600112915039;49.375;49.375;60
2024-11-22 10:32:00+01:00;49.349998474121094;49.349998474121094;49.349998474121094;49.349998474121094;49.349998474121094;175
2024-11-22 10:34:00+01:00;49.332000732421875;49.334999084472656;49.332000732421875;49.334999084472656;49.334999084472656;4
2024-11-22 10:35:00+01:00;49.31999969482422;49.31999969482422;49.310001373291016;49.310001373291016;49.310001373291016;8
2024-11-22 10:36:00+01:00;49.31700134277344;49.31700134277344;49.28099822998047;49.28099822998047;49.28099822998047;75
2024-11-22 10:37:00+01:00;49.3120002746582;49.3120002746582;49.310001373291016;49.310001373291016;49.310001373291016;48
2024-11-22 10:38:00+01:00;49.30099868774414;49.30699920654297;49.27899932861328;49.30699920654297;49.30699920654297;22
2024-11-22 10:39:00+01:00;49.31700134277344;49.31700134277344;49.31700134277344;49.31700134277344;49.31700134277344;26
2024-11-22 10:40:00+01:00;49.319000244140625;49.319000244140625;49.284000396728516;49.316001892089844;49.316001892089844;630
2024-11-22 10:42:00+01:00;49.29999923706055;49.29999923706055;49.28300094604492;49.28300094604492;49.28300094604492;17
2024-11-22 10:43:00+01:00;49.30699920654297;49.30699920654297;49.30699920654297;49.30699920654297;49.30699920654297;3
2024-11-22 10:44:00+01:00;49.31399917602539;49.31399917602539;49.31399917602539;49.31399917602539;49.31399917602539;7
2024-11-22 10:48:00+01:00;49.305999755859375;49.34299850463867;49.305999755859375;49.34299850463867;49.34299850463867;10
2024-11-22 10:51:00+01:00;49.395999908447266;49.395999908447266;49.395999908447266;49.395999908447266;49.395999908447266;21
2024-11-22 10:53:00+01:00;49.400001525878906;49.400001525878906;49.39699935913086;49.400001525878906;49.400001525878906;92
2024-11-22 10:54:00+01:00;49.400001525878906;49.400001525878906;49.400001525878906;49.400001525878906;49.400001525878906;8
2024-11-22 10:55:00+01:00;49.41600036621094;49.41600036621094;49.387001037597656;49.404998779296875;49.404998779296875;486
2024-11-22 10:56:00+01:00;49.42300033569336;49.42300033569336;49.42300033569336;49.42300033569336;49.42300033569336;7
2024-11-22 10:58:00+01:00;49.43600082397461;49.439998626708984;49.43600082397461;49.439998626708984;49.439998626708984;487
2024-11-22 10:59:00+01:00;49.452999114990234;49.459999084472656;49.44900131225586;49.44900131225586;49.44900131225586;142
2024-11-22 11:00:00+01:00;49.46699905395508;49.46699905395508;49.46699905395508;49.46699905395508;49.46699905395508;2
2024-11-22 11:03:00+01:00;49.52199935913086;49.52199935913086;49.48500061035156;49.48500061035156;49.48500061035156;3627
2024-11-22 11:04:00+01:00;49.47700119018555;49.47700119018555;49.47700119018555;49.47700119018555;49.47700119018555;2
2024-11-22 11:06:00+01:00;49.49700164794922;49.49700164794922;49.49700164794922;49.49700164794922;49.49700164794922;10
2024-11-22 11:08:00+01:00;49.470001220703125;49.470001220703125;49.470001220703125;49.470001220703125;49.470001220703125;21
2024-11-22 11:09:00+01:00;49.44499969482422;49.44499969482422;49.42599868774414;49.42599868774414;49.42599868774414;358
2024-11-22 11:10:00+01:00;49.3650016784668;49.37799835205078;49.3650016784668;49.37099838256836;49.37099838256836;76
2024-11-22 11:11:00+01:00;49.393001556396484;49.393001556396484;49.393001556396484;49.393001556396484;49.393001556396484;250
2024-11-22 11:12:00+01:00;49.40399932861328;49.40700149536133;49.40399932861328;49.40700149536133;49.40700149536133;282
2024-11-22 11:13:00+01:00;49.40800094604492;49.40800094604492;49.40800094604492;49.40800094604492;49.40800094604492;60
2024-11-22 11:14:00+01:00;49.40399932861328;49.404998779296875;49.40399932861328;49.404998779296875;49.404998779296875;102
2024-11-22 11:15:00+01:00;49.40399932861328;49.40399932861328;49.40399932861328;49.40399932861328;49.40399932861328;5
2024-11-22 11:16:00+01:00;49.38399887084961;49.41699981689453;49.38399887084961;49.41699981689453;49.41699981689453;124
2024-11-22 11:17:00+01:00;49.39400100708008;49.39400100708008;49.39400100708008;49.39400100708008;49.39400100708008;40
2024-11-22 11:18:00+01:00;49.4010009765625;49.4010009765625;49.39400100708008;49.39400100708008;49.39400100708008;18
2024-11-22 11:20:00+01:00;49.375999450683594;49.375999450683594;49.375999450683594;49.375999450683594;49.375999450683594;500
2024-11-22 11:21:00+01:00;49.38399887084961;49.38399887084961;49.38399887084961;49.38399887084961;49.38399887084961;13
2024-11-22 11:22:00+01:00;49.37300109863281;49.37300109863281;49.37300109863281;49.37300109863281;49.37300109863281;40
2024-11-22 11:26:00+01:00;49.33000183105469;49.34600067138672;49.33000183105469;49.34600067138672;49.34600067138672;1279
2024-11-22 11:27:00+01:00;49.32699966430664;49.32699966430664;49.32699966430664;49.32699966430664;49.32699966430664;10
2024-11-22 11:28:00+01:00;49.32699966430664;49.32699966430664;49.32699966430664;49.32699966430664;49.32699966430664;327
2024-11-22 11:33:00+01:00;49.33000183105469;49.33000183105469;49.33000183105469;49.33000183105469;49.33000183105469;506
2024-11-22 11:34:00+01:00;49.29999923706055;49.29999923706055;49.29999923706055;49.29999923706055;49.29999923706055;15
2024-11-22 11:35:00+01:00;49.29999923706055;49.29999923706055;49.29999923706055;49.29999923706055;49.29999923706055;189
2024-11-22 11:36:00+01:00;49.32500076293945;49.32500076293945;49.29999923706055;49.29999923706055;49.29999923706055;15
2024-11-22 11:38:00+01:00;49.33100128173828;49.3380012512207;49.32899856567383;49.3380012512207;49.3380012512207;71
2024-11-22 11:39:00+01:00;49.35499954223633;49.35499954223633;49.33599853515625;49.33599853515625;49.33599853515625;59
2024-11-22 11:40:00+01:00;49.334999084472656;49.33599853515625;49.334999084472656;49.33599853515625;49.33599853515625;4
2024-11-22 11:41:00+01:00;49.31999969482422;49.31999969482422;49.31999969482422;49.31999969482422;49.31999969482422;2
2024-11-22 11:42:00+01:00;49.34400177001953;49.34400177001953;49.34400177001953;49.34400177001953;49.34400177001953;7
2024-11-22 11:43:00+01:00;49.34700012207031;49.34700012207031;49.33599853515625;49.33599853515625;49.33599853515625;7
2024-11-22 11:44:00+01:00;49.35100173950195;49.35100173950195;49.33599853515625;49.33599853515625;49.33599853515625;25
2024-11-22 11:45:00+01:00;49.31999969482422;49.31999969482422;49.29999923706055;49.29999923706055;49.29999923706055;322
2024-11-22 11:46:00+01:00;49.32600021362305;49.32600021362305;49.32600021362305;49.32600021362305;49.32600021362305;20
2024-11-22 11:48:00+01:00;49.30799865722656;49.323001861572266;49.30799865722656;49.323001861572266;49.323001861572266;7
2024-11-22 11:49:00+01:00;49.32500076293945;49.32500076293945;49.310001373291016;49.310001373291016;49.310001373291016;178
2024-11-22 11:51:00+01:00;49.33700180053711;49.34700012207031;49.33700180053711;49.34700012207031;49.34700012207031;1677
2024-11-22 11:52:00+01:00;49.321998596191406;49.321998596191406;49.321998596191406;49.321998596191406;49.321998596191406;5
2024-11-22 11:54:00+01:00;49.29999923706055;49.29999923706055;49.290000915527344;49.290000915527344;49.290000915527344;193
2024-11-22 11:56:00+01:00;49.28799819946289;49.290000915527344;49.28799819946289;49.290000915527344;49.290000915527344;24
2024-11-22 11:57:00+01:00;49.26100158691406;49.26100158691406;49.26100158691406;49.26100158691406;49.26100158691406;3
2024-11-22 11:58:00+01:00;49.28499984741211;49.292999267578125;49.28499984741211;49.292999267578125;49.292999267578125;33
2024-11-22 11:59:00+01:00;49.303001403808594;49.303001403808594;49.303001403808594;49.303001403808594;49.303001403808594;4
2024-11-22 12:00:00+01:00;49.28799819946289;49.29899978637695;49.28799819946289;49.29899978637695;49.29899978637695;31
2024-11-22 12:03:00+01:00;49.36000061035156;49.36000061035156;49.36000061035156;49.36000061035156;49.36000061035156;100
2024-11-22 12:05:00+01:00;49.35599899291992;49.35599899291992;49.35599899291992;49.35599899291992;49.35599899291992;6
2024-11-22 12:06:00+01:00;49.347999572753906;49.347999572753906;49.347999572753906;49.347999572753906;49.347999572753906;7
2024-11-22 12:07:00+01:00;49.36199951171875;49.36199951171875;49.35900115966797;49.35900115966797;49.35900115966797;101
2024-11-22 12:09:00+01:00;49.35300064086914;49.35300064086914;49.35300064086914;49.35300064086914;49.35300064086914;2
2024-11-22 12:10:00+01:00;49.33000183105469;49.33000183105469;49.33000183105469;49.33000183105469;49.33000183105469;20
2024-11-22 12:11:00+01:00;49.319000244140625;49.319000244140625;49.319000244140625;49.319000244140625;49.319000244140625;320
2024-11-22 12:12:00+01:00;49.29999923706055;49.301998138427734;49.29199981689453;49.29199981689453;49.29199981689453;123
2024-11-22 12:14:00+01:00;49.31700134277344;49.31700134277344;49.31700134277344;49.31700134277344;49.31700134277344;6
2024-11-22 12:15:00+01:00;49.3120002746582;49.3120002746582;49.3120002746582;49.3120002746582;49.3120002746582;200
2024-11-22 12:21:00+01:00;49.314998626708984;49.314998626708984;49.314998626708984;49.314998626708984;49.314998626708984;912
2024-11-22 12:22:00+01:00;49.321998596191406;49.321998596191406;49.321998596191406;49.321998596191406;49.321998596191406;1
2024-11-22 12:23:00+01:00;49.32699966430664;49.32699966430664;49.32500076293945;49.32600021362305;49.32600021362305;26
2024-11-22 12:24:00+01:00;49.33000183105469;49.33700180053711;49.33000183105469;49.33700180053711;49.33700180053711;144
2024-11-22 12:26:00+01:00;49.32899856567383;49.32899856567383;49.32899856567383;49.32899856567383;49.32899856567383;8
2024-11-22 12:27:00+01:00;49.34199905395508;49.34199905395508;49.332000732421875;49.332000732421875;49.332000732421875;31
2024-11-22 12:29:00+01:00;49.34400177001953;49.34400177001953;49.34400177001953;49.34400177001953;49.34400177001953;4
2024-11-22 12:31:00+01:00;49.323001861572266;49.323001861572266;49.323001861572266;49.323001861572266;49.323001861572266;400
2024-11-22 12:33:00+01:00;49.33399963378906;49.33399963378906;49.33399963378906;49.33399963378906;49.33399963378906;61
2024-11-22 12:34:00+01:00;49.3380012512207;49.3380012512207;49.3380012512207;49.3380012512207;49.3380012512207;1
2024-11-22 12:36:00+01:00;49.327999114990234;49.327999114990234;49.29999923706055;49.29999923706055;49.29999923706055;22
2024-11-22 12:38:00+01:00;49.321998596191406;49.33399963378906;49.321998596191406;49.33399963378906;49.33399963378906;26
2024-11-22 12:39:00+01:00;49.33599853515625;49.34199905395508;49.33599853515625;49.34199905395508;49.34199905395508;101
2024-11-22 12:40:00+01:00;49.349998474121094;49.349998474121094;49.349998474121094;49.349998474121094;49.349998474121094;4
2024-11-22 12:41:00+01:00;49.356998443603516;49.356998443603516;49.35599899291992;49.356998443603516;49.356998443603516;77
2024-11-22 12:42:00+01:00;49.36000061035156;49.367000579833984;49.36000061035156;49.367000579833984;49.367000579833984;34
2024-11-22 12:43:00+01:00;49.36000061035156;49.37200164794922;49.36000061035156;49.37200164794922;49.37200164794922;8
2024-11-22 12:44:00+01:00;49.380001068115234;49.380001068115234;49.380001068115234;49.380001068115234;49.380001068115234;153
2024-11-22 12:45:00+01:00;49.369998931884766;49.37799835205078;49.358001708984375;49.358001708984375;49.358001708984375;56
2024-11-22 12:46:00+01:00;49.380001068115234;49.380001068115234;49.380001068115234;49.380001068115234;49.380001068115234;16
2024-11-22 12:47:00+01:00;49.380001068115234;49.38600158691406;49.380001068115234;49.38600158691406;49.38600158691406;50
2024-11-22 12:48:00+01:00;49.39899826049805;49.39899826049805;49.39899826049805;49.39899826049805;49.39899826049805;1
2024-11-22 12:49:00+01:00;49.400001525878906;49.400001525878906;49.400001525878906;49.400001525878906;49.400001525878906;2
2024-11-22 12:50:00+01:00;49.404998779296875;49.404998779296875;49.400001525878906;49.400001525878906;49.400001525878906;310
2024-11-22 12:53:00+01:00;49.417999267578125;49.417999267578125;49.417999267578125;49.417999267578125;49.417999267578125;3
2024-11-22 12:54:00+01:00;49.40999984741211;49.40999984741211;49.40999984741211;49.40999984741211;49.40999984741211;10
2024-11-22 12:56:00+01:00;49.426998138427734;49.43199920654297;49.426998138427734;49.43199920654297;49.43199920654297;43
2024-11-22 12:57:00+01:00;49.42100143432617;49.42100143432617;49.417999267578125;49.417999267578125;49.417999267578125;855
2024-11-22 13:01:00+01:00;49.422000885009766;49.422000885009766;49.422000885009766;49.422000885009766;49.422000885009766;11
2024-11-22 13:02:00+01:00;49.43899917602539;49.43899917602539;49.43899917602539;49.43899917602539;49.43899917602539;2
2024-11-22 13:03:00+01:00;49.4379997253418;49.4379997253418;49.4379997253418;49.4379997253418;49.4379997253418;115
2024-11-22 13:04:00+01:00;49.4379997253418;49.4379997253418;49.4379997253418;49.4379997253418;49.4379997253418;9
2024-11-22 13:05:00+01:00;49.4379997253418;49.44300079345703;49.4379997253418;49.44300079345703;49.44300079345703;111
2024-11-22 13:07:00+01:00;49.439998626708984;49.441001892089844;49.439998626708984;49.441001892089844;49.441001892089844;85
2024-11-22 13:08:00+01:00;49.45000076293945;49.45000076293945;49.45000076293945;49.45000076293945;49.45000076293945;1
2024-11-22 13:10:00+01:00;49.44499969482422;49.44499969482422;49.44499969482422;49.44499969482422;49.44499969482422;10
2024-11-22 13:11:00+01:00;49.441001892089844;49.448001861572266;49.42300033569336;49.448001861572266;49.448001861572266;43
2024-11-22 13:12:00+01:00;49.46900177001953;49.46900177001953;49.44499969482422;49.4630012512207;49.4630012512207;57
2024-11-22 13:14:00+01:00;49.44900131225586;49.44900131225586;49.44900131225586;49.44900131225586;49.44900131225586;5
2024-11-22 13:15:00+01:00;49.465999603271484;49.465999603271484;49.465999603271484;49.465999603271484;49.465999603271484;30
2024-11-22 13:16:00+01:00;49.48500061035156;49.48500061035156;49.483001708984375;49.483001708984375;49.483001708984375;30
2024-11-22 13:17:00+01:00;49.487998962402344;49.487998962402344;49.486000061035156;49.486000061035156;49.486000061035156;5
2024-11-22 13:19:00+01:00;49.48500061035156;49.48500061035156;49.48400115966797;49.48400115966797;49.48400115966797;60
2024-11-22 13:20:00+01:00;49.48400115966797;49.48400115966797;49.48400115966797;49.48400115966797;49.48400115966797;62
2024-11-22 13:21:00+01:00;49.48500061035156;49.48500061035156;49.48500061035156;49.48500061035156;49.48500061035156;2
2024-11-22 13:22:00+01:00;49.499000549316406;49.499000549316406;49.499000549316406;49.499000549316406;49.499000549316406;1
2024-11-22 13:24:00+01:00;49.516998291015625;49.516998291015625;49.516998291015625;49.516998291015625;49.516998291015625;6
2024-11-22 13:27:00+01:00;49.51900100708008;49.52199935913086;49.5099983215332;49.516998291015625;49.516998291015625;154
2024-11-22 13:28:00+01:00;49.52000045776367;49.525001525878906;49.52000045776367;49.525001525878906;49.525001525878906;12
2024-11-22 13:30:00+01:00;49.540000915527344;49.55099868774414;49.540000915527344;49.55099868774414;49.55099868774414;34
2024-11-22 13:31:00+01:00;49.53099822998047;49.53099822998047;49.5099983215332;49.5099983215332;49.5099983215332;29
2024-11-22 13:34:00+01:00;49.499000549316406;49.499000549316406;49.499000549316406;49.499000549316406;49.499000549316406;17
2024-11-22 13:35:00+01:00;49.513999938964844;49.513999938964844;49.48899841308594;49.48899841308594;49.48899841308594;14
2024-11-22 13:36:00+01:00;49.51900100708008;49.52000045776367;49.51900100708008;49.52000045776367;49.52000045776367;12
2024-11-22 13:38:00+01:00;49.512001037597656;49.512001037597656;49.49100112915039;49.49100112915039;49.49100112915039;345
2024-11-22 13:39:00+01:00;49.5099983215332;49.5099983215332;49.5099983215332;49.5099983215332;49.5099983215332;15
2024-11-22 13:40:00+01:00;49.516998291015625;49.516998291015625;49.494998931884766;49.494998931884766;49.494998931884766;57
2024-11-22 13:41:00+01:00;49.50299835205078;49.50299835205078;49.50299835205078;49.50299835205078;49.50299835205078;9
2024-11-22 13:42:00+01:00;49.4900016784668;49.4900016784668;49.4900016784668;49.4900016784668;49.4900016784668;3
2024-11-22 13:44:00+01:00;49.49599838256836;49.49599838256836;49.49599838256836;49.49599838256836;49.49599838256836;32
2024-11-22 13:45:00+01:00;49.487998962402344;49.487998962402344;49.487998962402344;49.487998962402344;49.487998962402344;10
2024-11-22 13:47:00+01:00;49.48899841308594;49.48899841308594;49.487998962402344;49.48899841308594;49.48899841308594;35
2024-11-22 13:48:00+01:00;49.45800018310547;49.479000091552734;49.45800018310547;49.479000091552734;49.479000091552734;133
2024-11-22 13:49:00+01:00;49.49300003051758;49.49300003051758;49.49300003051758;49.49300003051758;49.49300003051758;10
2024-11-22 13:50:00+01:00;49.5;49.51499938964844;49.48699951171875;49.512001037597656;49.512001037597656;201
2024-11-22 13:52:00+01:00;49.51900100708008;49.51900100708008;49.51900100708008;49.51900100708008;49.51900100708008;1
2024-11-22 13:54:00+01:00;49.51900100708008;49.51900100708008;49.516998291015625;49.516998291015625;49.516998291015625;56
2024-11-22 13:55:00+01:00;49.51300048828125;49.51300048828125;49.51300048828125;49.51300048828125;49.51300048828125;12
2024-11-22 13:56:00+01:00;49.54499816894531;49.54499816894531;49.54499816894531;49.54499816894531;49.54499816894531;1950
2024-11-22 13:57:00+01:00;49.555999755859375;49.555999755859375;49.555999755859375;49.555999755859375;49.555999755859375;50
2024-11-22 13:58:00+01:00;49.54399871826172;49.54499816894531;49.54399871826172;49.54499816894531;49.54499816894531;170
2024-11-22 14:01:00+01:00;49.52299880981445;49.52299880981445;49.5;49.5;49.5;3
2024-11-22 14:02:00+01:00;49.52000045776367;49.52000045776367;49.52000045776367;49.52000045776367;49.52000045776367;3
2024-11-22 14:03:00+01:00;49.513999938964844;49.513999938964844;49.5;49.513999938964844;49.513999938964844;166
2024-11-22 14:04:00+01:00;49.5359992980957;49.5359992980957;49.5359992980957;49.5359992980957;49.5359992980957;20
2024-11-22 14:07:00+01:00;49.516998291015625;49.516998291015625;49.516998291015625;49.516998291015625;49.516998291015625;20
2024-11-22 14:08:00+01:00;49.5260009765625;49.5260009765625;49.5260009765625;49.5260009765625;49.5260009765625;18
2024-11-22 14:11:00+01:00;49.51300048828125;49.51300048828125;49.51300048828125;49.51300048828125;49.51300048828125;2
2024-11-22 14:12:00+01:00;49.5;49.50899887084961;49.48699951171875;49.48699951171875;49.48699951171875;13
2024-11-22 14:13:00+01:00;49.492000579833984;49.492000579833984;49.46699905395508;49.46699905395508;49.46699905395508;13
2024-11-22 14:14:00+01:00;49.46099853515625;49.46099853515625;49.45100021362305;49.45100021362305;49.45100021362305;12
2024-11-22 14:15:00+01:00;49.439998626708984;49.439998626708984;49.439998626708984;49.439998626708984;49.439998626708984;943
2024-11-22 14:16:00+01:00;49.465999603271484;49.465999603271484;49.4370002746582;49.4370002746582;49.4370002746582;94
2024-11-22 14:17:00+01:00;49.45899963378906;49.45899963378906;49.45899963378906;49.45899963378906;49.45899963378906;11
2024-11-22 14:20:00+01:00;49.465999603271484;49.465999603271484;49.428001403808594;49.428001403808594;49.428001403808594;185
2024-11-22 14:21:00+01:00;49.47200012207031;49.47200012207031;49.47200012207031;49.47200012207031;49.47200012207031;50
2024-11-22 14:23:00+01:00;49.47200012207031;49.47200012207031;49.47200012207031;49.47200012207031;49.47200012207031;5
2024-11-22 14:24:00+01:00;49.45899963378906;49.45899963378906;49.45000076293945;49.45000076293945;49.45000076293945;27
2024-11-22 14:25:00+01:00;49.459999084472656;49.459999084472656;49.45000076293945;49.45000076293945;49.45000076293945;12
2024-11-22 14:26:00+01:00;49.45100021362305;49.45100021362305;49.45100021362305;49.45100021362305;49.45100021362305;2
2024-11-22 14:27:00+01:00;49.448001861572266;49.448001861572266;49.448001861572266;49.448001861572266;49.448001861572266;6
2024-11-22 14:30:00+01:00;49.4739990234375;49.47600173950195;49.4739990234375;49.47600173950195;49.47600173950195;50
2024-11-22 14:32:00+01:00;49.43000030517578;49.43000030517578;49.43000030517578;49.43000030517578;49.43000030517578;10
2024-11-22 14:33:00+01:00;49.43600082397461;49.43600082397461;49.43600082397461;49.43600082397461;49.43600082397461;76
2024-11-22 14:35:00+01:00;49.44200134277344;49.44200134277344;49.44200134277344;49.44200134277344;49.44200134277344;12
2024-11-22 14:38:00+01:00;49.41999816894531;49.444000244140625;49.41999816894531;49.44200134277344;49.44200134277344;115
2024-11-22 14:39:00+01:00;49.439998626708984;49.439998626708984;49.439998626708984;49.439998626708984;49.439998626708984;20
2024-11-22 14:40:00+01:00;49.40999984741211;49.40999984741211;49.40999984741211;49.40999984741211;49.40999984741211;10
2024-11-22 14:41:00+01:00;49.400001525878906;49.400001525878906;49.400001525878906;49.400001525878906;49.400001525878906;25
2024-11-22 14:42:00+01:00;49.40800094604492;49.40800094604492;49.40399932861328;49.40399932861328;49.40399932861328;17
2024-11-22 14:44:00+01:00;49.38999938964844;49.38999938964844;49.367000579833984;49.367000579833984;49.367000579833984;520
2024-11-22 14:45:00+01:00;49.38600158691406;49.38600158691406;49.38600158691406;49.38600158691406;49.38600158691406;100
2024-11-22 14:47:00+01:00;49.4010009765625;49.4010009765625;49.39699935913086;49.39699935913086;49.39699935913086;50
2024-11-22 14:49:00+01:00;49.426998138427734;49.43199920654297;49.426998138427734;49.43000030517578;49.43000030517578;50
2024-11-22 14:50:00+01:00;49.42100143432617;49.42100143432617;49.41999816894531;49.41999816894531;49.41999816894531;105
2024-11-22 14:51:00+01:00;49.400001525878906;49.41400146484375;49.38800048828125;49.38800048828125;49.38800048828125;52
2024-11-22 14:52:00+01:00;49.387001037597656;49.387001037597656;49.387001037597656;49.387001037597656;49.387001037597656;5
2024-11-22 14:54:00+01:00;49.433998107910156;49.433998107910156;49.433998107910156;49.433998107910156;49.433998107910156;200
2024-11-22 14:57:00+01:00;49.409000396728516;49.409000396728516;49.409000396728516;49.409000396728516;49.409000396728516;3
2024-11-22 14:59:00+01:00;49.417999267578125;49.417999267578125;49.417999267578125;49.417999267578125;49.417999267578125;1
2024-11-22 15:00:00+01:00;49.402000427246094;49.402000427246094;49.402000427246094;49.402000427246094;49.402000427246094;1
2024-11-22 15:01:00+01:00;49.40999984741211;49.40999984741211;49.380001068115234;49.380001068115234;49.380001068115234;15
2024-11-22 15:02:00+01:00;49.39099884033203;49.39099884033203;49.39099884033203;49.39099884033203;49.39099884033203;5
2024-11-22 15:04:00+01:00;49.388999938964844;49.388999938964844;49.388999938964844;49.388999938964844;49.388999938964844;30
2024-11-22 15:05:00+01:00;49.41299819946289;49.41299819946289;49.41299819946289;49.41299819946289;49.41299819946289;11
2024-11-22 15:08:00+01:00;49.4109992980957;49.4109992980957;49.40800094604492;49.40800094604492;49.40800094604492;5
2024-11-22 15:10:00+01:00;49.41999816894531;49.41999816894531;49.40800094604492;49.40800094604492;49.40800094604492;16
2024-11-22 15:11:00+01:00;49.40800094604492;49.422000885009766;49.40800094604492;49.422000885009766;49.422000885009766;15
2024-11-22 15:12:00+01:00;49.42399978637695;49.42399978637695;49.42399978637695;49.42399978637695;49.42399978637695;1
2024-11-22 15:14:00+01:00;49.41600036621094;49.41600036621094;49.41600036621094;49.41600036621094;49.41600036621094;2
2024-11-22 15:15:00+01:00;49.4370002746582;49.4370002746582;49.4370002746582;49.4370002746582;49.4370002746582;17
2024-11-22 15:16:00+01:00;49.45600128173828;49.4640007019043;49.45600128173828;49.4640007019043;49.4640007019043;157
2024-11-22 15:17:00+01:00;49.46500015258789;49.46500015258789;49.46500015258789;49.46500015258789;49.46500015258789;3
2024-11-22 15:18:00+01:00;49.435001373291016;49.45500183105469;49.433998107910156;49.45500183105469;49.45500183105469;44
2024-11-22 15:19:00+01:00;49.45600128173828;49.45600128173828;49.45399856567383;49.45399856567383;49.45399856567383;6
2024-11-22 15:21:00+01:00;49.45000076293945;49.48099899291992;49.45000076293945;49.48099899291992;49.48099899291992;140
2024-11-22 15:23:00+01:00;49.47200012207031;49.47200012207031;49.47200012207031;49.47200012207031;49.47200012207031;40
2024-11-22 15:25:00+01:00;49.48099899291992;49.48099899291992;49.48099899291992;49.48099899291992;49.48099899291992;38
2024-11-22 15:26:00+01:00;49.46500015258789;49.46500015258789;49.46500015258789;49.46500015258789;49.46500015258789;5
2024-11-22 15:27:00+01:00;49.487998962402344;49.487998962402344;49.487998962402344;49.487998962402344;49.487998962402344;3
2024-11-22 15:28:00+01:00;49.5;49.5;49.5;49.5;49.5;21
2024-11-22 15:29:00+01:00;49.529998779296875;49.529998779296875;49.529998779296875;49.529998779296875;49.529998779296875;2
2024-11-22 15:31:00+01:00;49.551998138427734;49.551998138427734;49.551998138427734;49.551998138427734;49.551998138427734;20
2024-11-22 15:32:00+01:00;49.551998138427734;49.551998138427734;49.551998138427734;49.551998138427734;49.551998138427734;2
2024-11-22 15:33:00+01:00;49.5620002746582;49.5620002746582;49.5620002746582;49.5620002746582;49.5620002746582;10
2024-11-22 15:37:00+01:00;49.55799865722656;49.55799865722656;49.55799865722656;49.55799865722656;49.55799865722656;10
2024-11-22 15:39:00+01:00;49.525001525878906;49.547000885009766;49.525001525878906;49.547000885009766;49.547000885009766;1002
2024-11-22 15:40:00+01:00;49.560001373291016;49.560001373291016;49.560001373291016;49.560001373291016;49.560001373291016;3
2024-11-22 15:41:00+01:00;49.57699966430664;49.57699966430664;49.57699966430664;49.57699966430664;49.57699966430664;3
2024-11-22 15:42:00+01:00;49.599998474121094;49.60599899291992;49.599998474121094;49.60599899291992;49.60599899291992;14
2024-11-22 15:43:00+01:00;49.61899948120117;49.61899948120117;49.60300064086914;49.60300064086914;49.60300064086914;77
2024-11-22 15:44:00+01:00;49.619998931884766;49.637001037597656;49.608001708984375;49.608001708984375;49.608001708984375;15
2024-11-22 15:45:00+01:00;49.6879997253418;49.70000076293945;49.6879997253418;49.70000076293945;49.70000076293945;1067
2024-11-22 15:46:00+01:00;49.69900131225586;49.69900131225586;49.69900131225586;49.69900131225586;49.69900131225586;39
2024-11-22 15:47:00+01:00;49.70000076293945;49.70000076293945;49.70000076293945;49.70000076293945;49.70000076293945;61
2024-11-22 15:48:00+01:00;49.720001220703125;49.720001220703125;49.720001220703125;49.720001220703125;49.720001220703125;2
2024-11-22 15:49:00+01:00;49.70000076293945;49.70000076293945;49.70000076293945;49.70000076293945;49.70000076293945;25
2024-11-22 15:50:00+01:00;49.689998626708984;49.70399856567383;49.689998626708984;49.689998626708984;49.689998626708984;142
2024-11-22 15:51:00+01:00;49.608001708984375;49.608001708984375;49.608001708984375;49.608001708984375;49.608001708984375;14
2024-11-22 15:52:00+01:00;49.637001037597656;49.637001037597656;49.599998474121094;49.599998474121094;49.599998474121094;98
2024-11-22 15:55:00+01:00;49.69200134277344;49.70199966430664;49.665000915527344;49.70199966430664;49.70199966430664;82
2024-11-22 15:58:00+01:00;49.73699951171875;49.73699951171875;49.733001708984375;49.733001708984375;49.733001708984375;362
2024-11-22 15:59:00+01:00;49.74599838256836;49.75699996948242;49.74599838256836;49.75699996948242;49.75699996948242;340
2024-11-22 16:00:00+01:00;49.7140007019043;49.7140007019043;49.7140007019043;49.7140007019043;49.7140007019043;60
2024-11-22 16:01:00+01:00;49.70899963378906;49.70899963378906;49.69599914550781;49.69599914550781;49.69599914550781;38
2024-11-22 16:02:00+01:00;49.75;49.75;49.742000579833984;49.742000579833984;49.742000579833984;85
2024-11-22 16:03:00+01:00;49.71799850463867;49.766998291015625;49.6879997253418;49.6879997253418;49.6879997253418;310
2024-11-22 16:04:00+01:00;49.68000030517578;49.68000030517578;49.64400100708008;49.64400100708008;49.64400100708008;360
2024-11-22 16:05:00+01:00;49.64699935913086;49.64699935913086;49.599998474121094;49.599998474121094;49.599998474121094;21
2024-11-22 16:06:00+01:00;49.62900161743164;49.654998779296875;49.62900161743164;49.654998779296875;49.654998779296875;420
2024-11-22 16:07:00+01:00;49.630001068115234;49.630001068115234;49.60499954223633;49.60499954223633;49.60499954223633;24
2024-11-22 16:08:00+01:00;49.612998962402344;49.612998962402344;49.60599899291992;49.60599899291992;49.60599899291992;48
2024-11-22 16:09:00+01:00;49.57500076293945;49.597999572753906;49.56999969482422;49.597999572753906;49.597999572753906;610
2024-11-22 16:10:00+01:00;49.58000183105469;49.58300018310547;49.54899978637695;49.54899978637695;49.54899978637695;512
2024-11-22 16:11:00+01:00;49.59299850463867;49.59299850463867;49.590999603271484;49.590999603271484;49.590999603271484;51
2024-11-22 16:12:00+01:00;49.58300018310547;49.58300018310547;49.564998626708984;49.57099914550781;49.57099914550781;21
2024-11-22 16:13:00+01:00;49.58100128173828;49.59000015258789;49.58100128173828;49.59000015258789;49.59000015258789;170
2024-11-22 16:15:00+01:00;49.57699966430664;49.57699966430664;49.57699966430664;49.57699966430664;49.57699966430664;50
2024-11-22 16:17:00+01:00;49.582000732421875;49.5880012512207;49.582000732421875;49.584999084472656;49.584999084472656;258
2024-11-22 16:19:00+01:00;49.573001861572266;49.5890007019043;49.573001861572266;49.5890007019043;49.5890007019043;43
2024-11-22 16:20:00+01:00;49.57400131225586;49.57400131225586;49.57400131225586;49.57400131225586;49.57400131225586;7
2024-11-22 16:22:00+01:00;49.54800033569336;49.54800033569336;49.5099983215332;49.5099983215332;49.5099983215332;26
2024-11-22 16:23:00+01:00;49.54199981689453;49.54199981689453;49.54199981689453;49.54199981689453;49.54199981689453;300
2024-11-22 16:24:00+01:00;49.560001373291016;49.57699966430664;49.55500030517578;49.56100082397461;49.56100082397461;21
2024-11-22 16:25:00+01:00;49.560001373291016;49.560001373291016;49.55799865722656;49.55799865722656;49.55799865722656;468
2024-11-22 16:27:00+01:00;49.53900146484375;49.53900146484375;49.52899932861328;49.52899932861328;49.52899932861328;293
2024-11-22 16:28:00+01:00;49.5;49.50400161743164;49.4900016784668;49.50400161743164;49.50400161743164;261
2024-11-22 16:30:00+01:00;49.534000396728516;49.57600021362305;49.534000396728516;49.566001892089844;49.566001892089844;470
2024-11-22 16:31:00+01:00;49.56700134277344;49.56999969482422;49.560001373291016;49.56999969482422;49.56999969482422;245
2024-11-22 16:35:00+01:00;49.551998138427734;49.551998138427734;49.551998138427734;49.551998138427734;49.551998138427734;5
2024-11-22 16:37:00+01:00;49.582000732421875;49.582000732421875;49.55699920654297;49.55699920654297;49.55699920654297;6
2024-11-22 16:38:00+01:00;49.590999603271484;49.590999603271484;49.590999603271484;49.590999603271484;49.590999603271484;20
2024-11-22 16:40:00+01:00;49.66999816894531;49.66999816894531;49.66299819946289;49.66299819946289;49.66299819946289;21
2024-11-22 16:41:00+01:00;49.643001556396484;49.643001556396484;49.643001556396484;49.643001556396484;49.643001556396484;40
2024-11-22 16:42:00+01:00;49.67100143432617;49.67100143432617;49.67100143432617;49.67100143432617;49.67100143432617;54
2024-11-22 16:43:00+01:00;49.66899871826172;49.66899871826172;49.66899871826172;49.66899871826172;49.66899871826172;12
2024-11-22 16:45:00+01:00;49.676998138427734;49.676998138427734;49.66600036621094;49.66600036621094;49.66600036621094;4274
2024-11-22 16:46:00+01:00;49.698001861572266;49.698001861572266;49.698001861572266;49.698001861572266;49.698001861572266;35
2024-11-22 16:49:00+01:00;49.637001037597656;49.63800048828125;49.637001037597656;49.63800048828125;49.63800048828125;300
2024-11-22 16:50:00+01:00;49.606998443603516;49.64500045776367;49.606998443603516;49.64500045776367;49.64500045776367;405
2024-11-22 16:51:00+01:00;49.67300033569336;49.70899963378906;49.67300033569336;49.70899963378906;49.70899963378906;135
2024-11-22 16:52:00+01:00;49.69200134277344;49.724998474121094;49.69200134277344;49.7130012512207;49.7130012512207;233
2024-11-22 16:54:00+01:00;49.696998596191406;49.696998596191406;49.696998596191406;49.696998596191406;49.696998596191406;5
2024-11-22 16:57:00+01:00;49.6870002746582;49.70199966430664;49.67300033569336;49.70199966430664;49.70199966430664;43
2024-11-22 16:58:00+01:00;49.67499923706055;49.67499923706055;49.67499923706055;49.67499923706055;49.67499923706055;50
2024-11-22 16:59:00+01:00;49.68000030517578;49.70399856567383;49.68000030517578;49.70399856567383;49.70399856567383;23
2024-11-22 17:02:00+01:00;49.66299819946289;49.66299819946289;49.66299819946289;49.66299819946289;49.66299819946289;15
2024-11-22 17:03:00+01:00;49.67499923706055;49.67599868774414;49.67499923706055;49.67599868774414;49.67599868774414;180
2024-11-22 17:05:00+01:00;49.683998107910156;49.70500183105469;49.683998107910156;49.70500183105469;49.70500183105469;125
2024-11-22 17:06:00+01:00;49.702999114990234;49.702999114990234;49.685001373291016;49.68899917602539;49.68899917602539;174
2024-11-22 17:08:00+01:00;49.67399978637695;49.67399978637695;49.65999984741211;49.65999984741211;49.65999984741211;203
2024-11-22 17:10:00+01:00;49.650001525878906;49.650001525878906;49.64500045776367;49.64500045776367;49.64500045776367;252
2024-11-22 17:12:00+01:00;49.665000915527344;49.665000915527344;49.665000915527344;49.665000915527344;49.665000915527344;1
2024-11-22 17:13:00+01:00;49.630001068115234;49.630001068115234;49.630001068115234;49.630001068115234;49.630001068115234;3
2024-11-22 17:14:00+01:00;49.63800048828125;49.63800048828125;49.63800048828125;49.63800048828125;49.63800048828125;1
2024-11-22 17:16:00+01:00;49.61000061035156;49.61000061035156;49.61000061035156;49.61000061035156;49.61000061035156;58
2024-11-22 17:17:00+01:00;49.625;49.643001556396484;49.625;49.643001556396484;49.643001556396484;739
2024-11-22 17:19:00+01:00;49.64899826049805;49.64899826049805;49.624000549316406;49.624000549316406;49.624000549316406;89
2024-11-22 17:20:00+01:00;49.599998474121094;49.599998474121094;49.599998474121094;49.599998474121094;49.599998474121094;6
2024-11-22 17:21:00+01:00;49.61000061035156;49.63100051879883;49.61000061035156;49.63100051879883;49.63100051879883;6
2024-11-22 17:24:00+01:00;49.676998138427734;49.676998138427734;49.676998138427734;49.676998138427734;49.676998138427734;50
2024-11-22 17:25:00+01:00;49.66999816894531;49.67100143432617;49.6609992980957;49.6609992980957;49.6609992980957;37
2024-11-22 17:26:00+01:00;49.67399978637695;49.67399978637695;49.67399978637695;49.67399978637695;49.67399978637695;3
2024-11-22 17:27:00+01:00;49.64699935913086;49.64899826049805;49.64699935913086;49.64899826049805;49.64899826049805;81
2024-11-22 17:28:00+01:00;49.66400146484375;49.66600036621094;49.66400146484375;49.66600036621094;49.66600036621094;94
2024-11-22 17:29:00+01:00;49.67900085449219;49.67900085449219;49.67900085449219;49.67900085449219;49.67900085449219;599
