Datetime;Open;High;Low;Close;Adj Close;Volume
2024-12-18 09:04:00+01:00;50.07099914550781;50.07099914550781;50.07099914550781;50.07099914550781;50.07099914550781;0
2024-12-18 09:05:00+01:00;50.0629997253418;50.07099914550781;50.058998107910156;50.058998107910156;50.058998107910156;6813
2024-12-18 09:06:00+01:00;50.05400085449219;50.05400085449219;50.05099868774414;50.05099868774414;50.05099868774414;1752
2024-12-18 09:07:00+01:00;50.073001861572266;50.07500076293945;50.073001861572266;50.07500076293945;50.07500076293945;9
2024-12-18 09:08:00+01:00;50.09000015258789;50.09000015258789;50.073001861572266;50.073001861572266;50.073001861572266;448
2024-12-18 09:10:00+01:00;50.10599899291992;50.10599899291992;50.084999084472656;50.084999084472656;50.084999084472656;16
2024-12-18 09:12:00+01:00;50.10300064086914;50.12200164794922;50.0890007019043;50.12200164794922;50.12200164794922;54
2024-12-18 09:13:00+01:00;50.117000579833984;50.117000579833984;50.104000091552734;50.104000091552734;50.104000091552734;157
2024-12-18 09:14:00+01:00;50.10900115966797;50.10900115966797;50.10900115966797;50.10900115966797;50.10900115966797;5
2024-12-18 09:15:00+01:00;50.10499954223633;50.10499954223633;50.08000183105469;50.08000183105469;50.08000183105469;735
2024-12-18 09:16:00+01:00;50.09000015258789;50.09000015258789;50.09000015258789;50.09000015258789;50.09000015258789;5
2024-12-18 09:18:00+01:00;50.08700180053711;50.08700180053711;50.066001892089844;50.066001892089844;50.066001892089844;37
2024-12-18 09:19:00+01:00;50.0880012512207;50.0890007019043;50.0880012512207;50.0890007019043;50.0890007019043;5
2024-12-18 09:21:00+01:00;50.05699920654297;50.07500076293945;50.05699920654297;50.07500076293945;50.07500076293945;43
2024-12-18 09:22:00+01:00;50.071998596191406;50.071998596191406;50.071998596191406;50.071998596191406;50.071998596191406;4
2024-12-18 09:23:00+01:00;50.07400131225586;50.09000015258789;50.07400131225586;50.09000015258789;50.09000015258789;50
2024-12-18 09:24:00+01:00;50.0989990234375;50.0989990234375;50.09600067138672;50.09600067138672;50.09600067138672;25
2024-12-18 09:27:00+01:00;50.09600067138672;50.10200119018555;50.09600067138672;50.10200119018555;50.10200119018555;66
2024-12-18 09:28:00+01:00;50.095001220703125;50.095001220703125;50.09000015258789;50.090999603271484;50.090999603271484;83
2024-12-18 09:29:00+01:00;50.08700180053711;50.08700180053711;50.08399963378906;50.08399963378906;50.08399963378906;65
2024-12-18 09:30:00+01:00;50.08000183105469;50.08000183105469;50.06100082397461;50.06100082397461;50.06100082397461;600
2024-12-18 09:31:00+01:00;50.071998596191406;50.071998596191406;50.060001373291016;50.060001373291016;50.060001373291016;243
2024-12-18 09:33:00+01:00;50.07899856567383;50.07899856567383;50.055999755859375;50.055999755859375;50.055999755859375;672
2024-12-18 09:35:00+01:00;50.060001373291016;50.060001373291016;50.04199981689453;50.05799865722656;50.05799865722656;17
2024-12-18 09:36:00+01:00;50.055999755859375;50.055999755859375;50.055999755859375;50.055999755859375;50.055999755859375;20
2024-12-18 09:37:00+01:00;50.04999923706055;50.04999923706055;50.04999923706055;50.04999923706055;50.04999923706055;100
2024-12-18 09:38:00+01:00;50.060001373291016;50.060001373291016;50.060001373291016;50.060001373291016;50.060001373291016;13
2024-12-18 09:39:00+01:00;50.04100036621094;50.060001373291016;50.04100036621094;50.060001373291016;50.060001373291016;64
2024-12-18 09:40:00+01:00;50.05799865722656;50.058998107910156;50.05799865722656;50.058998107910156;50.058998107910156;16
2024-12-18 09:41:00+01:00;50.04499816894531;50.04499816894531;50.04499816894531;50.04499816894531;50.04499816894531;26
2024-12-18 09:42:00+01:00;50.04899978637695;50.04899978637695;50.04899978637695;50.04899978637695;50.04899978637695;1995
2024-12-18 09:43:00+01:00;50.034000396728516;50.034000396728516;50.034000396728516;50.034000396728516;50.034000396728516;2
2024-12-18 09:44:00+01:00;50.053001403808594;50.05500030517578;50.053001403808594;50.05500030517578;50.05500030517578;45
2024-12-18 09:45:00+01:00;50.060001373291016;50.06399917602539;50.05699920654297;50.05699920654297;50.05699920654297;435
2024-12-18 09:46:00+01:00;50.042999267578125;50.042999267578125;50.042999267578125;50.042999267578125;50.042999267578125;39
2024-12-18 09:47:00+01:00;50.066001892089844;50.066001892089844;50.066001892089844;50.066001892089844;50.066001892089844;72
2024-12-18 09:48:00+01:00;50.06700134277344;50.06700134277344;50.06700134277344;50.06700134277344;50.06700134277344;100
2024-12-18 09:49:00+01:00;50.06700134277344;50.06700134277344;50.06700134277344;50.06700134277344;50.06700134277344;200
2024-12-18 09:50:00+01:00;50.06700134277344;50.06700134277344;50.06700134277344;50.06700134277344;50.06700134277344;7
2024-12-18 09:51:00+01:00;50.06800079345703;50.06800079345703;50.05099868774414;50.05099868774414;50.05099868774414;220
2024-12-18 09:52:00+01:00;50.0620002746582;50.0620002746582;50.0620002746582;50.0620002746582;50.0620002746582;2
2024-12-18 09:53:00+01:00;50.04999923706055;50.060001373291016;50.04999923706055;50.060001373291016;50.060001373291016;32
2024-12-18 09:54:00+01:00;50.05400085449219;50.05799865722656;50.05099868774414;50.05099868774414;50.05099868774414;12
2024-12-18 09:55:00+01:00;50.05799865722656;50.05799865722656;50.05799865722656;50.05799865722656;50.05799865722656;6
2024-12-18 09:56:00+01:00;50.0629997253418;50.0629997253418;50.0629997253418;50.0629997253418;50.0629997253418;6
2024-12-18 09:57:00+01:00;50.06100082397461;50.06100082397461;50.05500030517578;50.05500030517578;50.05500030517578;113
2024-12-18 09:58:00+01:00;50.06100082397461;50.06100082397461;50.06100082397461;50.06100082397461;50.06100082397461;100
2024-12-18 09:59:00+01:00;50.06100082397461;50.06100082397461;50.05799865722656;50.05799865722656;50.05799865722656;6
2024-12-18 10:00:00+01:00;50.05500030517578;50.05500030517578;50.05400085449219;50.05400085449219;50.05400085449219;120
2024-12-18 10:01:00+01:00;50.05099868774414;50.055999755859375;50.05099868774414;50.055999755859375;50.055999755859375;11
2024-12-18 10:02:00+01:00;50.05699920654297;50.05699920654297;50.042999267578125;50.05400085449219;50.05400085449219;97
2024-12-18 10:03:00+01:00;50.042999267578125;50.05099868774414;50.0359992980957;50.0359992980957;50.0359992980957;21
2024-12-18 10:05:00+01:00;50.05400085449219;50.05400085449219;50.05400085449219;50.05400085449219;50.05400085449219;10
2024-12-18 10:06:00+01:00;50.064998626708984;50.064998626708984;50.064998626708984;50.064998626708984;50.064998626708984;2
2024-12-18 10:07:00+01:00;50.064998626708984;50.064998626708984;50.0620002746582;50.0620002746582;50.0620002746582;8
2024-12-18 10:08:00+01:00;50.05099868774414;50.053001403808594;50.05099868774414;50.053001403808594;50.053001403808594;65
2024-12-18 10:10:00+01:00;50.04999923706055;50.04999923706055;50.034000396728516;50.034000396728516;50.034000396728516;22
2024-12-18 10:13:00+01:00;50.03300094604492;50.03300094604492;50.03099822998047;50.03099822998047;50.03099822998047;25
2024-12-18 10:14:00+01:00;50.03300094604492;50.04899978637695;50.03300094604492;50.04899978637695;50.04899978637695;30
2024-12-18 10:15:00+01:00;50.05500030517578;50.05500030517578;50.0369987487793;50.0369987487793;50.0369987487793;393
2024-12-18 10:16:00+01:00;50.058998107910156;50.058998107910156;50.04899978637695;50.04899978637695;50.04899978637695;391
2024-12-18 10:17:00+01:00;50.05400085449219;50.05400085449219;50.05400085449219;50.05400085449219;50.05400085449219;2
2024-12-18 10:18:00+01:00;50.060001373291016;50.060001373291016;50.060001373291016;50.060001373291016;50.060001373291016;6
2024-12-18 10:20:00+01:00;50.060001373291016;50.060001373291016;50.05799865722656;50.05799865722656;50.05799865722656;162
2024-12-18 10:21:00+01:00;50.060001373291016;50.060001373291016;50.05799865722656;50.05799865722656;50.05799865722656;84
2024-12-18 10:22:00+01:00;50.04499816894531;50.04999923706055;50.04499816894531;50.04999923706055;50.04999923706055;6
2024-12-18 10:23:00+01:00;50.034000396728516;50.040000915527344;50.034000396728516;50.040000915527344;50.040000915527344;7
2024-12-18 10:24:00+01:00;50.04600143432617;50.04600143432617;50.04199981689453;50.04199981689453;50.04199981689453;24
2024-12-18 10:25:00+01:00;50.029998779296875;50.029998779296875;50.029998779296875;50.029998779296875;50.029998779296875;25
2024-12-18 10:27:00+01:00;50.051998138427734;50.051998138427734;50.051998138427734;50.051998138427734;50.051998138427734;26
2024-12-18 10:29:00+01:00;50.053001403808594;50.053001403808594;50.053001403808594;50.053001403808594;50.053001403808594;41
2024-12-18 10:31:00+01:00;50.06100082397461;50.06100082397461;50.06100082397461;50.06100082397461;50.06100082397461;2
2024-12-18 10:32:00+01:00;50.06100082397461;50.06100082397461;50.06100082397461;50.06100082397461;50.06100082397461;15
2024-12-18 10:33:00+01:00;50.06700134277344;50.06700134277344;50.06700134277344;50.06700134277344;50.06700134277344;4
2024-12-18 10:34:00+01:00;50.07500076293945;50.07500076293945;50.07500076293945;50.07500076293945;50.07500076293945;2
2024-12-18 10:35:00+01:00;50.07500076293945;50.08000183105469;50.07500076293945;50.08000183105469;50.08000183105469;17
2024-12-18 10:37:00+01:00;50.084999084472656;50.084999084472656;50.084999084472656;50.084999084472656;50.084999084472656;5
2024-12-18 10:38:00+01:00;50.09199905395508;50.09199905395508;50.09199905395508;50.09199905395508;50.09199905395508;200
2024-12-18 10:39:00+01:00;50.09199905395508;50.09199905395508;50.09199905395508;50.09199905395508;50.09199905395508;600
2024-12-18 10:40:00+01:00;50.08000183105469;50.08000183105469;50.077999114990234;50.07899856567383;50.07899856567383;697
2024-12-18 10:41:00+01:00;50.09000015258789;50.09000015258789;50.09000015258789;50.09000015258789;50.09000015258789;105
2024-12-18 10:42:00+01:00;50.0989990234375;50.0989990234375;50.09400177001953;50.09400177001953;50.09400177001953;63
2024-12-18 10:43:00+01:00;50.09299850463867;50.095001220703125;50.09299850463867;50.09400177001953;50.09400177001953;106
2024-12-18 10:44:00+01:00;50.09600067138672;50.09600067138672;50.09600067138672;50.09600067138672;50.09600067138672;8
2024-12-18 10:45:00+01:00;50.09700012207031;50.09700012207031;50.09700012207031;50.09700012207031;50.09700012207031;15
2024-12-18 10:46:00+01:00;50.09400177001953;50.097999572753906;50.08100128173828;50.097999572753906;50.097999572753906;897
2024-12-18 10:47:00+01:00;50.09700012207031;50.09700012207031;50.09700012207031;50.09700012207031;50.09700012207031;31
2024-12-18 10:48:00+01:00;50.09400177001953;50.09400177001953;50.09400177001953;50.09400177001953;50.09400177001953;10
2024-12-18 10:49:00+01:00;50.095001220703125;50.095001220703125;50.095001220703125;50.095001220703125;50.095001220703125;100
2024-12-18 10:51:00+01:00;50.09299850463867;50.09299850463867;50.09299850463867;50.09299850463867;50.09299850463867;5
2024-12-18 10:52:00+01:00;50.09000015258789;50.09000015258789;50.09000015258789;50.09000015258789;50.09000015258789;2
2024-12-18 10:53:00+01:00;50.09299850463867;50.09299850463867;50.09299850463867;50.09299850463867;50.09299850463867;2
2024-12-18 10:54:00+01:00;50.09600067138672;50.09700012207031;50.09600067138672;50.09700012207031;50.09700012207031;74
2024-12-18 10:55:00+01:00;50.099998474121094;50.099998474121094;50.09400177001953;50.09400177001953;50.09400177001953;14
2024-12-18 10:56:00+01:00;50.09199905395508;50.09199905395508;50.09199905395508;50.09199905395508;50.09199905395508;56
2024-12-18 10:58:00+01:00;50.077999114990234;50.09199905395508;50.077999114990234;50.09199905395508;50.09199905395508;151
2024-12-18 10:59:00+01:00;50.07500076293945;50.09700012207031;50.07500076293945;50.09700012207031;50.09700012207031;37
2024-12-18 11:00:00+01:00;50.11199951171875;50.11199951171875;50.11199951171875;50.11199951171875;50.11199951171875;10
2024-12-18 11:01:00+01:00;50.10900115966797;50.10900115966797;50.10900115966797;50.10900115966797;50.10900115966797;20
2024-12-18 11:02:00+01:00;50.108001708984375;50.108001708984375;50.108001708984375;50.108001708984375;50.108001708984375;40
2024-12-18 11:05:00+01:00;50.0989990234375;50.0989990234375;50.0989990234375;50.0989990234375;50.0989990234375;4
2024-12-18 11:06:00+01:00;50.104000091552734;50.10499954223633;50.104000091552734;50.10499954223633;50.10499954223633;90
2024-12-18 11:07:00+01:00;50.108001708984375;50.11399841308594;50.108001708984375;50.11399841308594;50.11399841308594;230
2024-12-18 11:08:00+01:00;50.11399841308594;50.11399841308594;50.11399841308594;50.11399841308594;50.11399841308594;1
2024-12-18 11:10:00+01:00;50.125999450683594;50.125999450683594;50.111000061035156;50.111000061035156;50.111000061035156;2
2024-12-18 11:12:00+01:00;50.125999450683594;50.130001068115234;50.1150016784668;50.130001068115234;50.130001068115234;26
2024-12-18 11:14:00+01:00;50.125999450683594;50.130001068115234;50.125999450683594;50.130001068115234;50.130001068115234;49
2024-12-18 11:15:00+01:00;50.13999938964844;50.14099884033203;50.13999938964844;50.14099884033203;50.14099884033203;10
2024-12-18 11:16:00+01:00;50.1349983215332;50.1349983215332;50.13100051879883;50.13100051879883;50.13100051879883;22
2024-12-18 11:17:00+01:00;50.150001525878906;50.150001525878906;50.150001525878906;50.150001525878906;50.150001525878906;10
2024-12-18 11:18:00+01:00;50.1510009765625;50.1510009765625;50.1510009765625;50.1510009765625;50.1510009765625;12
2024-12-18 11:19:00+01:00;50.143001556396484;50.143001556396484;50.12799835205078;50.12799835205078;50.12799835205078;15
2024-12-18 11:21:00+01:00;50.13800048828125;50.13800048828125;50.13800048828125;50.13800048828125;50.13800048828125;20
2024-12-18 11:23:00+01:00;50.13999938964844;50.13999938964844;50.13999938964844;50.13999938964844;50.13999938964844;230
2024-12-18 11:24:00+01:00;50.125999450683594;50.143001556396484;50.125999450683594;50.137001037597656;50.137001037597656;14
2024-12-18 11:25:00+01:00;50.14099884033203;50.14099884033203;50.14099884033203;50.14099884033203;50.14099884033203;2
2024-12-18 11:27:00+01:00;50.15399932861328;50.15399932861328;50.1349983215332;50.152000427246094;50.152000427246094;45
2024-12-18 11:29:00+01:00;50.159000396728516;50.159000396728516;50.15700149536133;50.15700149536133;50.15700149536133;55
2024-12-18 11:30:00+01:00;50.1609992980957;50.1609992980957;50.152000427246094;50.152000427246094;50.152000427246094;270
2024-12-18 11:31:00+01:00;50.14899826049805;50.14899826049805;50.14899826049805;50.14899826049805;50.14899826049805;6
2024-12-18 11:32:00+01:00;50.143001556396484;50.14899826049805;50.143001556396484;50.14899826049805;50.14899826049805;23
2024-12-18 11:33:00+01:00;50.141998291015625;50.141998291015625;50.13999938964844;50.13999938964844;50.13999938964844;50
2024-12-18 11:34:00+01:00;50.13999938964844;50.13999938964844;50.13800048828125;50.13800048828125;50.13800048828125;184
2024-12-18 11:36:00+01:00;50.13199996948242;50.13199996948242;50.119998931884766;50.119998931884766;50.119998931884766;213
2024-12-18 11:37:00+01:00;50.11000061035156;50.11000061035156;50.11000061035156;50.11000061035156;50.11000061035156;8
2024-12-18 11:38:00+01:00;50.11000061035156;50.119998931884766;50.11000061035156;50.119998931884766;50.119998931884766;15
2024-12-18 11:44:00+01:00;50.099998474121094;50.099998474121094;50.09700012207031;50.09700012207031;50.09700012207031;2
2024-12-18 11:45:00+01:00;50.09700012207031;50.10100173950195;50.09700012207031;50.10100173950195;50.10100173950195;9
2024-12-18 11:47:00+01:00;50.099998474121094;50.104000091552734;50.099998474121094;50.104000091552734;50.104000091552734;108
2024-12-18 11:49:00+01:00;50.11000061035156;50.11000061035156;50.11000061035156;50.11000061035156;50.11000061035156;1
2024-12-18 11:51:00+01:00;50.10900115966797;50.10900115966797;50.10900115966797;50.10900115966797;50.10900115966797;2
2024-12-18 11:53:00+01:00;50.099998474121094;50.099998474121094;50.099998474121094;50.099998474121094;50.099998474121094;20
2024-12-18 11:54:00+01:00;50.112998962402344;50.112998962402344;50.112998962402344;50.112998962402344;50.112998962402344;3
2024-12-18 11:55:00+01:00;50.111000061035156;50.111000061035156;50.111000061035156;50.111000061035156;50.111000061035156;1190
2024-12-18 11:56:00+01:00;50.119998931884766;50.119998931884766;50.119998931884766;50.119998931884766;50.119998931884766;26
2024-12-18 11:57:00+01:00;50.11000061035156;50.11000061035156;50.11000061035156;50.11000061035156;50.11000061035156;5
2024-12-18 11:58:00+01:00;50.11800003051758;50.11800003051758;50.1150016784668;50.1150016784668;50.1150016784668;31
2024-12-18 11:59:00+01:00;50.1150016784668;50.11800003051758;50.1150016784668;50.1150016784668;50.1150016784668;441
2024-12-18 12:01:00+01:00;50.1150016784668;50.1150016784668;50.112998962402344;50.112998962402344;50.112998962402344;171
2024-12-18 12:02:00+01:00;50.11800003051758;50.11800003051758;50.10599899291992;50.10599899291992;50.10599899291992;941
2024-12-18 12:03:00+01:00;50.119998931884766;50.119998931884766;50.119998931884766;50.119998931884766;50.119998931884766;3
2024-12-18 12:05:00+01:00;50.099998474121094;50.108001708984375;50.099998474121094;50.099998474121094;50.099998474121094;29
2024-12-18 12:06:00+01:00;50.11000061035156;50.11000061035156;50.09700012207031;50.09700012207031;50.09700012207031;57
2024-12-18 12:07:00+01:00;50.108001708984375;50.108001708984375;50.108001708984375;50.108001708984375;50.108001708984375;24
2024-12-18 12:08:00+01:00;50.104000091552734;50.106998443603516;50.104000091552734;50.106998443603516;50.106998443603516;23
2024-12-18 12:09:00+01:00;50.0989990234375;50.0989990234375;50.0989990234375;50.0989990234375;50.0989990234375;21
2024-12-18 12:10:00+01:00;50.090999603271484;50.090999603271484;50.090999603271484;50.090999603271484;50.090999603271484;78
2024-12-18 12:11:00+01:00;50.10200119018555;50.10200119018555;50.10200119018555;50.10200119018555;50.10200119018555;2
2024-12-18 12:13:00+01:00;50.10300064086914;50.10300064086914;50.10300064086914;50.10300064086914;50.10300064086914;170
2024-12-18 12:14:00+01:00;50.097999572753906;50.097999572753906;50.097999572753906;50.097999572753906;50.097999572753906;9
2024-12-18 12:16:00+01:00;50.111000061035156;50.111000061035156;50.11000061035156;50.11000061035156;50.11000061035156;82
2024-12-18 12:17:00+01:00;50.10100173950195;50.10100173950195;50.10100173950195;50.10100173950195;50.10100173950195;10
2024-12-18 12:18:00+01:00;50.1150016784668;50.1150016784668;50.1150016784668;50.1150016784668;50.1150016784668;20
2024-12-18 12:19:00+01:00;50.11000061035156;50.125999450683594;50.11000061035156;50.125999450683594;50.125999450683594;140
2024-12-18 12:20:00+01:00;50.124000549316406;50.124000549316406;50.124000549316406;50.124000549316406;50.124000549316406;2
2024-12-18 12:21:00+01:00;50.12300109863281;50.12300109863281;50.12300109863281;50.12300109863281;50.12300109863281;2
2024-12-18 12:23:00+01:00;50.119998931884766;50.119998931884766;50.119998931884766;50.119998931884766;50.119998931884766;22
2024-12-18 12:24:00+01:00;50.119998931884766;50.12699890136719;50.119998931884766;50.125;50.125;103
2024-12-18 12:25:00+01:00;50.12900161743164;50.12900161743164;50.12900161743164;50.12900161743164;50.12900161743164;10
2024-12-18 12:26:00+01:00;50.119998931884766;50.119998931884766;50.119998931884766;50.119998931884766;50.119998931884766;25
2024-12-18 12:27:00+01:00;50.099998474121094;50.099998474121094;50.099998474121094;50.099998474121094;50.099998474121094;1012
2024-12-18 12:28:00+01:00;50.10599899291992;50.10599899291992;50.09199905395508;50.0989990234375;50.0989990234375;51
2024-12-18 12:29:00+01:00;50.09199905395508;50.09199905395508;50.08000183105469;50.09199905395508;50.09199905395508;205
2024-12-18 12:31:00+01:00;50.09700012207031;50.09700012207031;50.09700012207031;50.09700012207031;50.09700012207031;3
2024-12-18 12:32:00+01:00;50.0989990234375;50.0989990234375;50.0989990234375;50.0989990234375;50.0989990234375;2
2024-12-18 12:36:00+01:00;50.09299850463867;50.09299850463867;50.0880012512207;50.0880012512207;50.0880012512207;41
2024-12-18 12:37:00+01:00;50.099998474121094;50.10300064086914;50.099998474121094;50.10300064086914;50.10300064086914;47
2024-12-18 12:40:00+01:00;50.097999572753906;50.097999572753906;50.097999572753906;50.097999572753906;50.097999572753906;1
2024-12-18 12:41:00+01:00;50.0989990234375;50.0989990234375;50.0989990234375;50.0989990234375;50.0989990234375;10
2024-12-18 12:42:00+01:00;50.095001220703125;50.095001220703125;50.095001220703125;50.095001220703125;50.095001220703125;2
2024-12-18 12:43:00+01:00;50.095001220703125;50.095001220703125;50.095001220703125;50.095001220703125;50.095001220703125;2
2024-12-18 12:44:00+01:00;50.09700012207031;50.09700012207031;50.095001220703125;50.095001220703125;50.095001220703125;15
2024-12-18 12:45:00+01:00;50.09400177001953;50.09400177001953;50.09400177001953;50.09400177001953;50.09400177001953;40
2024-12-18 12:46:00+01:00;50.08100128173828;50.08100128173828;50.08100128173828;50.08100128173828;50.08100128173828;1
2024-12-18 12:47:00+01:00;50.10599899291992;50.108001708984375;50.095001220703125;50.095001220703125;50.095001220703125;84
2024-12-18 12:48:00+01:00;50.10900115966797;50.10900115966797;50.10900115966797;50.10900115966797;50.10900115966797;3
2024-12-18 12:49:00+01:00;50.10599899291992;50.10599899291992;50.10599899291992;50.10599899291992;50.10599899291992;6
2024-12-18 12:52:00+01:00;50.106998443603516;50.106998443603516;50.10599899291992;50.10599899291992;50.10599899291992;5
2024-12-18 12:54:00+01:00;50.111000061035156;50.111000061035156;50.11000061035156;50.11000061035156;50.11000061035156;4
2024-12-18 12:57:00+01:00;50.11199951171875;50.11199951171875;50.11199951171875;50.11199951171875;50.11199951171875;10
2024-12-18 12:58:00+01:00;50.11199951171875;50.11199951171875;50.11199951171875;50.11199951171875;50.11199951171875;2
2024-12-18 13:00:00+01:00;50.108001708984375;50.1150016784668;50.108001708984375;50.1150016784668;50.1150016784668;78
2024-12-18 13:02:00+01:00;50.1150016784668;50.11800003051758;50.1150016784668;50.11800003051758;50.11800003051758;58
2024-12-18 13:04:00+01:00;50.12699890136719;50.12699890136719;50.12699890136719;50.12699890136719;50.12699890136719;2
2024-12-18 13:05:00+01:00;50.13199996948242;50.13199996948242;50.13199996948242;50.13199996948242;50.13199996948242;9
2024-12-18 13:07:00+01:00;50.13100051879883;50.13100051879883;50.13100051879883;50.13100051879883;50.13100051879883;6
2024-12-18 13:08:00+01:00;50.130001068115234;50.130001068115234;50.130001068115234;50.130001068115234;50.130001068115234;9
2024-12-18 13:09:00+01:00;50.145999908447266;50.145999908447266;50.145999908447266;50.145999908447266;50.145999908447266;50
2024-12-18 13:10:00+01:00;50.14500045776367;50.14500045776367;50.14500045776367;50.14500045776367;50.14500045776367;2
2024-12-18 13:15:00+01:00;50.12900161743164;50.12900161743164;50.12900161743164;50.12900161743164;50.12900161743164;15
2024-12-18 13:16:00+01:00;50.13999938964844;50.14699935913086;50.13999938964844;50.143001556396484;50.143001556396484;65
2024-12-18 13:17:00+01:00;50.13999938964844;50.14699935913086;50.13999938964844;50.14699935913086;50.14699935913086;37
2024-12-18 13:18:00+01:00;50.12900161743164;50.14099884033203;50.12900161743164;50.14099884033203;50.14099884033203;232
2024-12-18 13:19:00+01:00;50.14500045776367;50.14500045776367;50.14500045776367;50.14500045776367;50.14500045776367;5
2024-12-18 13:20:00+01:00;50.14400100708008;50.14400100708008;50.14400100708008;50.14400100708008;50.14400100708008;18
2024-12-18 13:22:00+01:00;50.141998291015625;50.141998291015625;50.141998291015625;50.141998291015625;50.141998291015625;4
2024-12-18 13:24:00+01:00;50.138999938964844;50.138999938964844;50.138999938964844;50.138999938964844;50.138999938964844;1
2024-12-18 13:28:00+01:00;50.124000549316406;50.124000549316406;50.12200164794922;50.12200164794922;50.12200164794922;23
2024-12-18 13:30:00+01:00;50.13199996948242;50.132999420166016;50.13199996948242;50.132999420166016;50.132999420166016;44
2024-12-18 13:33:00+01:00;50.125;50.125;50.125;50.125;50.125;1
2024-12-18 13:34:00+01:00;50.11000061035156;50.11000061035156;50.11000061035156;50.11000061035156;50.11000061035156;2
2024-12-18 13:35:00+01:00;50.106998443603516;50.106998443603516;50.099998474121094;50.099998474121094;50.099998474121094;19
2024-12-18 13:36:00+01:00;50.11600112915039;50.11600112915039;50.112998962402344;50.112998962402344;50.112998962402344;4
2024-12-18 13:39:00+01:00;50.12200164794922;50.12200164794922;50.10499954223633;50.10499954223633;50.10499954223633;31
2024-12-18 13:41:00+01:00;50.11800003051758;50.11800003051758;50.11800003051758;50.11800003051758;50.11800003051758;42
2024-12-18 13:42:00+01:00;50.11000061035156;50.11000061035156;50.11000061035156;50.11000061035156;50.11000061035156;1006
2024-12-18 13:43:00+01:00;50.125;50.125;50.125;50.125;50.125;1
2024-12-18 13:44:00+01:00;50.12300109863281;50.12300109863281;50.12300109863281;50.12300109863281;50.12300109863281;1
2024-12-18 13:45:00+01:00;50.12099838256836;50.12099838256836;50.12099838256836;50.12099838256836;50.12099838256836;9
2024-12-18 13:46:00+01:00;50.12799835205078;50.130001068115234;50.12799835205078;50.130001068115234;50.130001068115234;113
2024-12-18 13:47:00+01:00;50.130001068115234;50.130001068115234;50.130001068115234;50.130001068115234;50.130001068115234;3
2024-12-18 13:48:00+01:00;50.13100051879883;50.13100051879883;50.13100051879883;50.13100051879883;50.13100051879883;2
2024-12-18 13:50:00+01:00;50.14099884033203;50.14099884033203;50.14099884033203;50.14099884033203;50.14099884033203;51
2024-12-18 13:51:00+01:00;50.125999450683594;50.1510009765625;50.125999450683594;50.1510009765625;50.1510009765625;21
2024-12-18 13:52:00+01:00;50.13800048828125;50.14899826049805;50.13800048828125;50.14899826049805;50.14899826049805;5
2024-12-18 13:53:00+01:00;50.14699935913086;50.14699935913086;50.14699935913086;50.14699935913086;50.14699935913086;120
2024-12-18 13:54:00+01:00;50.14799880981445;50.14799880981445;50.14799880981445;50.14799880981445;50.14799880981445;40
2024-12-18 13:56:00+01:00;50.17900085449219;50.18000030517578;50.17900085449219;50.18000030517578;50.18000030517578;48
2024-12-18 13:58:00+01:00;50.159000396728516;50.159000396728516;50.159000396728516;50.159000396728516;50.159000396728516;2
2024-12-18 13:59:00+01:00;50.17100143432617;50.17100143432617;50.17100143432617;50.17100143432617;50.17100143432617;34
2024-12-18 14:00:00+01:00;50.16899871826172;50.17100143432617;50.16899871826172;50.17100143432617;50.17100143432617;99
2024-12-18 14:01:00+01:00;50.14899826049805;50.15399932861328;50.13999938964844;50.15399932861328;50.15399932861328;70
2024-12-18 14:02:00+01:00;50.14899826049805;50.14899826049805;50.14899826049805;50.14899826049805;50.14899826049805;2
2024-12-18 14:03:00+01:00;50.14899826049805;50.14899826049805;50.14899826049805;50.14899826049805;50.14899826049805;10
2024-12-18 14:04:00+01:00;50.13999938964844;50.141998291015625;50.130001068115234;50.13800048828125;50.13800048828125;26
2024-12-18 14:05:00+01:00;50.13600158691406;50.13600158691406;50.13600158691406;50.13600158691406;50.13600158691406;200
2024-12-18 14:10:00+01:00;50.130001068115234;50.130001068115234;50.130001068115234;50.130001068115234;50.130001068115234;2
2024-12-18 14:11:00+01:00;50.130001068115234;50.13999938964844;50.130001068115234;50.13999938964844;50.13999938964844;39
2024-12-18 14:12:00+01:00;50.13999938964844;50.13999938964844;50.13999938964844;50.13999938964844;50.13999938964844;2
2024-12-18 14:13:00+01:00;50.137001037597656;50.137001037597656;50.132999420166016;50.132999420166016;50.132999420166016;7
2024-12-18 14:14:00+01:00;50.12699890136719;50.12699890136719;50.12699890136719;50.12699890136719;50.12699890136719;30
2024-12-18 14:15:00+01:00;50.14799880981445;50.14799880981445;50.145999908447266;50.145999908447266;50.145999908447266;17
2024-12-18 14:17:00+01:00;50.15299987792969;50.15299987792969;50.150001525878906;50.150001525878906;50.150001525878906;382
2024-12-18 14:18:00+01:00;50.14899826049805;50.14899826049805;50.14899826049805;50.14899826049805;50.14899826049805;6
2024-12-18 14:20:00+01:00;50.145999908447266;50.165000915527344;50.145999908447266;50.165000915527344;50.165000915527344;224
2024-12-18 14:21:00+01:00;50.16899871826172;50.16899871826172;50.165000915527344;50.165000915527344;50.165000915527344;106
2024-12-18 14:22:00+01:00;50.16299819946289;50.180999755859375;50.16299819946289;50.17900085449219;50.17900085449219;167
2024-12-18 14:24:00+01:00;50.17599868774414;50.17599868774414;50.17599868774414;50.17599868774414;50.17599868774414;196
2024-12-18 14:25:00+01:00;50.1870002746582;50.1870002746582;50.1870002746582;50.1870002746582;50.1870002746582;32
2024-12-18 14:26:00+01:00;50.19300079345703;50.19300079345703;50.19300079345703;50.19300079345703;50.19300079345703;10
2024-12-18 14:27:00+01:00;50.20000076293945;50.20000076293945;50.20000076293945;50.20000076293945;50.20000076293945;1
2024-12-18 14:29:00+01:00;50.18299865722656;50.18299865722656;50.18299865722656;50.18299865722656;50.18299865722656;20
2024-12-18 14:30:00+01:00;50.18299865722656;50.20600128173828;50.18299865722656;50.20600128173828;50.20600128173828;4
2024-12-18 14:31:00+01:00;50.178001403808594;50.178001403808594;50.178001403808594;50.178001403808594;50.178001403808594;2
2024-12-18 14:32:00+01:00;50.17100143432617;50.17100143432617;50.17100143432617;50.17100143432617;50.17100143432617;40
2024-12-18 14:35:00+01:00;50.150001525878906;50.152000427246094;50.150001525878906;50.152000427246094;50.152000427246094;118
2024-12-18 14:39:00+01:00;50.13399887084961;50.13399887084961;50.13399887084961;50.13399887084961;50.13399887084961;2
2024-12-18 14:40:00+01:00;50.125;50.125;50.125;50.125;50.125;2
2024-12-18 14:43:00+01:00;50.108001708984375;50.108001708984375;50.108001708984375;50.108001708984375;50.108001708984375;23
2024-12-18 14:44:00+01:00;50.112998962402344;50.112998962402344;50.112998962402344;50.112998962402344;50.112998962402344;5
2024-12-18 14:45:00+01:00;50.117000579833984;50.11800003051758;50.11399841308594;50.11399841308594;50.11399841308594;31
2024-12-18 14:46:00+01:00;50.099998474121094;50.099998474121094;50.099998474121094;50.099998474121094;50.099998474121094;95
2024-12-18 14:47:00+01:00;50.08000183105469;50.08000183105469;50.060001373291016;50.060001373291016;50.060001373291016;27
2024-12-18 14:48:00+01:00;50.060001373291016;50.060001373291016;50.060001373291016;50.060001373291016;50.060001373291016;7
2024-12-18 14:49:00+01:00;50.07899856567383;50.08100128173828;50.07899856567383;50.08100128173828;50.08100128173828;105
2024-12-18 14:50:00+01:00;50.08100128173828;50.08100128173828;50.08100128173828;50.08100128173828;50.08100128173828;4
2024-12-18 14:52:00+01:00;50.10200119018555;50.10200119018555;50.077999114990234;50.077999114990234;50.077999114990234;93
2024-12-18 14:53:00+01:00;50.064998626708984;50.07699966430664;50.064998626708984;50.07699966430664;50.07699966430664;165
2024-12-18 14:54:00+01:00;50.05500030517578;50.0880012512207;50.05500030517578;50.0880012512207;50.0880012512207;10
2024-12-18 14:55:00+01:00;50.07899856567383;50.07899856567383;50.07899856567383;50.07899856567383;50.07899856567383;1
2024-12-18 14:56:00+01:00;50.07099914550781;50.07099914550781;50.07099914550781;50.07099914550781;50.07099914550781;10
2024-12-18 14:57:00+01:00;50.04999923706055;50.04999923706055;50.04999923706055;50.04999923706055;50.04999923706055;2
2024-12-18 14:58:00+01:00;50.0620002746582;50.0620002746582;50.04999923706055;50.06100082397461;50.06100082397461;101
2024-12-18 14:59:00+01:00;50.04999923706055;50.05099868774414;50.042999267578125;50.042999267578125;50.042999267578125;26
2024-12-18 15:00:00+01:00;50.02799987792969;50.02799987792969;50.02000045776367;50.025001525878906;50.025001525878906;823
2024-12-18 15:02:00+01:00;50.0620002746582;50.0620002746582;50.04399871826172;50.04399871826172;50.04399871826172;21
2024-12-18 15:04:00+01:00;50.013999938964844;50.013999938964844;50.0;50.0;50.0;531
2024-12-18 15:05:00+01:00;50.00400161743164;50.00400161743164;49.98400115966797;49.98400115966797;49.98400115966797;545
2024-12-18 15:07:00+01:00;49.99700164794922;50.00299835205078;49.99700164794922;50.0;50.0;190
2024-12-18 15:09:00+01:00;50.0;50.000999450683594;50.0;50.0;50.0;86
2024-12-18 15:10:00+01:00;49.99800109863281;49.99800109863281;49.9900016784668;49.9900016784668;49.9900016784668;18
2024-12-18 15:11:00+01:00;49.99399948120117;49.99399948120117;49.99399948120117;49.99399948120117;49.99399948120117;13
2024-12-18 15:13:00+01:00;49.99599838256836;49.99599838256836;49.99599838256836;49.99599838256836;49.99599838256836;2
2024-12-18 15:14:00+01:00;49.979000091552734;50.00199890136719;49.979000091552734;50.00199890136719;50.00199890136719;20
2024-12-18 15:15:00+01:00;49.99300003051758;49.99300003051758;49.99300003051758;49.99300003051758;49.99300003051758;10
2024-12-18 15:16:00+01:00;49.9900016784668;49.9900016784668;49.9900016784668;49.9900016784668;49.9900016784668;20
2024-12-18 15:17:00+01:00;50.007999420166016;50.013999938964844;50.007999420166016;50.013999938964844;50.013999938964844;3397
2024-12-18 15:18:00+01:00;50.005001068115234;50.005001068115234;50.00299835205078;50.00299835205078;50.00299835205078;23
2024-12-18 15:19:00+01:00;50.00699996948242;50.00699996948242;50.00699996948242;50.00699996948242;50.00699996948242;4
2024-12-18 15:20:00+01:00;50.00899887084961;50.00899887084961;49.99100112915039;49.99100112915039;49.99100112915039;81
2024-12-18 15:21:00+01:00;50.00699996948242;50.00699996948242;50.00699996948242;50.00699996948242;50.00699996948242;100
2024-12-18 15:23:00+01:00;50.01599884033203;50.01599884033203;50.01599884033203;50.01599884033203;50.01599884033203;1
2024-12-18 15:24:00+01:00;50.013999938964844;50.013999938964844;50.012001037597656;50.012001037597656;50.012001037597656;8
2024-12-18 15:25:00+01:00;49.992000579833984;50.00600051879883;49.992000579833984;50.00600051879883;50.00600051879883;132
2024-12-18 15:27:00+01:00;50.00199890136719;50.00199890136719;50.00199890136719;50.00199890136719;50.00199890136719;3
2024-12-18 15:28:00+01:00;49.99399948120117;49.99399948120117;49.99399948120117;49.99399948120117;49.99399948120117;90
2024-12-18 15:30:00+01:00;49.9900016784668;49.992000579833984;49.96699905395508;49.96699905395508;49.96699905395508;3810
2024-12-18 15:31:00+01:00;50.0;50.0;49.970001220703125;49.970001220703125;49.970001220703125;48
2024-12-18 15:32:00+01:00;49.987998962402344;49.987998962402344;49.987998962402344;49.987998962402344;49.987998962402344;10
2024-12-18 15:34:00+01:00;49.97999954223633;49.97999954223633;49.97999954223633;49.97999954223633;49.97999954223633;3
2024-12-18 15:35:00+01:00;49.95899963378906;49.96099853515625;49.95899963378906;49.96099853515625;49.96099853515625;16
2024-12-18 15:37:00+01:00;49.9739990234375;49.9739990234375;49.9739990234375;49.9739990234375;49.9739990234375;20
2024-12-18 15:38:00+01:00;49.970001220703125;49.97800064086914;49.970001220703125;49.97800064086914;49.97800064086914;39
2024-12-18 15:40:00+01:00;49.974998474121094;49.974998474121094;49.959999084472656;49.959999084472656;49.959999084472656;18
2024-12-18 15:41:00+01:00;49.95000076293945;49.96799850463867;49.95000076293945;49.96799850463867;49.96799850463867;11
2024-12-18 15:43:00+01:00;49.983001708984375;49.983001708984375;49.983001708984375;49.983001708984375;49.983001708984375;90
2024-12-18 15:44:00+01:00;49.97999954223633;49.97999954223633;49.97999954223633;49.97999954223633;49.97999954223633;1
2024-12-18 15:45:00+01:00;49.97600173950195;49.97600173950195;49.972999572753906;49.972999572753906;49.972999572753906;65
2024-12-18 15:46:00+01:00;49.95000076293945;49.95000076293945;49.95000076293945;49.95000076293945;49.95000076293945;2
2024-12-18 15:48:00+01:00;49.972999572753906;49.972999572753906;49.95600128173828;49.95600128173828;49.95600128173828;6
2024-12-18 15:49:00+01:00;49.96900177001953;49.96900177001953;49.95100021362305;49.95100021362305;49.95100021362305;94
2024-12-18 15:50:00+01:00;49.972999572753906;49.972999572753906;49.972999572753906;49.972999572753906;49.972999572753906;204
2024-12-18 15:51:00+01:00;49.952999114990234;49.959999084472656;49.94599914550781;49.946998596191406;49.946998596191406;1190
2024-12-18 15:52:00+01:00;49.959999084472656;49.959999084472656;49.95800018310547;49.95800018310547;49.95800018310547;360
2024-12-18 15:53:00+01:00;49.94900131225586;49.94900131225586;49.94900131225586;49.94900131225586;49.94900131225586;22
2024-12-18 15:55:00+01:00;49.992000579833984;49.992000579833984;49.992000579833984;49.992000579833984;49.992000579833984;5
2024-12-18 15:57:00+01:00;50.005001068115234;50.005001068115234;49.99700164794922;49.99700164794922;49.99700164794922;75
2024-12-18 15:58:00+01:00;49.999000549316406;50.01900100708008;49.999000549316406;50.01900100708008;50.01900100708008;71
2024-12-18 15:59:00+01:00;50.01499938964844;50.01499938964844;50.01499938964844;50.01499938964844;50.01499938964844;1
2024-12-18 16:00:00+01:00;50.02199935913086;50.02199935913086;50.02199935913086;50.02199935913086;50.02199935913086;2
2024-12-18 16:02:00+01:00;50.01599884033203;50.01599884033203;49.992000579833984;49.992000579833984;49.992000579833984;12
2024-12-18 16:03:00+01:00;50.0260009765625;50.0260009765625;50.00699996948242;50.00699996948242;50.00699996948242;53
2024-12-18 16:04:00+01:00;50.0359992980957;50.0359992980957;50.0359992980957;50.0359992980957;50.0359992980957;2
2024-12-18 16:05:00+01:00;50.060001373291016;50.066001892089844;50.060001373291016;50.064998626708984;50.064998626708984;37
2024-12-18 16:07:00+01:00;50.058998107910156;50.071998596191406;50.058998107910156;50.071998596191406;50.071998596191406;27
2024-12-18 16:08:00+01:00;50.0620002746582;50.0620002746582;50.060001373291016;50.060001373291016;50.060001373291016;14
2024-12-18 16:09:00+01:00;50.042999267578125;50.042999267578125;50.042999267578125;50.042999267578125;50.042999267578125;300
2024-12-18 16:12:00+01:00;50.0620002746582;50.0620002746582;50.0620002746582;50.0620002746582;50.0620002746582;4
2024-12-18 16:13:00+01:00;50.0629997253418;50.0629997253418;50.0629997253418;50.0629997253418;50.0629997253418;2
2024-12-18 16:14:00+01:00;50.05799865722656;50.060001373291016;50.042999267578125;50.042999267578125;50.042999267578125;402
2024-12-18 16:15:00+01:00;50.082000732421875;50.082000732421875;50.082000732421875;50.082000732421875;50.082000732421875;2
2024-12-18 16:16:00+01:00;50.058998107910156;50.058998107910156;50.058998107910156;50.058998107910156;50.058998107910156;6
2024-12-18 16:18:00+01:00;50.08100128173828;50.08100128173828;50.08100128173828;50.08100128173828;50.08100128173828;3
2024-12-18 16:19:00+01:00;50.084999084472656;50.10200119018555;50.084999084472656;50.0890007019043;50.0890007019043;32
2024-12-18 16:20:00+01:00;50.09299850463867;50.09299850463867;50.09299850463867;50.09299850463867;50.09299850463867;200
2024-12-18 16:22:00+01:00;50.09199905395508;50.10900115966797;50.09199905395508;50.09299850463867;50.09299850463867;6
2024-12-18 16:24:00+01:00;50.08100128173828;50.08100128173828;50.07600021362305;50.07600021362305;50.07600021362305;12
2024-12-18 16:28:00+01:00;50.124000549316406;50.124000549316406;50.124000549316406;50.124000549316406;50.124000549316406;50
2024-12-18 16:30:00+01:00;50.10200119018555;50.125;50.10200119018555;50.125;50.125;4
2024-12-18 16:31:00+01:00;50.119998931884766;50.119998931884766;50.11800003051758;50.11800003051758;50.11800003051758;51
2024-12-18 16:35:00+01:00;50.154998779296875;50.154998779296875;50.154998779296875;50.154998779296875;50.154998779296875;10
2024-12-18 16:36:00+01:00;50.15299987792969;50.15299987792969;50.15299987792969;50.15299987792969;50.15299987792969;64
2024-12-18 16:37:00+01:00;50.13999938964844;50.15999984741211;50.13999938964844;50.15999984741211;50.15999984741211;5
2024-12-18 16:38:00+01:00;50.16999816894531;50.16999816894531;50.16999816894531;50.16999816894531;50.16999816894531;2
2024-12-18 16:39:00+01:00;50.159000396728516;50.159000396728516;50.159000396728516;50.159000396728516;50.159000396728516;42
2024-12-18 16:40:00+01:00;50.145999908447266;50.145999908447266;50.145999908447266;50.145999908447266;50.145999908447266;4
2024-12-18 16:41:00+01:00;50.154998779296875;50.159000396728516;50.14400100708008;50.159000396728516;50.159000396728516;227
2024-12-18 16:42:00+01:00;50.15999984741211;50.15999984741211;50.13800048828125;50.13800048828125;50.13800048828125;35
2024-12-18 16:43:00+01:00;50.15399932861328;50.15399932861328;50.15399932861328;50.15399932861328;50.15399932861328;3
2024-12-18 16:45:00+01:00;50.19200134277344;50.19200134277344;50.19200134277344;50.19200134277344;50.19200134277344;219
2024-12-18 16:47:00+01:00;50.20000076293945;50.20000076293945;50.198001861572266;50.198001861572266;50.198001861572266;6
2024-12-18 16:48:00+01:00;50.20000076293945;50.21900177001953;50.20000076293945;50.21900177001953;50.21900177001953;172
2024-12-18 16:50:00+01:00;50.244998931884766;50.24700164794922;50.244998931884766;50.24700164794922;50.24700164794922;690
2024-12-18 16:52:00+01:00;50.26900100708008;50.26900100708008;50.26900100708008;50.26900100708008;50.26900100708008;0
2024-12-18 16:56:00+01:00;50.25699996948242;50.25699996948242;50.25699996948242;50.25699996948242;50.25699996948242;51756
2024-12-18 16:58:00+01:00;50.277000427246094;50.277000427246094;50.25199890136719;50.25199890136719;50.25199890136719;11
2024-12-18 16:59:00+01:00;50.249000549316406;50.26300048828125;50.236000061035156;50.236000061035156;50.236000061035156;91
2024-12-18 17:00:00+01:00;50.25199890136719;50.25199890136719;50.25199890136719;50.25199890136719;50.25199890136719;30
2024-12-18 17:01:00+01:00;50.24800109863281;50.24800109863281;50.24800109863281;50.24800109863281;50.24800109863281;2
2024-12-18 17:03:00+01:00;50.24700164794922;50.24700164794922;50.24700164794922;50.24700164794922;50.24700164794922;3
2024-12-18 17:04:00+01:00;50.23500061035156;50.23500061035156;50.23500061035156;50.23500061035156;50.23500061035156;15
2024-12-18 17:06:00+01:00;50.2400016784668;50.250999450683594;50.229000091552734;50.250999450683594;50.250999450683594;95
2024-12-18 17:08:00+01:00;50.25;50.25;50.25;50.25;50.25;27
2024-12-18 17:09:00+01:00;50.24800109863281;50.24800109863281;50.23699951171875;50.23699951171875;50.23699951171875;105
2024-12-18 17:10:00+01:00;50.24100112915039;50.24100112915039;50.23500061035156;50.23500061035156;50.23500061035156;11
2024-12-18 17:11:00+01:00;50.231998443603516;50.231998443603516;50.207000732421875;50.207000732421875;50.207000732421875;59
2024-12-18 17:12:00+01:00;50.2239990234375;50.2239990234375;50.2239990234375;50.2239990234375;50.2239990234375;50
2024-12-18 17:13:00+01:00;50.22700119018555;50.22700119018555;50.21099853515625;50.21099853515625;50.21099853515625;20
2024-12-18 17:14:00+01:00;50.19499969482422;50.19499969482422;50.16999816894531;50.189998626708984;50.189998626708984;44
2024-12-18 17:15:00+01:00;50.150001525878906;50.150001525878906;50.150001525878906;50.150001525878906;50.150001525878906;19
2024-12-18 17:16:00+01:00;50.15999984741211;50.15999984741211;50.14899826049805;50.14899826049805;50.14899826049805;6
2024-12-18 17:19:00+01:00;50.12699890136719;50.12699890136719;50.10200119018555;50.11399841308594;50.11399841308594;103
2024-12-18 17:20:00+01:00;50.11199951171875;50.11199951171875;50.11199951171875;50.11199951171875;50.11199951171875;3
2024-12-18 17:21:00+01:00;50.125;50.125;50.125;50.125;50.125;6
2024-12-18 17:22:00+01:00;50.11800003051758;50.11800003051758;50.11800003051758;50.11800003051758;50.11800003051758;10
2024-12-18 17:23:00+01:00;50.132999420166016;50.132999420166016;50.132999420166016;50.132999420166016;50.132999420166016;80
2024-12-18 17:25:00+01:00;50.13100051879883;50.13100051879883;50.13100051879883;50.13100051879883;50.13100051879883;20
2024-12-18 17:26:00+01:00;50.17300033569336;50.17300033569336;50.17300033569336;50.17300033569336;50.17300033569336;81
2024-12-18 17:29:00+01:00;50.1870002746582;50.189998626708984;50.1870002746582;50.189998626708984;50.189998626708984;34
