Datetime;Open;High;Low;Close;Adj Close;Volume
2024-11-05 09:04:00+01:00;45.5099983215332;45.540000915527344;45.5099983215332;45.540000915527344;45.540000915527344;0
2024-11-05 09:05:00+01:00;45.525001525878906;45.525001525878906;45.5;45.5;45.5;565
2024-11-05 09:06:00+01:00;45.494998931884766;45.499000549316406;45.483001708984375;45.483001708984375;45.483001708984375;13
2024-11-05 09:07:00+01:00;45.494998931884766;45.494998931884766;45.48899841308594;45.49100112915039;45.49100112915039;24
2024-11-05 09:08:00+01:00;45.49399948120117;45.49399948120117;45.49100112915039;45.49100112915039;45.49100112915039;13
2024-11-05 09:09:00+01:00;45.49399948120117;45.50299835205078;45.49399948120117;45.50299835205078;45.50299835205078;191
2024-11-05 09:10:00+01:00;45.500999450683594;45.500999450683594;45.47999954223633;45.494998931884766;45.494998931884766;31
2024-11-05 09:11:00+01:00;45.5;45.5;45.49599838256836;45.5;45.5;35
2024-11-05 09:12:00+01:00;45.4900016784668;45.4900016784668;45.4900016784668;45.4900016784668;45.4900016784668;3
2024-11-05 09:13:00+01:00;45.4900016784668;45.4900016784668;45.470001220703125;45.470001220703125;45.470001220703125;15
2024-11-05 09:14:00+01:00;45.483001708984375;45.483001708984375;45.48099899291992;45.48099899291992;45.48099899291992;23
2024-11-05 09:18:00+01:00;45.4900016784668;45.4900016784668;45.486000061035156;45.486000061035156;45.486000061035156;22
2024-11-05 09:19:00+01:00;45.479000091552734;45.479000091552734;45.45199966430664;45.46799850463867;45.46799850463867;29
2024-11-05 09:20:00+01:00;45.481998443603516;45.481998443603516;45.479000091552734;45.479000091552734;45.479000091552734;10
2024-11-05 09:21:00+01:00;45.465999603271484;45.465999603271484;45.465999603271484;45.465999603271484;45.465999603271484;4
2024-11-05 09:22:00+01:00;45.47600173950195;45.47600173950195;45.47100067138672;45.47600173950195;45.47600173950195;7
2024-11-05 09:23:00+01:00;45.472999572753906;45.487998962402344;45.47100067138672;45.487998962402344;45.487998962402344;18
2024-11-05 09:24:00+01:00;45.48099899291992;45.48099899291992;45.459999084472656;45.459999084472656;45.459999084472656;26
2024-11-05 09:25:00+01:00;45.47999954223633;45.47999954223633;45.46699905395508;45.46699905395508;45.46699905395508;9
2024-11-05 09:26:00+01:00;45.4900016784668;45.4900016784668;45.4900016784668;45.4900016784668;45.4900016784668;3
2024-11-05 09:27:00+01:00;45.4900016784668;45.4900016784668;45.483001708984375;45.483001708984375;45.483001708984375;21
2024-11-05 09:28:00+01:00;45.470001220703125;45.483001708984375;45.470001220703125;45.483001708984375;45.483001708984375;15
2024-11-05 09:29:00+01:00;45.48400115966797;45.48400115966797;45.48400115966797;45.48400115966797;45.48400115966797;14
2024-11-05 09:31:00+01:00;45.46500015258789;45.46500015258789;45.46500015258789;45.46500015258789;45.46500015258789;7
2024-11-05 09:32:00+01:00;45.48899841308594;45.49100112915039;45.48899841308594;45.49100112915039;45.49100112915039;10
2024-11-05 09:33:00+01:00;45.49399948120117;45.49399948120117;45.49100112915039;45.49100112915039;45.49100112915039;5
2024-11-05 09:35:00+01:00;45.499000549316406;45.499000549316406;45.499000549316406;45.499000549316406;45.499000549316406;52
2024-11-05 09:36:00+01:00;45.499000549316406;45.499000549316406;45.4900016784668;45.4900016784668;45.4900016784668;51
2024-11-05 09:37:00+01:00;45.49100112915039;45.49100112915039;45.47999954223633;45.486000061035156;45.486000061035156;69
2024-11-05 09:38:00+01:00;45.48400115966797;45.48400115966797;45.47999954223633;45.47999954223633;45.47999954223633;13
2024-11-05 09:39:00+01:00;45.47999954223633;45.48500061035156;45.47999954223633;45.48400115966797;45.48400115966797;45
2024-11-05 09:40:00+01:00;45.48500061035156;45.48500061035156;45.48500061035156;45.48500061035156;45.48500061035156;3
2024-11-05 09:41:00+01:00;45.47999954223633;45.481998443603516;45.47999954223633;45.481998443603516;45.481998443603516;6
2024-11-05 09:42:00+01:00;45.48500061035156;45.48500061035156;45.48500061035156;45.48500061035156;45.48500061035156;65
2024-11-05 09:43:00+01:00;45.49800109863281;45.49800109863281;45.479000091552734;45.479000091552734;45.479000091552734;8
2024-11-05 09:44:00+01:00;45.49800109863281;45.49800109863281;45.49800109863281;45.49800109863281;45.49800109863281;5
2024-11-05 09:47:00+01:00;45.49599838256836;45.49599838256836;45.49599838256836;45.49599838256836;45.49599838256836;22
2024-11-05 09:48:00+01:00;45.499000549316406;45.499000549316406;45.479000091552734;45.479000091552734;45.479000091552734;391
2024-11-05 09:50:00+01:00;45.492000579833984;45.492000579833984;45.492000579833984;45.492000579833984;45.492000579833984;4
2024-11-05 09:51:00+01:00;45.474998474121094;45.49100112915039;45.474998474121094;45.49100112915039;45.49100112915039;14
2024-11-05 09:53:00+01:00;45.492000579833984;45.49399948120117;45.48899841308594;45.49399948120117;45.49399948120117;41
2024-11-05 09:54:00+01:00;45.49100112915039;45.499000549316406;45.49100112915039;45.499000549316406;45.499000549316406;16
2024-11-05 09:55:00+01:00;45.499000549316406;45.5;45.499000549316406;45.5;45.5;1110
2024-11-05 09:56:00+01:00;45.5099983215332;45.518001556396484;45.5099983215332;45.518001556396484;45.518001556396484;3
2024-11-05 09:57:00+01:00;45.520999908447266;45.52199935913086;45.507999420166016;45.51100158691406;45.51100158691406;255
2024-11-05 09:58:00+01:00;45.518001556396484;45.518001556396484;45.513999938964844;45.513999938964844;45.513999938964844;63
2024-11-05 09:59:00+01:00;45.52399826049805;45.52399826049805;45.520999908447266;45.520999908447266;45.520999908447266;86
2024-11-05 10:00:00+01:00;45.52299880981445;45.52299880981445;45.52199935913086;45.52199935913086;45.52199935913086;19
2024-11-05 10:01:00+01:00;45.52000045776367;45.52000045776367;45.49800109863281;45.50600051879883;45.50600051879883;607
2024-11-05 10:02:00+01:00;45.50899887084961;45.50899887084961;45.507999420166016;45.507999420166016;45.507999420166016;39
2024-11-05 10:03:00+01:00;45.50600051879883;45.50600051879883;45.50600051879883;45.50600051879883;45.50600051879883;5
2024-11-05 10:05:00+01:00;45.49399948120117;45.505001068115234;45.49399948120117;45.505001068115234;45.505001068115234;85
2024-11-05 10:06:00+01:00;45.505001068115234;45.507999420166016;45.505001068115234;45.507999420166016;45.507999420166016;14
2024-11-05 10:07:00+01:00;45.49300003051758;45.516998291015625;45.49300003051758;45.516998291015625;45.516998291015625;10
2024-11-05 10:08:00+01:00;45.520999908447266;45.520999908447266;45.51900100708008;45.51900100708008;45.51900100708008;8
2024-11-05 10:09:00+01:00;45.51900100708008;45.52000045776367;45.51900100708008;45.52000045776367;45.52000045776367;32
2024-11-05 10:10:00+01:00;45.527000427246094;45.53499984741211;45.527000427246094;45.53499984741211;45.53499984741211;23
2024-11-05 10:11:00+01:00;45.529998779296875;45.529998779296875;45.529998779296875;45.529998779296875;45.529998779296875;5
2024-11-05 10:15:00+01:00;45.516998291015625;45.520999908447266;45.516998291015625;45.52000045776367;45.52000045776367;167
2024-11-05 10:16:00+01:00;45.516998291015625;45.516998291015625;45.516998291015625;45.516998291015625;45.516998291015625;8
2024-11-05 10:17:00+01:00;45.51900100708008;45.51900100708008;45.51900100708008;45.51900100708008;45.51900100708008;6
2024-11-05 10:18:00+01:00;45.51900100708008;45.52799987792969;45.51900100708008;45.5260009765625;45.5260009765625;7
2024-11-05 10:19:00+01:00;45.527000427246094;45.527000427246094;45.52000045776367;45.52000045776367;45.52000045776367;25
2024-11-05 10:20:00+01:00;45.5;45.51300048828125;45.5;45.51300048828125;45.51300048828125;100
2024-11-05 10:21:00+01:00;45.51300048828125;45.51300048828125;45.51300048828125;45.51300048828125;45.51300048828125;10
2024-11-05 10:22:00+01:00;45.525001525878906;45.525001525878906;45.52399826049805;45.525001525878906;45.525001525878906;10
2024-11-05 10:23:00+01:00;45.525001525878906;45.525001525878906;45.525001525878906;45.525001525878906;45.525001525878906;11
2024-11-05 10:24:00+01:00;45.52799987792969;45.52799987792969;45.5099983215332;45.527000427246094;45.527000427246094;4669
2024-11-05 10:25:00+01:00;45.5260009765625;45.5260009765625;45.5260009765625;45.5260009765625;45.5260009765625;5
2024-11-05 10:26:00+01:00;45.525001525878906;45.525001525878906;45.525001525878906;45.525001525878906;45.525001525878906;7
2024-11-05 10:27:00+01:00;45.53099822998047;45.53099822998047;45.53099822998047;45.53099822998047;45.53099822998047;65
2024-11-05 10:28:00+01:00;45.53499984741211;45.53499984741211;45.534000396728516;45.534000396728516;45.534000396728516;7
2024-11-05 10:29:00+01:00;45.5260009765625;45.5260009765625;45.5260009765625;45.5260009765625;45.5260009765625;7
2024-11-05 10:30:00+01:00;45.52399826049805;45.52399826049805;45.52399826049805;45.52399826049805;45.52399826049805;10
2024-11-05 10:31:00+01:00;45.52299880981445;45.52299880981445;45.52000045776367;45.52000045776367;45.52000045776367;28
2024-11-05 10:32:00+01:00;45.52000045776367;45.52799987792969;45.52000045776367;45.52799987792969;45.52799987792969;29
2024-11-05 10:33:00+01:00;45.529998779296875;45.53300094604492;45.529998779296875;45.53300094604492;45.53300094604492;27
2024-11-05 10:34:00+01:00;45.51499938964844;45.51499938964844;45.51499938964844;45.51499938964844;45.51499938964844;6
2024-11-05 10:35:00+01:00;45.5099983215332;45.52199935913086;45.50600051879883;45.52199935913086;45.52199935913086;97
2024-11-05 10:36:00+01:00;45.52199935913086;45.52399826049805;45.52199935913086;45.52399826049805;45.52399826049805;17
2024-11-05 10:37:00+01:00;45.52399826049805;45.52799987792969;45.52399826049805;45.527000427246094;45.527000427246094;6515
2024-11-05 10:38:00+01:00;45.5359992980957;45.54499816894531;45.5359992980957;45.54499816894531;45.54499816894531;15
2024-11-05 10:41:00+01:00;45.54399871826172;45.54399871826172;45.53799819946289;45.53799819946289;45.53799819946289;37
2024-11-05 10:42:00+01:00;45.540000915527344;45.540000915527344;45.540000915527344;45.540000915527344;45.540000915527344;50
2024-11-05 10:45:00+01:00;45.540000915527344;45.540000915527344;45.516998291015625;45.516998291015625;45.516998291015625;315
2024-11-05 10:46:00+01:00;45.52899932861328;45.52899932861328;45.5260009765625;45.5260009765625;45.5260009765625;11
2024-11-05 10:47:00+01:00;45.52000045776367;45.52399826049805;45.52000045776367;45.52399826049805;45.52399826049805;70
2024-11-05 10:48:00+01:00;45.52399826049805;45.525001525878906;45.52299880981445;45.525001525878906;45.525001525878906;58
2024-11-05 10:49:00+01:00;45.5260009765625;45.5260009765625;45.51100158691406;45.52199935913086;45.52199935913086;82
2024-11-05 10:50:00+01:00;45.52000045776367;45.52899932861328;45.52000045776367;45.527000427246094;45.527000427246094;15
2024-11-05 10:51:00+01:00;45.5099983215332;45.51900100708008;45.507999420166016;45.507999420166016;45.507999420166016;35
2024-11-05 10:52:00+01:00;45.52199935913086;45.52199935913086;45.52199935913086;45.52199935913086;45.52199935913086;11
2024-11-05 10:53:00+01:00;45.52399826049805;45.52399826049805;45.52399826049805;45.52399826049805;45.52399826049805;3
2024-11-05 10:54:00+01:00;45.52000045776367;45.529998779296875;45.52000045776367;45.52799987792969;45.52799987792969;53
2024-11-05 10:55:00+01:00;45.52799987792969;45.534000396728516;45.52799987792969;45.529998779296875;45.529998779296875;305
2024-11-05 10:56:00+01:00;45.52799987792969;45.534000396728516;45.52000045776367;45.52000045776367;45.52000045776367;75
2024-11-05 10:57:00+01:00;45.53300094604492;45.53300094604492;45.53099822998047;45.53200149536133;45.53200149536133;19
2024-11-05 10:58:00+01:00;45.534000396728516;45.534000396728516;45.53300094604492;45.53300094604492;45.53300094604492;13
2024-11-05 10:59:00+01:00;45.52799987792969;45.53099822998047;45.51499938964844;45.52000045776367;45.52000045776367;174
2024-11-05 11:00:00+01:00;45.51499938964844;45.51499938964844;45.51100158691406;45.51100158691406;45.51100158691406;103
2024-11-05 11:01:00+01:00;45.51499938964844;45.51499938964844;45.51499938964844;45.51499938964844;45.51499938964844;2
2024-11-05 11:02:00+01:00;45.513999938964844;45.513999938964844;45.5;45.5;45.5;161
2024-11-05 11:03:00+01:00;45.50899887084961;45.50899887084961;45.507999420166016;45.507999420166016;45.507999420166016;82
2024-11-05 11:04:00+01:00;45.507999420166016;45.507999420166016;45.507999420166016;45.507999420166016;45.507999420166016;4
2024-11-05 11:05:00+01:00;45.50400161743164;45.50400161743164;45.49300003051758;45.49300003051758;45.49300003051758;14
2024-11-05 11:06:00+01:00;45.50199890136719;45.50199890136719;45.50199890136719;45.50199890136719;45.50199890136719;11
2024-11-05 11:07:00+01:00;45.48699951171875;45.5;45.48699951171875;45.5;45.5;67
2024-11-05 11:08:00+01:00;45.5;45.5;45.5;45.5;45.5;10
2024-11-05 11:09:00+01:00;45.49599838256836;45.49800109863281;45.49599838256836;45.49800109863281;45.49800109863281;73
2024-11-05 11:10:00+01:00;45.49800109863281;45.49800109863281;45.49800109863281;45.49800109863281;45.49800109863281;25
2024-11-05 11:11:00+01:00;45.494998931884766;45.494998931884766;45.494998931884766;45.494998931884766;45.494998931884766;4
2024-11-05 11:13:00+01:00;45.481998443603516;45.481998443603516;45.481998443603516;45.481998443603516;45.481998443603516;3
2024-11-05 11:14:00+01:00;45.48899841308594;45.48899841308594;45.48899841308594;45.48899841308594;45.48899841308594;18
2024-11-05 11:15:00+01:00;45.487998962402344;45.48899841308594;45.487998962402344;45.48899841308594;45.48899841308594;21
2024-11-05 11:16:00+01:00;45.48699951171875;45.48699951171875;45.472999572753906;45.472999572753906;45.472999572753906;7
2024-11-05 11:17:00+01:00;45.470001220703125;45.470001220703125;45.46900177001953;45.46900177001953;45.46900177001953;5
2024-11-05 11:18:00+01:00;45.46799850463867;45.46799850463867;45.46799850463867;45.46799850463867;45.46799850463867;10
2024-11-05 11:19:00+01:00;45.48899841308594;45.48899841308594;45.48699951171875;45.48899841308594;45.48899841308594;35
2024-11-05 11:20:00+01:00;45.49100112915039;45.49100112915039;45.49100112915039;45.49100112915039;45.49100112915039;20
2024-11-05 11:23:00+01:00;45.5;45.5;45.499000549316406;45.499000549316406;45.499000549316406;113
2024-11-05 11:24:00+01:00;45.5;45.5099983215332;45.5;45.5099983215332;45.5099983215332;27
2024-11-05 11:25:00+01:00;45.5099983215332;45.5099983215332;45.50899887084961;45.50899887084961;45.50899887084961;31
2024-11-05 11:26:00+01:00;45.50899887084961;45.50899887084961;45.50899887084961;45.50899887084961;45.50899887084961;31
2024-11-05 11:27:00+01:00;45.512001037597656;45.512001037597656;45.512001037597656;45.512001037597656;45.512001037597656;1
2024-11-05 11:28:00+01:00;45.525001525878906;45.525001525878906;45.518001556396484;45.518001556396484;45.518001556396484;78
2024-11-05 11:29:00+01:00;45.52000045776367;45.52000045776367;45.50199890136719;45.50199890136719;45.50199890136719;145
2024-11-05 11:30:00+01:00;45.51499938964844;45.51499938964844;45.51499938964844;45.51499938964844;45.51499938964844;18
2024-11-05 11:31:00+01:00;45.51900100708008;45.51900100708008;45.51900100708008;45.51900100708008;45.51900100708008;3
2024-11-05 11:32:00+01:00;45.520999908447266;45.520999908447266;45.5;45.518001556396484;45.518001556396484;22
2024-11-05 11:33:00+01:00;45.518001556396484;45.52399826049805;45.50699996948242;45.52399826049805;45.52399826049805;219
2024-11-05 11:34:00+01:00;45.51900100708008;45.51900100708008;45.51900100708008;45.51900100708008;45.51900100708008;4
2024-11-05 11:35:00+01:00;45.512001037597656;45.512001037597656;45.512001037597656;45.512001037597656;45.512001037597656;2
2024-11-05 11:38:00+01:00;45.52399826049805;45.52399826049805;45.52299880981445;45.52299880981445;45.52299880981445;14
2024-11-05 11:39:00+01:00;45.513999938964844;45.513999938964844;45.513999938964844;45.513999938964844;45.513999938964844;3
2024-11-05 11:40:00+01:00;45.500999450683594;45.500999450683594;45.500999450683594;45.500999450683594;45.500999450683594;2
2024-11-05 11:43:00+01:00;45.5;45.5;45.5;45.5;45.5;3
2024-11-05 11:45:00+01:00;45.51300048828125;45.52399826049805;45.51300048828125;45.52399826049805;45.52399826049805;10
2024-11-05 11:46:00+01:00;45.51300048828125;45.525001525878906;45.51300048828125;45.51900100708008;45.51900100708008;27
2024-11-05 11:47:00+01:00;45.516998291015625;45.516998291015625;45.516998291015625;45.516998291015625;45.516998291015625;63
2024-11-05 11:48:00+01:00;45.492000579833984;45.50299835205078;45.49100112915039;45.49100112915039;45.49100112915039;57
2024-11-05 11:49:00+01:00;45.49700164794922;45.49700164794922;45.49700164794922;45.49700164794922;45.49700164794922;14
2024-11-05 11:50:00+01:00;45.49700164794922;45.49700164794922;45.494998931884766;45.494998931884766;45.494998931884766;47
2024-11-05 11:51:00+01:00;45.49700164794922;45.49700164794922;45.49700164794922;45.49700164794922;45.49700164794922;10
2024-11-05 11:52:00+01:00;45.505001068115234;45.505001068115234;45.50199890136719;45.50199890136719;45.50199890136719;184
2024-11-05 11:53:00+01:00;45.50299835205078;45.50299835205078;45.50299835205078;45.50299835205078;45.50299835205078;3
2024-11-05 11:55:00+01:00;45.48899841308594;45.50299835205078;45.48899841308594;45.50299835205078;45.50299835205078;181
2024-11-05 11:56:00+01:00;45.5;45.500999450683594;45.5;45.500999450683594;45.500999450683594;29
2024-11-05 11:57:00+01:00;45.505001068115234;45.505001068115234;45.505001068115234;45.505001068115234;45.505001068115234;2
2024-11-05 11:58:00+01:00;45.4900016784668;45.4900016784668;45.4900016784668;45.4900016784668;45.4900016784668;43
2024-11-05 11:59:00+01:00;45.512001037597656;45.512001037597656;45.512001037597656;45.512001037597656;45.512001037597656;8
2024-11-05 12:01:00+01:00;45.51499938964844;45.51499938964844;45.51499938964844;45.51499938964844;45.51499938964844;2
2024-11-05 12:02:00+01:00;45.51300048828125;45.51300048828125;45.51300048828125;45.51300048828125;45.51300048828125;6
2024-11-05 12:03:00+01:00;45.50600051879883;45.50600051879883;45.50600051879883;45.50600051879883;45.50600051879883;2
2024-11-05 12:04:00+01:00;45.5099983215332;45.51300048828125;45.507999420166016;45.51300048828125;45.51300048828125;182
2024-11-05 12:06:00+01:00;45.52000045776367;45.52000045776367;45.518001556396484;45.518001556396484;45.518001556396484;27
2024-11-05 12:07:00+01:00;45.52000045776367;45.52000045776367;45.52000045776367;45.52000045776367;45.52000045776367;2
2024-11-05 12:10:00+01:00;45.52000045776367;45.52199935913086;45.52000045776367;45.52199935913086;45.52199935913086;45
2024-11-05 12:11:00+01:00;45.52199935913086;45.52199935913086;45.52000045776367;45.52000045776367;45.52000045776367;154
2024-11-05 12:12:00+01:00;45.518001556396484;45.518001556396484;45.518001556396484;45.518001556396484;45.518001556396484;10
2024-11-05 12:13:00+01:00;45.518001556396484;45.520999908447266;45.518001556396484;45.520999908447266;45.520999908447266;76
2024-11-05 12:14:00+01:00;45.5260009765625;45.529998779296875;45.5260009765625;45.529998779296875;45.529998779296875;15
2024-11-05 12:15:00+01:00;45.53499984741211;45.5359992980957;45.53499984741211;45.5359992980957;45.5359992980957;76
2024-11-05 12:16:00+01:00;45.5359992980957;45.5359992980957;45.5359992980957;45.5359992980957;45.5359992980957;174
2024-11-05 12:18:00+01:00;45.51300048828125;45.51300048828125;45.51300048828125;45.51300048828125;45.51300048828125;100
2024-11-05 12:19:00+01:00;45.53200149536133;45.53300094604492;45.53200149536133;45.53300094604492;45.53300094604492;27
2024-11-05 12:20:00+01:00;45.53200149536133;45.53200149536133;45.513999938964844;45.52799987792969;45.52799987792969;13
2024-11-05 12:22:00+01:00;45.53200149536133;45.534000396728516;45.51499938964844;45.51499938964844;45.51499938964844;4
2024-11-05 12:23:00+01:00;45.529998779296875;45.53099822998047;45.529998779296875;45.53099822998047;45.53099822998047;68
2024-11-05 12:24:00+01:00;45.513999938964844;45.513999938964844;45.513999938964844;45.513999938964844;45.513999938964844;65
2024-11-05 12:25:00+01:00;45.52299880981445;45.52299880981445;45.52299880981445;45.52299880981445;45.52299880981445;2
2024-11-05 12:29:00+01:00;45.5;45.51300048828125;45.5;45.51300048828125;45.51300048828125;16
2024-11-05 12:30:00+01:00;45.5;45.512001037597656;45.5;45.50199890136719;45.50199890136719;112
2024-11-05 12:31:00+01:00;45.5;45.5;45.5;45.5;45.5;32
2024-11-05 12:33:00+01:00;45.525001525878906;45.525001525878906;45.525001525878906;45.525001525878906;45.525001525878906;3
2024-11-05 12:34:00+01:00;45.52299880981445;45.52299880981445;45.52299880981445;45.52299880981445;45.52299880981445;5
2024-11-05 12:35:00+01:00;45.52000045776367;45.52000045776367;45.52000045776367;45.52000045776367;45.52000045776367;19
2024-11-05 12:37:00+01:00;45.51900100708008;45.51900100708008;45.51900100708008;45.51900100708008;45.51900100708008;4
2024-11-05 12:38:00+01:00;45.51499938964844;45.51900100708008;45.51499938964844;45.51900100708008;45.51900100708008;9
2024-11-05 12:39:00+01:00;45.51900100708008;45.51900100708008;45.51900100708008;45.51900100708008;45.51900100708008;9
2024-11-05 12:41:00+01:00;45.51900100708008;45.51900100708008;45.51900100708008;45.51900100708008;45.51900100708008;3
2024-11-05 12:42:00+01:00;45.51900100708008;45.51900100708008;45.51900100708008;45.51900100708008;45.51900100708008;2
2024-11-05 12:44:00+01:00;45.52000045776367;45.52000045776367;45.52000045776367;45.52000045776367;45.52000045776367;2
2024-11-05 12:46:00+01:00;45.51900100708008;45.51900100708008;45.51900100708008;45.51900100708008;45.51900100708008;11
2024-11-05 12:49:00+01:00;45.512001037597656;45.51900100708008;45.50299835205078;45.51900100708008;45.51900100708008;11
2024-11-05 12:51:00+01:00;45.51499938964844;45.51499938964844;45.51499938964844;45.51499938964844;45.51499938964844;4
2024-11-05 12:52:00+01:00;45.513999938964844;45.513999938964844;45.513999938964844;45.513999938964844;45.513999938964844;48
2024-11-05 12:53:00+01:00;45.51100158691406;45.51100158691406;45.5;45.5099983215332;45.5099983215332;74
2024-11-05 12:54:00+01:00;45.518001556396484;45.518001556396484;45.518001556396484;45.518001556396484;45.518001556396484;15
2024-11-05 12:55:00+01:00;45.51499938964844;45.51499938964844;45.507999420166016;45.507999420166016;45.507999420166016;12
2024-11-05 12:57:00+01:00;45.516998291015625;45.518001556396484;45.516998291015625;45.518001556396484;45.518001556396484;36
2024-11-05 12:58:00+01:00;45.51599884033203;45.51599884033203;45.50299835205078;45.512001037597656;45.512001037597656;159
2024-11-05 12:59:00+01:00;45.50699996948242;45.50699996948242;45.50199890136719;45.50199890136719;45.50199890136719;7
2024-11-05 13:00:00+01:00;45.49800109863281;45.50600051879883;45.49800109863281;45.50600051879883;45.50600051879883;7
2024-11-05 13:01:00+01:00;45.492000579833984;45.492000579833984;45.492000579833984;45.492000579833984;45.492000579833984;6
2024-11-05 13:03:00+01:00;45.51499938964844;45.51499938964844;45.51499938964844;45.51499938964844;45.51499938964844;3
2024-11-05 13:04:00+01:00;45.5;45.50699996948242;45.5;45.50699996948242;45.50699996948242;40
2024-11-05 13:05:00+01:00;45.49100112915039;45.49100112915039;45.49100112915039;45.49100112915039;45.49100112915039;66
2024-11-05 13:06:00+01:00;45.5;45.50199890136719;45.5;45.500999450683594;45.500999450683594;6
2024-11-05 13:07:00+01:00;45.49399948120117;45.49399948120117;45.49399948120117;45.49399948120117;45.49399948120117;1
2024-11-05 13:08:00+01:00;45.50400161743164;45.50400161743164;45.5;45.5;45.5;9
2024-11-05 13:09:00+01:00;45.500999450683594;45.50299835205078;45.500999450683594;45.50299835205078;45.50299835205078;13
2024-11-05 13:10:00+01:00;45.49700164794922;45.49700164794922;45.49700164794922;45.49700164794922;45.49700164794922;10
2024-11-05 13:13:00+01:00;45.50600051879883;45.50600051879883;45.48899841308594;45.505001068115234;45.505001068115234;66
2024-11-05 13:14:00+01:00;45.512001037597656;45.512001037597656;45.512001037597656;45.512001037597656;45.512001037597656;22
2024-11-05 13:16:00+01:00;45.51499938964844;45.51499938964844;45.51499938964844;45.51499938964844;45.51499938964844;3
2024-11-05 13:17:00+01:00;45.513999938964844;45.513999938964844;45.513999938964844;45.513999938964844;45.513999938964844;11
2024-11-05 13:18:00+01:00;45.51599884033203;45.516998291015625;45.51599884033203;45.51599884033203;45.51599884033203;13
2024-11-05 13:19:00+01:00;45.51900100708008;45.51900100708008;45.516998291015625;45.516998291015625;45.516998291015625;27
2024-11-05 13:20:00+01:00;45.494998931884766;45.494998931884766;45.49300003051758;45.49300003051758;45.49300003051758;55
2024-11-05 13:21:00+01:00;45.499000549316406;45.499000549316406;45.483001708984375;45.4900016784668;45.4900016784668;28
2024-11-05 13:22:00+01:00;45.494998931884766;45.494998931884766;45.47999954223633;45.49100112915039;45.49100112915039;146
2024-11-05 13:23:00+01:00;45.499000549316406;45.499000549316406;45.494998931884766;45.494998931884766;45.494998931884766;9
2024-11-05 13:24:00+01:00;45.494998931884766;45.494998931884766;45.494998931884766;45.494998931884766;45.494998931884766;6
2024-11-05 13:25:00+01:00;45.49399948120117;45.49399948120117;45.49399948120117;45.49399948120117;45.49399948120117;26
2024-11-05 13:26:00+01:00;45.49300003051758;45.49300003051758;45.47999954223633;45.47999954223633;45.47999954223633;16
2024-11-05 13:27:00+01:00;45.49100112915039;45.49100112915039;45.49100112915039;45.49100112915039;45.49100112915039;2
2024-11-05 13:28:00+01:00;45.47999954223633;45.48500061035156;45.47200012207031;45.481998443603516;45.481998443603516;34
2024-11-05 13:30:00+01:00;45.481998443603516;45.481998443603516;45.481998443603516;45.481998443603516;45.481998443603516;27
2024-11-05 13:31:00+01:00;45.479000091552734;45.49300003051758;45.479000091552734;45.49300003051758;45.49300003051758;4
2024-11-05 13:32:00+01:00;45.49599838256836;45.49599838256836;45.49599838256836;45.49599838256836;45.49599838256836;3
2024-11-05 13:33:00+01:00;45.4739990234375;45.492000579833984;45.4739990234375;45.492000579833984;45.492000579833984;93
2024-11-05 13:34:00+01:00;45.486000061035156;45.486000061035156;45.486000061035156;45.486000061035156;45.486000061035156;5
2024-11-05 13:38:00+01:00;45.470001220703125;45.470001220703125;45.470001220703125;45.470001220703125;45.470001220703125;1
2024-11-05 13:41:00+01:00;45.472999572753906;45.4739990234375;45.47200012207031;45.4739990234375;45.4739990234375;9
2024-11-05 13:42:00+01:00;45.48099899291992;45.48099899291992;45.48099899291992;45.48099899291992;45.48099899291992;10
2024-11-05 13:43:00+01:00;45.47700119018555;45.47700119018555;45.47700119018555;45.47700119018555;45.47700119018555;5
2024-11-05 13:44:00+01:00;45.479000091552734;45.479000091552734;45.479000091552734;45.479000091552734;45.479000091552734;13
2024-11-05 13:45:00+01:00;45.48400115966797;45.48400115966797;45.48400115966797;45.48400115966797;45.48400115966797;35
2024-11-05 13:46:00+01:00;45.47999954223633;45.47999954223633;45.47999954223633;45.47999954223633;45.47999954223633;3
2024-11-05 13:47:00+01:00;45.48500061035156;45.48500061035156;45.48500061035156;45.48500061035156;45.48500061035156;8
2024-11-05 13:51:00+01:00;45.507999420166016;45.5099983215332;45.507999420166016;45.5099983215332;45.5099983215332;21
2024-11-05 13:52:00+01:00;45.48899841308594;45.49700164794922;45.48899841308594;45.49700164794922;45.49700164794922;34
2024-11-05 13:53:00+01:00;45.48899841308594;45.48899841308594;45.48899841308594;45.48899841308594;45.48899841308594;2
2024-11-05 13:54:00+01:00;45.500999450683594;45.500999450683594;45.500999450683594;45.500999450683594;45.500999450683594;5
2024-11-05 13:55:00+01:00;45.48899841308594;45.499000549316406;45.48899841308594;45.494998931884766;45.494998931884766;26
2024-11-05 13:56:00+01:00;45.494998931884766;45.494998931884766;45.494998931884766;45.494998931884766;45.494998931884766;1
2024-11-05 13:57:00+01:00;45.4900016784668;45.4900016784668;45.4900016784668;45.4900016784668;45.4900016784668;4
2024-11-05 13:58:00+01:00;45.48500061035156;45.48500061035156;45.48400115966797;45.48400115966797;45.48400115966797;85
2024-11-05 14:00:00+01:00;45.50400161743164;45.50400161743164;45.492000579833984;45.492000579833984;45.492000579833984;169
2024-11-05 14:01:00+01:00;45.51100158691406;45.51100158691406;45.51100158691406;45.51100158691406;45.51100158691406;11
2024-11-05 14:03:00+01:00;45.5099983215332;45.51100158691406;45.5099983215332;45.51100158691406;45.51100158691406;13
2024-11-05 14:04:00+01:00;45.507999420166016;45.507999420166016;45.507999420166016;45.507999420166016;45.507999420166016;1
2024-11-05 14:05:00+01:00;45.5;45.5;45.5;45.5;45.5;10
2024-11-05 14:07:00+01:00;45.49800109863281;45.49800109863281;45.49800109863281;45.49800109863281;45.49800109863281;2
2024-11-05 14:08:00+01:00;45.49700164794922;45.49700164794922;45.49599838256836;45.49599838256836;45.49599838256836;39
2024-11-05 14:09:00+01:00;45.494998931884766;45.494998931884766;45.49399948120117;45.49399948120117;45.49399948120117;20
2024-11-05 14:10:00+01:00;45.479000091552734;45.49399948120117;45.479000091552734;45.49399948120117;45.49399948120117;382
2024-11-05 14:11:00+01:00;45.492000579833984;45.492000579833984;45.492000579833984;45.492000579833984;45.492000579833984;10
2024-11-05 14:12:00+01:00;45.48899841308594;45.48899841308594;45.48899841308594;45.48899841308594;45.48899841308594;10
2024-11-05 14:14:00+01:00;45.48899841308594;45.48899841308594;45.48899841308594;45.48899841308594;45.48899841308594;3
2024-11-05 14:15:00+01:00;45.48500061035156;45.48500061035156;45.48500061035156;45.48500061035156;45.48500061035156;8
2024-11-05 14:16:00+01:00;45.47600173950195;45.47600173950195;45.47600173950195;45.47600173950195;45.47600173950195;27
2024-11-05 14:17:00+01:00;45.499000549316406;45.499000549316406;45.481998443603516;45.481998443603516;45.481998443603516;25
2024-11-05 14:18:00+01:00;45.481998443603516;45.49100112915039;45.481998443603516;45.49100112915039;45.49100112915039;57
2024-11-05 14:19:00+01:00;45.49300003051758;45.49300003051758;45.49300003051758;45.49300003051758;45.49300003051758;3
2024-11-05 14:21:00+01:00;45.49800109863281;45.499000549316406;45.49800109863281;45.499000549316406;45.499000549316406;6
2024-11-05 14:22:00+01:00;45.505001068115234;45.51100158691406;45.505001068115234;45.5099983215332;45.5099983215332;49
2024-11-05 14:23:00+01:00;45.51499938964844;45.51499938964844;45.50899887084961;45.50899887084961;45.50899887084961;14
2024-11-05 14:24:00+01:00;45.50899887084961;45.50899887084961;45.50899887084961;45.50899887084961;45.50899887084961;175
2024-11-05 14:25:00+01:00;45.50899887084961;45.50899887084961;45.494998931884766;45.494998931884766;45.494998931884766;69
2024-11-05 14:26:00+01:00;45.50899887084961;45.5099983215332;45.50899887084961;45.5099983215332;45.5099983215332;23
2024-11-05 14:28:00+01:00;45.50899887084961;45.50899887084961;45.5;45.5;45.5;100
2024-11-05 14:29:00+01:00;45.5099983215332;45.52000045776367;45.5099983215332;45.52000045776367;45.52000045776367;87
2024-11-05 14:30:00+01:00;45.513999938964844;45.542999267578125;45.513999938964844;45.542999267578125;45.542999267578125;1108
2024-11-05 14:31:00+01:00;45.5359992980957;45.54399871826172;45.5359992980957;45.54399871826172;45.54399871826172;69
2024-11-05 14:32:00+01:00;45.53300094604492;45.53300094604492;45.53300094604492;45.53300094604492;45.53300094604492;10
2024-11-05 14:34:00+01:00;45.52399826049805;45.52399826049805;45.50600051879883;45.50600051879883;45.50600051879883;13
2024-11-05 14:36:00+01:00;45.50699996948242;45.50699996948242;45.50699996948242;45.50699996948242;45.50699996948242;8
2024-11-05 14:37:00+01:00;45.51499938964844;45.51499938964844;45.51300048828125;45.51300048828125;45.51300048828125;14
2024-11-05 14:38:00+01:00;45.51900100708008;45.51900100708008;45.51900100708008;45.51900100708008;45.51900100708008;445
2024-11-05 14:41:00+01:00;45.50299835205078;45.51900100708008;45.50299835205078;45.51900100708008;45.51900100708008;12
2024-11-05 14:43:00+01:00;45.52299880981445;45.525001525878906;45.52199935913086;45.52299880981445;45.52299880981445;36
2024-11-05 14:44:00+01:00;45.52299880981445;45.52299880981445;45.52299880981445;45.52299880981445;45.52299880981445;22
2024-11-05 14:45:00+01:00;45.52399826049805;45.52399826049805;45.52399826049805;45.52399826049805;45.52399826049805;23
2024-11-05 14:46:00+01:00;45.51300048828125;45.51300048828125;45.5;45.5;45.5;8
2024-11-05 14:48:00+01:00;45.51900100708008;45.51900100708008;45.51900100708008;45.51900100708008;45.51900100708008;3
2024-11-05 14:52:00+01:00;45.50699996948242;45.50699996948242;45.50699996948242;45.50699996948242;45.50699996948242;106
2024-11-05 14:53:00+01:00;45.53099822998047;45.53099822998047;45.53099822998047;45.53099822998047;45.53099822998047;10
2024-11-05 14:54:00+01:00;45.53099822998047;45.534000396728516;45.53099822998047;45.534000396728516;45.534000396728516;454
2024-11-05 14:55:00+01:00;45.52899932861328;45.53099822998047;45.527000427246094;45.527000427246094;45.527000427246094;15
2024-11-05 14:56:00+01:00;45.52899932861328;45.52899932861328;45.505001068115234;45.505001068115234;45.505001068115234;117
2024-11-05 14:58:00+01:00;45.5;45.507999420166016;45.5;45.507999420166016;45.507999420166016;114
2024-11-05 14:59:00+01:00;45.50600051879883;45.50600051879883;45.4900016784668;45.4900016784668;45.4900016784668;197
2024-11-05 15:00:00+01:00;45.486000061035156;45.494998931884766;45.486000061035156;45.494998931884766;45.494998931884766;12
2024-11-05 15:01:00+01:00;45.4739990234375;45.4739990234375;45.46799850463867;45.46799850463867;45.46799850463867;3
2024-11-05 15:02:00+01:00;45.47200012207031;45.47600173950195;45.470001220703125;45.470001220703125;45.470001220703125;51
2024-11-05 15:03:00+01:00;45.45899963378906;45.45899963378906;45.45899963378906;45.45899963378906;45.45899963378906;40
2024-11-05 15:04:00+01:00;45.479000091552734;45.479000091552734;45.479000091552734;45.479000091552734;45.479000091552734;3
2024-11-05 15:05:00+01:00;45.481998443603516;45.483001708984375;45.470001220703125;45.483001708984375;45.483001708984375;27
2024-11-05 15:06:00+01:00;45.465999603271484;45.487998962402344;45.465999603271484;45.487998962402344;45.487998962402344;173
2024-11-05 15:08:00+01:00;45.48899841308594;45.48899841308594;45.48899841308594;45.48899841308594;45.48899841308594;22
2024-11-05 15:09:00+01:00;45.48899841308594;45.48899841308594;45.479000091552734;45.479000091552734;45.479000091552734;9
2024-11-05 15:10:00+01:00;45.479000091552734;45.479000091552734;45.479000091552734;45.479000091552734;45.479000091552734;4
2024-11-05 15:12:00+01:00;45.483001708984375;45.483001708984375;45.483001708984375;45.483001708984375;45.483001708984375;93
2024-11-05 15:13:00+01:00;45.48099899291992;45.48099899291992;45.48099899291992;45.48099899291992;45.48099899291992;7
2024-11-05 15:14:00+01:00;45.48099899291992;45.48099899291992;45.459999084472656;45.459999084472656;45.459999084472656;9
2024-11-05 15:16:00+01:00;45.459999084472656;45.46099853515625;45.459999084472656;45.46099853515625;45.46099853515625;52
2024-11-05 15:17:00+01:00;45.459999084472656;45.459999084472656;45.459999084472656;45.459999084472656;45.459999084472656;10
2024-11-05 15:18:00+01:00;45.46900177001953;45.46900177001953;45.45500183105469;45.45500183105469;45.45500183105469;6
2024-11-05 15:19:00+01:00;45.45399856567383;45.4640007019043;45.45000076293945;45.45000076293945;45.45000076293945;91
2024-11-05 15:20:00+01:00;45.45000076293945;45.45000076293945;45.45000076293945;45.45000076293945;45.45000076293945;106
2024-11-05 15:21:00+01:00;45.45199966430664;45.45199966430664;45.44900131225586;45.44900131225586;45.44900131225586;8
2024-11-05 15:22:00+01:00;45.44499969482422;45.44499969482422;45.441001892089844;45.441001892089844;45.441001892089844;23
2024-11-05 15:23:00+01:00;45.4370002746582;45.4370002746582;45.435001373291016;45.435001373291016;45.435001373291016;224
2024-11-05 15:24:00+01:00;45.439998626708984;45.446998596191406;45.439998626708984;45.446998596191406;45.446998596191406;224
2024-11-05 15:26:00+01:00;45.44499969482422;45.44499969482422;45.44499969482422;45.44499969482422;45.44499969482422;13
2024-11-05 15:27:00+01:00;45.45100021362305;45.45100021362305;45.45100021362305;45.45100021362305;45.45100021362305;7
2024-11-05 15:29:00+01:00;45.4630012512207;45.4630012512207;45.4630012512207;45.4630012512207;45.4630012512207;100
2024-11-05 15:30:00+01:00;45.4630012512207;45.4630012512207;45.4630012512207;45.4630012512207;45.4630012512207;5
2024-11-05 15:31:00+01:00;45.4900016784668;45.53200149536133;45.47999954223633;45.53200149536133;45.53200149536133;957
2024-11-05 15:33:00+01:00;45.527000427246094;45.56700134277344;45.51599884033203;45.56700134277344;45.56700134277344;179
2024-11-05 15:34:00+01:00;45.551998138427734;45.551998138427734;45.551998138427734;45.551998138427734;45.551998138427734;11
2024-11-05 15:36:00+01:00;45.54999923706055;45.54999923706055;45.54999923706055;45.54999923706055;45.54999923706055;2
2024-11-05 15:37:00+01:00;45.54800033569336;45.569000244140625;45.547000885009766;45.569000244140625;45.569000244140625;27
2024-11-05 15:38:00+01:00;45.58000183105469;45.58000183105469;45.58000183105469;45.58000183105469;45.58000183105469;1247
2024-11-05 15:40:00+01:00;45.5989990234375;45.5989990234375;45.595001220703125;45.595001220703125;45.595001220703125;9
2024-11-05 15:41:00+01:00;45.595001220703125;45.595001220703125;45.595001220703125;45.595001220703125;45.595001220703125;13
2024-11-05 15:43:00+01:00;45.55099868774414;45.55400085449219;45.54899978637695;45.55400085449219;45.55400085449219;31
2024-11-05 15:44:00+01:00;45.566001892089844;45.56800079345703;45.566001892089844;45.56800079345703;45.56800079345703;8
2024-11-05 15:45:00+01:00;45.573001861572266;45.58000183105469;45.573001861572266;45.58000183105469;45.58000183105469;20
2024-11-05 15:48:00+01:00;45.584999084472656;45.599998474121094;45.584999084472656;45.599998474121094;45.599998474121094;823
2024-11-05 15:49:00+01:00;45.638999938964844;45.638999938964844;45.624000549316406;45.624000549316406;45.624000549316406;52
2024-11-05 15:50:00+01:00;45.63999938964844;45.63999938964844;45.63999938964844;45.63999938964844;45.63999938964844;13
2024-11-05 15:51:00+01:00;45.61800003051758;45.61800003051758;45.61800003051758;45.61800003051758;45.61800003051758;6
2024-11-05 15:52:00+01:00;45.625;45.638999938964844;45.625;45.638999938964844;45.638999938964844;11
2024-11-05 15:55:00+01:00;45.68899917602539;45.68899917602539;45.68899917602539;45.68899917602539;45.68899917602539;1484
2024-11-05 15:56:00+01:00;45.69499969482422;45.69499969482422;45.69499969482422;45.69499969482422;45.69499969482422;78
2024-11-05 15:57:00+01:00;45.7130012512207;45.7130012512207;45.70199966430664;45.70199966430664;45.70199966430664;126
2024-11-05 15:58:00+01:00;45.70000076293945;45.709999084472656;45.70000076293945;45.709999084472656;45.709999084472656;40
2024-11-05 15:59:00+01:00;45.70199966430664;45.74800109863281;45.70199966430664;45.74800109863281;45.74800109863281;1493
2024-11-05 16:00:00+01:00;45.75;45.770999908447266;45.75;45.75;45.75;332
2024-11-05 16:02:00+01:00;45.78200149536133;45.78200149536133;45.76599884033203;45.76599884033203;45.76599884033203;31
2024-11-05 16:03:00+01:00;45.77000045776367;45.77299880981445;45.77000045776367;45.77199935913086;45.77199935913086;26
2024-11-05 16:04:00+01:00;45.77799987792969;45.77799987792969;45.766998291015625;45.766998291015625;45.766998291015625;10
2024-11-05 16:05:00+01:00;45.784000396728516;45.784000396728516;45.784000396728516;45.784000396728516;45.784000396728516;3
2024-11-05 16:06:00+01:00;45.784000396728516;45.7859992980957;45.78200149536133;45.7859992980957;45.7859992980957;91
2024-11-05 16:07:00+01:00;45.78499984741211;45.78499984741211;45.78499984741211;45.78499984741211;45.78499984741211;4
2024-11-05 16:08:00+01:00;45.78499984741211;45.78499984741211;45.78499984741211;45.78499984741211;45.78499984741211;12
2024-11-05 16:09:00+01:00;45.775001525878906;45.775001525878906;45.77299880981445;45.77299880981445;45.77299880981445;5
2024-11-05 16:10:00+01:00;45.7760009765625;45.7760009765625;45.7760009765625;45.7760009765625;45.7760009765625;26
2024-11-05 16:11:00+01:00;45.750999450683594;45.750999450683594;45.7400016784668;45.7400016784668;45.7400016784668;134
2024-11-05 16:15:00+01:00;45.7400016784668;45.74700164794922;45.7400016784668;45.74700164794922;45.74700164794922;13
2024-11-05 16:16:00+01:00;45.73699951171875;45.73699951171875;45.73699951171875;45.73699951171875;45.73699951171875;8
2024-11-05 16:17:00+01:00;45.7400016784668;45.75400161743164;45.7400016784668;45.75400161743164;45.75400161743164;20
2024-11-05 16:21:00+01:00;45.7400016784668;45.7400016784668;45.7400016784668;45.7400016784668;45.7400016784668;16
2024-11-05 16:22:00+01:00;45.75299835205078;45.762001037597656;45.750999450683594;45.762001037597656;45.762001037597656;22
2024-11-05 16:24:00+01:00;45.76100158691406;45.784000396728516;45.76100158691406;45.76599884033203;45.76599884033203;119
2024-11-05 16:25:00+01:00;45.790000915527344;45.790000915527344;45.7859992980957;45.7859992980957;45.7859992980957;93
2024-11-05 16:27:00+01:00;45.75199890136719;45.75199890136719;45.74300003051758;45.74300003051758;45.74300003051758;6
2024-11-05 16:29:00+01:00;45.749000549316406;45.749000549316406;45.749000549316406;45.749000549316406;45.749000549316406;3
2024-11-05 16:30:00+01:00;45.73400115966797;45.73400115966797;45.73400115966797;45.73400115966797;45.73400115966797;65
2024-11-05 16:31:00+01:00;45.731998443603516;45.731998443603516;45.731998443603516;45.731998443603516;45.731998443603516;1484
2024-11-05 16:32:00+01:00;45.72600173950195;45.729000091552734;45.72600173950195;45.729000091552734;45.729000091552734;13
2024-11-05 16:33:00+01:00;45.720001220703125;45.720001220703125;45.71699905395508;45.720001220703125;45.720001220703125;749
2024-11-05 16:36:00+01:00;45.73099899291992;45.757999420166016;45.73099899291992;45.757999420166016;45.757999420166016;1487
2024-11-05 16:37:00+01:00;45.76599884033203;45.76599884033203;45.76599884033203;45.76599884033203;45.76599884033203;1
2024-11-05 16:39:00+01:00;45.78099822998047;45.78799819946289;45.78099822998047;45.78799819946289;45.78799819946289;141
2024-11-05 16:40:00+01:00;45.777000427246094;45.777000427246094;45.775001525878906;45.775001525878906;45.775001525878906;12
2024-11-05 16:42:00+01:00;45.78799819946289;45.78799819946289;45.78799819946289;45.78799819946289;45.78799819946289;3
2024-11-05 16:43:00+01:00;45.775001525878906;45.775001525878906;45.775001525878906;45.775001525878906;45.775001525878906;19
2024-11-05 16:44:00+01:00;45.80099868774414;45.80099868774414;45.80099868774414;45.80099868774414;45.80099868774414;15
2024-11-05 16:45:00+01:00;45.79899978637695;45.79899978637695;45.78099822998047;45.78099822998047;45.78099822998047;24
2024-11-05 16:46:00+01:00;45.79899978637695;45.79899978637695;45.79899978637695;45.79899978637695;45.79899978637695;5
2024-11-05 16:47:00+01:00;45.80799865722656;45.80799865722656;45.80799865722656;45.80799865722656;45.80799865722656;10
2024-11-05 16:48:00+01:00;45.790000915527344;45.790000915527344;45.790000915527344;45.790000915527344;45.790000915527344;20
2024-11-05 16:49:00+01:00;45.790000915527344;45.790000915527344;45.790000915527344;45.790000915527344;45.790000915527344;10
2024-11-05 16:50:00+01:00;45.797000885009766;45.797000885009766;45.797000885009766;45.797000885009766;45.797000885009766;18
2024-11-05 16:51:00+01:00;45.784000396728516;45.784000396728516;45.762001037597656;45.762001037597656;45.762001037597656;57
2024-11-05 16:52:00+01:00;45.720001220703125;45.720001220703125;45.720001220703125;45.720001220703125;45.720001220703125;6
2024-11-05 16:53:00+01:00;45.720001220703125;45.720001220703125;45.720001220703125;45.720001220703125;45.720001220703125;103
2024-11-05 16:55:00+01:00;45.709999084472656;45.709999084472656;45.70000076293945;45.70000076293945;45.70000076293945;122
2024-11-05 16:56:00+01:00;45.6870002746582;45.720001220703125;45.6870002746582;45.720001220703125;45.720001220703125;72
2024-11-05 16:57:00+01:00;45.73500061035156;45.74700164794922;45.73500061035156;45.74700164794922;45.74700164794922;52
2024-11-05 16:58:00+01:00;45.74100112915039;45.74100112915039;45.737998962402344;45.737998962402344;45.737998962402344;15
2024-11-05 16:59:00+01:00;45.72999954223633;45.72999954223633;45.72999954223633;45.72999954223633;45.72999954223633;10
2024-11-05 17:00:00+01:00;45.73699951171875;45.73699951171875;45.733001708984375;45.733001708984375;45.733001708984375;33
2024-11-05 17:01:00+01:00;45.691001892089844;45.72600173950195;45.691001892089844;45.72600173950195;45.72600173950195;26
2024-11-05 17:02:00+01:00;45.7130012512207;45.7130012512207;45.7130012512207;45.7130012512207;45.7130012512207;4
2024-11-05 17:03:00+01:00;45.709999084472656;45.72800064086914;45.709999084472656;45.72800064086914;45.72800064086914;27
2024-11-05 17:04:00+01:00;45.724998474121094;45.737998962402344;45.724998474121094;45.737998962402344;45.737998962402344;22
2024-11-05 17:05:00+01:00;45.73699951171875;45.73699951171875;45.709999084472656;45.709999084472656;45.709999084472656;94
2024-11-05 17:06:00+01:00;45.72600173950195;45.73099899291992;45.72600173950195;45.73099899291992;45.73099899291992;47
2024-11-05 17:07:00+01:00;45.737998962402344;45.737998962402344;45.737998962402344;45.737998962402344;45.737998962402344;214
2024-11-05 17:09:00+01:00;45.763999938964844;45.763999938964844;45.763999938964844;45.763999938964844;45.763999938964844;10
2024-11-05 17:12:00+01:00;45.762001037597656;45.762001037597656;45.762001037597656;45.762001037597656;45.762001037597656;20
2024-11-05 17:13:00+01:00;45.74399948120117;45.74399948120117;45.73699951171875;45.73699951171875;45.73699951171875;32
2024-11-05 17:14:00+01:00;45.73400115966797;45.73400115966797;45.73400115966797;45.73400115966797;45.73400115966797;160
2024-11-05 17:15:00+01:00;45.74700164794922;45.74700164794922;45.74700164794922;45.74700164794922;45.74700164794922;18
2024-11-05 17:16:00+01:00;45.744998931884766;45.749000549316406;45.744998931884766;45.74599838256836;45.74599838256836;16
2024-11-05 17:17:00+01:00;45.74300003051758;45.74300003051758;45.74300003051758;45.74300003051758;45.74300003051758;250
2024-11-05 17:18:00+01:00;45.731998443603516;45.731998443603516;45.731998443603516;45.731998443603516;45.731998443603516;8
2024-11-05 17:21:00+01:00;45.736000061035156;45.736000061035156;45.736000061035156;45.736000061035156;45.736000061035156;45
2024-11-05 17:23:00+01:00;45.75199890136719;45.75199890136719;45.736000061035156;45.736000061035156;45.736000061035156;15
2024-11-05 17:24:00+01:00;45.74800109863281;45.74800109863281;45.736000061035156;45.736000061035156;45.736000061035156;13
2024-11-05 17:25:00+01:00;45.75199890136719;45.75199890136719;45.72600173950195;45.72600173950195;45.72600173950195;216
2024-11-05 17:26:00+01:00;45.731998443603516;45.731998443603516;45.731998443603516;45.731998443603516;45.731998443603516;12
2024-11-05 17:27:00+01:00;45.742000579833984;45.742000579833984;45.722999572753906;45.731998443603516;45.731998443603516;196
2024-11-05 17:28:00+01:00;45.73699951171875;45.737998962402344;45.720001220703125;45.736000061035156;45.736000061035156;177
2024-11-05 17:29:00+01:00;45.7400016784668;45.7400016784668;45.7400016784668;45.7400016784668;45.7400016784668;27
