Datetime;Open;High;Low;Close;Adj Close;Volume
2024-09-13 09:04:00+02:00;43.76100158691406;43.76100158691406;43.76100158691406;43.76100158691406;43.76100158691406;0
2024-09-13 09:05:00+02:00;43.77199935913086;43.77199935913086;43.77199935913086;43.77199935913086;43.77199935913086;3
2024-09-13 09:06:00+02:00;43.77899932861328;43.77899932861328;43.77899932861328;43.77899932861328;43.77899932861328;2
2024-09-13 09:11:00+02:00;43.757999420166016;43.757999420166016;43.757999420166016;43.757999420166016;43.757999420166016;2
2024-09-13 09:12:00+02:00;43.79199981689453;43.79199981689453;43.79199981689453;43.79199981689453;43.79199981689453;3
2024-09-13 09:13:00+02:00;43.7859992980957;43.7859992980957;43.77000045776367;43.77899932861328;43.77899932861328;17
2024-09-13 09:15:00+02:00;43.790000915527344;43.790000915527344;43.790000915527344;43.790000915527344;43.790000915527344;3
2024-09-13 09:16:00+02:00;43.790000915527344;43.790000915527344;43.790000915527344;43.790000915527344;43.790000915527344;23
2024-09-13 09:19:00+02:00;43.78799819946289;43.78799819946289;43.78799819946289;43.78799819946289;43.78799819946289;9
2024-09-13 09:20:00+02:00;43.784000396728516;43.784000396728516;43.784000396728516;43.784000396728516;43.784000396728516;11
2024-09-13 09:21:00+02:00;43.779998779296875;43.779998779296875;43.779998779296875;43.779998779296875;43.779998779296875;12
2024-09-13 09:22:00+02:00;43.77799987792969;43.77799987792969;43.76100158691406;43.76100158691406;43.76100158691406;38
2024-09-13 09:24:00+02:00;43.78900146484375;43.78900146484375;43.775001525878906;43.775001525878906;43.775001525878906;2139
2024-09-13 09:28:00+02:00;43.79899978637695;43.79899978637695;43.79899978637695;43.79899978637695;43.79899978637695;91
2024-09-13 09:31:00+02:00;43.779998779296875;43.779998779296875;43.77000045776367;43.77000045776367;43.77000045776367;10
2024-09-13 09:32:00+02:00;43.7599983215332;43.7599983215332;43.7599983215332;43.7599983215332;43.7599983215332;43
2024-09-13 09:34:00+02:00;43.744998931884766;43.744998931884766;43.744998931884766;43.744998931884766;43.744998931884766;18
2024-09-13 09:39:00+02:00;43.770999908447266;43.770999908447266;43.770999908447266;43.770999908447266;43.770999908447266;275
2024-09-13 09:44:00+02:00;43.75;43.75;43.75;43.75;43.75;1
2024-09-13 09:46:00+02:00;43.75600051879883;43.75600051879883;43.75400161743164;43.75400161743164;43.75400161743164;49
2024-09-13 09:47:00+02:00;43.75400161743164;43.75400161743164;43.75400161743164;43.75400161743164;43.75400161743164;3
2024-09-13 09:48:00+02:00;43.74300003051758;43.74300003051758;43.74300003051758;43.74300003051758;43.74300003051758;23
2024-09-13 09:50:00+02:00;43.720001220703125;43.720001220703125;43.720001220703125;43.720001220703125;43.720001220703125;5
2024-09-13 09:53:00+02:00;43.71900177001953;43.71900177001953;43.71900177001953;43.71900177001953;43.71900177001953;5
2024-09-13 09:54:00+02:00;43.70000076293945;43.70000076293945;43.6870002746582;43.6870002746582;43.6870002746582;250
2024-09-13 09:55:00+02:00;43.70399856567383;43.70399856567383;43.70399856567383;43.70399856567383;43.70399856567383;23
2024-09-13 09:57:00+02:00;43.70199966430664;43.70199966430664;43.70199966430664;43.70199966430664;43.70199966430664;14
2024-09-13 09:59:00+02:00;43.698001861572266;43.698001861572266;43.698001861572266;43.698001861572266;43.698001861572266;4
2024-09-13 10:00:00+02:00;43.71200180053711;43.71200180053711;43.70199966430664;43.70199966430664;43.70199966430664;21
2024-09-13 10:01:00+02:00;43.70000076293945;43.70000076293945;43.70000076293945;43.70000076293945;43.70000076293945;20
2024-09-13 10:03:00+02:00;43.68299865722656;43.68299865722656;43.68299865722656;43.68299865722656;43.68299865722656;10
2024-09-13 10:04:00+02:00;43.680999755859375;43.680999755859375;43.680999755859375;43.680999755859375;43.680999755859375;8
2024-09-13 10:07:00+02:00;43.69200134277344;43.69200134277344;43.69200134277344;43.69200134277344;43.69200134277344;17
2024-09-13 10:08:00+02:00;43.70100021362305;43.70100021362305;43.70100021362305;43.70100021362305;43.70100021362305;5
2024-09-13 10:09:00+02:00;43.696998596191406;43.696998596191406;43.696998596191406;43.696998596191406;43.696998596191406;3
2024-09-13 10:20:00+02:00;43.724998474121094;43.724998474121094;43.724998474121094;43.724998474121094;43.724998474121094;149
2024-09-13 10:24:00+02:00;43.72200012207031;43.72200012207031;43.72200012207031;43.72200012207031;43.72200012207031;103
2024-09-13 10:27:00+02:00;43.731998443603516;43.731998443603516;43.731998443603516;43.731998443603516;43.731998443603516;53
2024-09-13 10:28:00+02:00;43.72600173950195;43.72600173950195;43.72600173950195;43.72600173950195;43.72600173950195;101
2024-09-13 10:29:00+02:00;43.72200012207031;43.72200012207031;43.72200012207031;43.72200012207031;43.72200012207031;9
2024-09-13 10:30:00+02:00;43.720001220703125;43.720001220703125;43.70800018310547;43.715999603271484;43.715999603271484;328
2024-09-13 10:31:00+02:00;43.715999603271484;43.72600173950195;43.715999603271484;43.722999572753906;43.722999572753906;117
2024-09-13 10:35:00+02:00;43.70800018310547;43.70800018310547;43.70800018310547;43.70800018310547;43.70800018310547;120
2024-09-13 10:36:00+02:00;43.68299865722656;43.68299865722656;43.68299865722656;43.68299865722656;43.68299865722656;4
2024-09-13 10:39:00+02:00;43.72100067138672;43.72100067138672;43.72100067138672;43.72100067138672;43.72100067138672;20
2024-09-13 10:43:00+02:00;43.731998443603516;43.731998443603516;43.731998443603516;43.731998443603516;43.731998443603516;22
2024-09-13 10:44:00+02:00;43.73099899291992;43.742000579833984;43.73099899291992;43.737998962402344;43.737998962402344;66
2024-09-13 10:45:00+02:00;43.74100112915039;43.74100112915039;43.74100112915039;43.74100112915039;43.74100112915039;5
2024-09-13 10:46:00+02:00;43.749000549316406;43.749000549316406;43.749000549316406;43.749000549316406;43.749000549316406;11
2024-09-13 10:49:00+02:00;43.74599838256836;43.74700164794922;43.74599838256836;43.74700164794922;43.74700164794922;7
2024-09-13 10:50:00+02:00;43.749000549316406;43.749000549316406;43.749000549316406;43.749000549316406;43.749000549316406;6
2024-09-13 10:52:00+02:00;43.733001708984375;43.733001708984375;43.733001708984375;43.733001708984375;43.733001708984375;10
2024-09-13 10:56:00+02:00;43.70600128173828;43.70600128173828;43.70600128173828;43.70600128173828;43.70600128173828;2
2024-09-13 10:57:00+02:00;43.69200134277344;43.69200134277344;43.69200134277344;43.69200134277344;43.69200134277344;3
2024-09-13 11:01:00+02:00;43.715999603271484;43.715999603271484;43.715999603271484;43.715999603271484;43.715999603271484;11
2024-09-13 11:02:00+02:00;43.720001220703125;43.720001220703125;43.720001220703125;43.720001220703125;43.720001220703125;20
2024-09-13 11:04:00+02:00;43.709999084472656;43.709999084472656;43.709999084472656;43.709999084472656;43.709999084472656;2
2024-09-13 11:05:00+02:00;43.709999084472656;43.709999084472656;43.709999084472656;43.709999084472656;43.709999084472656;3
2024-09-13 11:06:00+02:00;43.72700119018555;43.72700119018555;43.72700119018555;43.72700119018555;43.72700119018555;3
2024-09-13 11:07:00+02:00;43.74100112915039;43.74100112915039;43.74100112915039;43.74100112915039;43.74100112915039;11
2024-09-13 11:10:00+02:00;43.749000549316406;43.749000549316406;43.749000549316406;43.749000549316406;43.749000549316406;5
2024-09-13 11:11:00+02:00;43.729000091552734;43.729000091552734;43.729000091552734;43.729000091552734;43.729000091552734;46
2024-09-13 11:13:00+02:00;43.749000549316406;43.749000549316406;43.749000549316406;43.749000549316406;43.749000549316406;12
2024-09-13 11:14:00+02:00;43.75;43.75;43.75;43.75;43.75;20
2024-09-13 11:15:00+02:00;43.75;43.75;43.75;43.75;43.75;4
2024-09-13 11:17:00+02:00;43.736000061035156;43.736000061035156;43.736000061035156;43.736000061035156;43.736000061035156;35
2024-09-13 11:19:00+02:00;43.75;43.75;43.75;43.75;43.75;1
2024-09-13 11:24:00+02:00;43.7400016784668;43.7400016784668;43.7400016784668;43.7400016784668;43.7400016784668;157
2024-09-13 11:25:00+02:00;43.75299835205078;43.75299835205078;43.75299835205078;43.75299835205078;43.75299835205078;7
2024-09-13 11:28:00+02:00;43.73099899291992;43.73099899291992;43.73099899291992;43.73099899291992;43.73099899291992;10
2024-09-13 11:34:00+02:00;43.75;43.75;43.75;43.75;43.75;10
2024-09-13 11:38:00+02:00;43.75;43.75;43.75;43.75;43.75;2
2024-09-13 11:39:00+02:00;43.750999450683594;43.750999450683594;43.750999450683594;43.750999450683594;43.750999450683594;1
2024-09-13 11:40:00+02:00;43.750999450683594;43.750999450683594;43.750999450683594;43.750999450683594;43.750999450683594;2
2024-09-13 11:43:00+02:00;43.74399948120117;43.74399948120117;43.74399948120117;43.74399948120117;43.74399948120117;3
2024-09-13 11:44:00+02:00;43.737998962402344;43.742000579833984;43.72200012207031;43.72200012207031;43.72200012207031;7
2024-09-13 11:45:00+02:00;43.736000061035156;43.736000061035156;43.73400115966797;43.73400115966797;43.73400115966797;5
2024-09-13 11:46:00+02:00;43.731998443603516;43.74300003051758;43.731998443603516;43.74300003051758;43.74300003051758;6
2024-09-13 11:47:00+02:00;43.74100112915039;43.74100112915039;43.74100112915039;43.74100112915039;43.74100112915039;2
2024-09-13 11:48:00+02:00;43.75199890136719;43.75199890136719;43.75199890136719;43.75199890136719;43.75199890136719;4
2024-09-13 11:49:00+02:00;43.7599983215332;43.7599983215332;43.7599983215332;43.7599983215332;43.7599983215332;5
2024-09-13 11:50:00+02:00;43.75299835205078;43.75299835205078;43.73500061035156;43.73500061035156;43.73500061035156;34
2024-09-13 11:51:00+02:00;43.742000579833984;43.742000579833984;43.742000579833984;43.742000579833984;43.742000579833984;2
2024-09-13 11:57:00+02:00;43.755001068115234;43.755001068115234;43.75299835205078;43.75299835205078;43.75299835205078;15
2024-09-13 11:59:00+02:00;43.75899887084961;43.75899887084961;43.75899887084961;43.75899887084961;43.75899887084961;30
2024-09-13 12:02:00+02:00;43.75899887084961;43.75899887084961;43.75899887084961;43.75899887084961;43.75899887084961;80
2024-09-13 12:03:00+02:00;43.75899887084961;43.75899887084961;43.75899887084961;43.75899887084961;43.75899887084961;10
2024-09-13 12:06:00+02:00;43.7599983215332;43.7599983215332;43.7599983215332;43.7599983215332;43.7599983215332;215
2024-09-13 12:07:00+02:00;43.77299880981445;43.77299880981445;43.77299880981445;43.77299880981445;43.77299880981445;15
2024-09-13 12:08:00+02:00;43.770999908447266;43.770999908447266;43.770999908447266;43.770999908447266;43.770999908447266;30
2024-09-13 12:11:00+02:00;43.77000045776367;43.77000045776367;43.77000045776367;43.77000045776367;43.77000045776367;16
2024-09-13 12:12:00+02:00;43.784000396728516;43.784000396728516;43.784000396728516;43.784000396728516;43.784000396728516;11
2024-09-13 12:14:00+02:00;43.763999938964844;43.763999938964844;43.75899887084961;43.75899887084961;43.75899887084961;6900
2024-09-13 12:20:00+02:00;43.75899887084961;43.75899887084961;43.75899887084961;43.75899887084961;43.75899887084961;5
2024-09-13 12:21:00+02:00;43.775001525878906;43.775001525878906;43.77000045776367;43.77000045776367;43.77000045776367;23
2024-09-13 12:22:00+02:00;43.77000045776367;43.77000045776367;43.77000045776367;43.77000045776367;43.77000045776367;2
2024-09-13 12:23:00+02:00;43.768001556396484;43.77299880981445;43.768001556396484;43.770999908447266;43.770999908447266;51
2024-09-13 12:26:00+02:00;43.768001556396484;43.768001556396484;43.768001556396484;43.768001556396484;43.768001556396484;7
2024-09-13 12:27:00+02:00;43.77299880981445;43.77299880981445;43.77299880981445;43.77299880981445;43.77299880981445;2
2024-09-13 12:30:00+02:00;43.76900100708008;43.76900100708008;43.76900100708008;43.76900100708008;43.76900100708008;3
2024-09-13 12:31:00+02:00;43.77000045776367;43.77000045776367;43.77000045776367;43.77000045776367;43.77000045776367;2
2024-09-13 12:33:00+02:00;43.77000045776367;43.77899932861328;43.77000045776367;43.77899932861328;43.77899932861328;110
2024-09-13 12:34:00+02:00;43.784000396728516;43.784000396728516;43.784000396728516;43.784000396728516;43.784000396728516;10
2024-09-13 12:35:00+02:00;43.775001525878906;43.775001525878906;43.775001525878906;43.775001525878906;43.775001525878906;4
2024-09-13 12:36:00+02:00;43.75400161743164;43.75400161743164;43.75400161743164;43.75400161743164;43.75400161743164;25
2024-09-13 12:37:00+02:00;43.7599983215332;43.76100158691406;43.75;43.75899887084961;43.75899887084961;90
2024-09-13 12:38:00+02:00;43.755001068115234;43.755001068115234;43.75199890136719;43.75199890136719;43.75199890136719;29
2024-09-13 12:39:00+02:00;43.750999450683594;43.750999450683594;43.749000549316406;43.749000549316406;43.749000549316406;8
2024-09-13 12:42:00+02:00;43.731998443603516;43.733001708984375;43.731998443603516;43.733001708984375;43.733001708984375;7
2024-09-13 12:43:00+02:00;43.733001708984375;43.733001708984375;43.733001708984375;43.733001708984375;43.733001708984375;39
2024-09-13 12:45:00+02:00;43.736000061035156;43.736000061035156;43.736000061035156;43.736000061035156;43.736000061035156;3
2024-09-13 12:49:00+02:00;43.75299835205078;43.75299835205078;43.75299835205078;43.75299835205078;43.75299835205078;2
2024-09-13 12:54:00+02:00;43.7760009765625;43.7760009765625;43.7760009765625;43.7760009765625;43.7760009765625;4
2024-09-13 12:55:00+02:00;43.78099822998047;43.78099822998047;43.78099822998047;43.78099822998047;43.78099822998047;4
2024-09-13 12:59:00+02:00;43.7599983215332;43.7599983215332;43.7599983215332;43.7599983215332;43.7599983215332;2
2024-09-13 13:01:00+02:00;43.77199935913086;43.77199935913086;43.77199935913086;43.77199935913086;43.77199935913086;200
2024-09-13 13:02:00+02:00;43.74599838256836;43.77199935913086;43.74599838256836;43.77199935913086;43.77199935913086;12
2024-09-13 13:07:00+02:00;43.73899841308594;43.73899841308594;43.73899841308594;43.73899841308594;43.73899841308594;17
2024-09-13 13:08:00+02:00;43.74700164794922;43.74700164794922;43.74700164794922;43.74700164794922;43.74700164794922;2
2024-09-13 13:10:00+02:00;43.750999450683594;43.750999450683594;43.750999450683594;43.750999450683594;43.750999450683594;1
2024-09-13 13:13:00+02:00;43.74800109863281;43.74800109863281;43.74800109863281;43.74800109863281;43.74800109863281;2
2024-09-13 13:20:00+02:00;43.74100112915039;43.74100112915039;43.74100112915039;43.74100112915039;43.74100112915039;20
2024-09-13 13:24:00+02:00;43.770999908447266;43.770999908447266;43.770999908447266;43.770999908447266;43.770999908447266;11
2024-09-13 13:25:00+02:00;43.77399826049805;43.77399826049805;43.77399826049805;43.77399826049805;43.77399826049805;10
2024-09-13 13:28:00+02:00;43.76900100708008;43.76900100708008;43.766998291015625;43.766998291015625;43.766998291015625;44
2024-09-13 13:29:00+02:00;43.77799987792969;43.77799987792969;43.77799987792969;43.77799987792969;43.77799987792969;100
2024-09-13 13:30:00+02:00;43.7760009765625;43.7760009765625;43.7760009765625;43.7760009765625;43.7760009765625;55
2024-09-13 13:31:00+02:00;43.78499984741211;43.78499984741211;43.78499984741211;43.78499984741211;43.78499984741211;2
2024-09-13 13:35:00+02:00;43.77399826049805;43.77399826049805;43.77399826049805;43.77399826049805;43.77399826049805;2
2024-09-13 13:36:00+02:00;43.76499938964844;43.76499938964844;43.75;43.75199890136719;43.75199890136719;6
2024-09-13 13:38:00+02:00;43.75299835205078;43.75299835205078;43.75299835205078;43.75299835205078;43.75299835205078;11
2024-09-13 13:40:00+02:00;43.749000549316406;43.749000549316406;43.74700164794922;43.74700164794922;43.74700164794922;82
2024-09-13 13:41:00+02:00;43.75199890136719;43.75199890136719;43.750999450683594;43.750999450683594;43.750999450683594;110
2024-09-13 13:42:00+02:00;43.763999938964844;43.763999938964844;43.763999938964844;43.763999938964844;43.763999938964844;2
2024-09-13 13:47:00+02:00;43.775001525878906;43.775001525878906;43.775001525878906;43.775001525878906;43.775001525878906;11
2024-09-13 13:51:00+02:00;43.78900146484375;43.78900146484375;43.78900146484375;43.78900146484375;43.78900146484375;2
2024-09-13 13:57:00+02:00;43.777000427246094;43.777000427246094;43.777000427246094;43.777000427246094;43.777000427246094;11
2024-09-13 13:58:00+02:00;43.77799987792969;43.77799987792969;43.77799987792969;43.77799987792969;43.77799987792969;6
2024-09-13 14:00:00+02:00;43.78499984741211;43.78499984741211;43.78499984741211;43.78499984741211;43.78499984741211;68
2024-09-13 14:02:00+02:00;43.79399871826172;43.79399871826172;43.79399871826172;43.79399871826172;43.79399871826172;50
2024-09-13 14:03:00+02:00;43.79499816894531;43.79499816894531;43.79499816894531;43.79499816894531;43.79499816894531;9
2024-09-13 14:04:00+02:00;43.797000885009766;43.797000885009766;43.797000885009766;43.797000885009766;43.797000885009766;5
2024-09-13 14:06:00+02:00;43.79899978637695;43.79899978637695;43.79899978637695;43.79899978637695;43.79899978637695;14
2024-09-13 14:08:00+02:00;43.792999267578125;43.792999267578125;43.792999267578125;43.792999267578125;43.792999267578125;11
2024-09-13 14:09:00+02:00;43.790000915527344;43.790000915527344;43.7859992980957;43.7869987487793;43.7869987487793;10
2024-09-13 14:10:00+02:00;43.77899932861328;43.77899932861328;43.77899932861328;43.77899932861328;43.77899932861328;23
2024-09-13 14:11:00+02:00;43.78200149536133;43.78200149536133;43.78200149536133;43.78200149536133;43.78200149536133;5
2024-09-13 14:12:00+02:00;43.762001037597656;43.7760009765625;43.762001037597656;43.7760009765625;43.7760009765625;253
2024-09-13 14:13:00+02:00;43.768001556396484;43.768001556396484;43.768001556396484;43.768001556396484;43.768001556396484;10
2024-09-13 14:14:00+02:00;43.77000045776367;43.77000045776367;43.77000045776367;43.77000045776367;43.77000045776367;11
2024-09-13 14:16:00+02:00;43.77899932861328;43.77899932861328;43.77899932861328;43.77899932861328;43.77899932861328;2
2024-09-13 14:19:00+02:00;43.78799819946289;43.78799819946289;43.78799819946289;43.78799819946289;43.78799819946289;1
2024-09-13 14:20:00+02:00;43.779998779296875;43.779998779296875;43.77899932861328;43.77899932861328;43.77899932861328;17
2024-09-13 14:21:00+02:00;43.779998779296875;43.779998779296875;43.779998779296875;43.779998779296875;43.779998779296875;2
2024-09-13 14:24:00+02:00;43.77399826049805;43.77399826049805;43.77399826049805;43.77399826049805;43.77399826049805;13
2024-09-13 14:33:00+02:00;43.7859992980957;43.7859992980957;43.7859992980957;43.7859992980957;43.7859992980957;4
2024-09-13 14:39:00+02:00;43.7599983215332;43.7599983215332;43.7599983215332;43.7599983215332;43.7599983215332;1
2024-09-13 14:40:00+02:00;43.74100112915039;43.74100112915039;43.74100112915039;43.74100112915039;43.74100112915039;9
2024-09-13 14:41:00+02:00;43.73400115966797;43.73400115966797;43.73400115966797;43.73400115966797;43.73400115966797;300
2024-09-13 14:42:00+02:00;43.733001708984375;43.733001708984375;43.72999954223633;43.72999954223633;43.72999954223633;26
2024-09-13 14:43:00+02:00;43.72800064086914;43.73699951171875;43.72800064086914;43.73699951171875;43.73699951171875;9
2024-09-13 14:51:00+02:00;43.763999938964844;43.763999938964844;43.763999938964844;43.763999938964844;43.763999938964844;10
2024-09-13 14:54:00+02:00;43.766998291015625;43.766998291015625;43.766998291015625;43.766998291015625;43.766998291015625;200
2024-09-13 14:57:00+02:00;43.7599983215332;43.7599983215332;43.7599983215332;43.7599983215332;43.7599983215332;3
2024-09-13 14:58:00+02:00;43.76499938964844;43.76499938964844;43.76499938964844;43.76499938964844;43.76499938964844;15
2024-09-13 15:00:00+02:00;43.74599838256836;43.74599838256836;43.74399948120117;43.74399948120117;43.74399948120117;4
2024-09-13 15:01:00+02:00;43.75199890136719;43.75199890136719;43.75199890136719;43.75199890136719;43.75199890136719;100
2024-09-13 15:03:00+02:00;43.73899841308594;43.73899841308594;43.73899841308594;43.73899841308594;43.73899841308594;3
2024-09-13 15:04:00+02:00;43.74399948120117;43.74399948120117;43.74399948120117;43.74399948120117;43.74399948120117;2
2024-09-13 15:09:00+02:00;43.744998931884766;43.744998931884766;43.744998931884766;43.744998931884766;43.744998931884766;3
2024-09-13 15:11:00+02:00;43.72700119018555;43.72700119018555;43.72700119018555;43.72700119018555;43.72700119018555;2
2024-09-13 15:12:00+02:00;43.709999084472656;43.72100067138672;43.709999084472656;43.72100067138672;43.72100067138672;5
2024-09-13 15:15:00+02:00;43.72999954223633;43.73400115966797;43.72100067138672;43.73099899291992;43.73099899291992;1557
2024-09-13 15:17:00+02:00;43.73400115966797;43.73400115966797;43.73400115966797;43.73400115966797;43.73400115966797;7
2024-09-13 15:19:00+02:00;43.731998443603516;43.73500061035156;43.731998443603516;43.73500061035156;43.73500061035156;13
2024-09-13 15:20:00+02:00;43.731998443603516;43.731998443603516;43.731998443603516;43.731998443603516;43.731998443603516;10
2024-09-13 15:21:00+02:00;43.72700119018555;43.72700119018555;43.72700119018555;43.72700119018555;43.72700119018555;25
2024-09-13 15:22:00+02:00;43.72999954223633;43.72999954223633;43.72999954223633;43.72999954223633;43.72999954223633;123
2024-09-13 15:23:00+02:00;43.72700119018555;43.72700119018555;43.72700119018555;43.72700119018555;43.72700119018555;10
2024-09-13 15:28:00+02:00;43.75;43.75;43.75;43.75;43.75;5
2024-09-13 15:29:00+02:00;43.72999954223633;43.72999954223633;43.70000076293945;43.70000076293945;43.70000076293945;120
2024-09-13 15:30:00+02:00;43.689998626708984;43.689998626708984;43.689998626708984;43.689998626708984;43.689998626708984;53
2024-09-13 15:32:00+02:00;43.731998443603516;43.731998443603516;43.731998443603516;43.731998443603516;43.731998443603516;5
2024-09-13 15:33:00+02:00;43.757999420166016;43.757999420166016;43.757999420166016;43.757999420166016;43.757999420166016;5
2024-09-13 15:34:00+02:00;43.76100158691406;43.76100158691406;43.76100158691406;43.76100158691406;43.76100158691406;3
2024-09-13 15:35:00+02:00;43.7760009765625;43.7760009765625;43.757999420166016;43.757999420166016;43.757999420166016;127
2024-09-13 15:36:00+02:00;43.76900100708008;43.76900100708008;43.76900100708008;43.76900100708008;43.76900100708008;50
2024-09-13 15:39:00+02:00;43.7760009765625;43.7760009765625;43.7760009765625;43.7760009765625;43.7760009765625;2
2024-09-13 15:43:00+02:00;43.77000045776367;43.77000045776367;43.77000045776367;43.77000045776367;43.77000045776367;225
2024-09-13 15:46:00+02:00;43.80699920654297;43.80699920654297;43.80699920654297;43.80699920654297;43.80699920654297;3
2024-09-13 15:49:00+02:00;43.840999603271484;43.840999603271484;43.834999084472656;43.834999084472656;43.834999084472656;347
2024-09-13 15:50:00+02:00;43.810001373291016;43.810001373291016;43.810001373291016;43.810001373291016;43.810001373291016;2721
2024-09-13 15:52:00+02:00;43.83700180053711;43.83700180053711;43.83700180053711;43.83700180053711;43.83700180053711;3
2024-09-13 15:55:00+02:00;43.80699920654297;43.82400131225586;43.7869987487793;43.82400131225586;43.82400131225586;137
2024-09-13 15:56:00+02:00;43.81700134277344;43.81700134277344;43.79100036621094;43.79100036621094;43.79100036621094;14
2024-09-13 15:57:00+02:00;43.80699920654297;43.80699920654297;43.80699920654297;43.80699920654297;43.80699920654297;3
2024-09-13 15:59:00+02:00;43.805999755859375;43.805999755859375;43.805999755859375;43.805999755859375;43.805999755859375;5
2024-09-13 16:00:00+02:00;43.79999923706055;43.79999923706055;43.779998779296875;43.779998779296875;43.779998779296875;15
2024-09-13 16:02:00+02:00;43.8129997253418;43.8129997253418;43.77399826049805;43.77399826049805;43.77399826049805;30
2024-09-13 16:03:00+02:00;43.77799987792969;43.77799987792969;43.77799987792969;43.77799987792969;43.77799987792969;47
2024-09-13 16:04:00+02:00;43.810001373291016;43.810001373291016;43.810001373291016;43.810001373291016;43.810001373291016;3
2024-09-13 16:05:00+02:00;43.79999923706055;43.81800079345703;43.79999923706055;43.80500030517578;43.80500030517578;9
2024-09-13 16:06:00+02:00;43.78499984741211;43.8120002746582;43.78499984741211;43.8120002746582;43.8120002746582;12
2024-09-13 16:07:00+02:00;43.79600143432617;43.81700134277344;43.79600143432617;43.81700134277344;43.81700134277344;1619
2024-09-13 16:09:00+02:00;43.808998107910156;43.808998107910156;43.808998107910156;43.808998107910156;43.808998107910156;12
2024-09-13 16:10:00+02:00;43.834999084472656;43.834999084472656;43.8120002746582;43.81999969482422;43.81999969482422;108
2024-09-13 16:11:00+02:00;43.8120002746582;43.8120002746582;43.8120002746582;43.8120002746582;43.8120002746582;10
2024-09-13 16:12:00+02:00;43.849998474121094;43.88800048828125;43.849998474121094;43.88199996948242;43.88199996948242;16
2024-09-13 16:13:00+02:00;43.834999084472656;43.834999084472656;43.834999084472656;43.834999084472656;43.834999084472656;68
2024-09-13 16:15:00+02:00;43.83599853515625;43.83599853515625;43.83599853515625;43.83599853515625;43.83599853515625;1567
2024-09-13 16:18:00+02:00;43.87900161743164;43.87900161743164;43.87900161743164;43.87900161743164;43.87900161743164;11
2024-09-13 16:19:00+02:00;43.847999572753906;43.847999572753906;43.847999572753906;43.847999572753906;43.847999572753906;10
2024-09-13 16:20:00+02:00;43.86600112915039;43.887001037597656;43.86600112915039;43.86600112915039;43.86600112915039;103
2024-09-13 16:21:00+02:00;43.888999938964844;43.888999938964844;43.888999938964844;43.888999938964844;43.888999938964844;6
2024-09-13 16:22:00+02:00;43.887001037597656;43.887001037597656;43.887001037597656;43.887001037597656;43.887001037597656;3
2024-09-13 16:23:00+02:00;43.87799835205078;43.87799835205078;43.87799835205078;43.87799835205078;43.87799835205078;3
2024-09-13 16:24:00+02:00;43.9109992980957;43.9109992980957;43.9109992980957;43.9109992980957;43.9109992980957;22
2024-09-13 16:25:00+02:00;43.89899826049805;43.91899871826172;43.89899826049805;43.91899871826172;43.91899871826172;12
2024-09-13 16:27:00+02:00;43.869998931884766;43.869998931884766;43.84000015258789;43.84000015258789;43.84000015258789;25
2024-09-13 16:28:00+02:00;43.83700180053711;43.83700180053711;43.83700180053711;43.83700180053711;43.83700180053711;45
2024-09-13 16:29:00+02:00;43.83700180053711;43.840999603271484;43.83700180053711;43.840999603271484;43.840999603271484;26
2024-09-13 16:30:00+02:00;43.81100082397461;43.81100082397461;43.78499984741211;43.78499984741211;43.78499984741211;41
2024-09-13 16:32:00+02:00;43.82099914550781;43.82099914550781;43.82099914550781;43.82099914550781;43.82099914550781;2
2024-09-13 16:33:00+02:00;43.78799819946289;43.80500030517578;43.78799819946289;43.80500030517578;43.80500030517578;563
2024-09-13 16:34:00+02:00;43.814998626708984;43.821998596191406;43.814998626708984;43.821998596191406;43.821998596191406;472
2024-09-13 16:35:00+02:00;43.81700134277344;43.82600021362305;43.784000396728516;43.784000396728516;43.784000396728516;834
2024-09-13 16:36:00+02:00;43.85100173950195;43.85100173950195;43.85100173950195;43.85100173950195;43.85100173950195;11
2024-09-13 16:38:00+02:00;43.856998443603516;43.856998443603516;43.856998443603516;43.856998443603516;43.856998443603516;10
2024-09-13 16:39:00+02:00;43.845001220703125;43.845001220703125;43.845001220703125;43.845001220703125;43.845001220703125;1
2024-09-13 16:40:00+02:00;43.86000061035156;43.88999938964844;43.86000061035156;43.88999938964844;43.88999938964844;14
2024-09-13 16:42:00+02:00;43.87099838256836;43.87099838256836;43.87099838256836;43.87099838256836;43.87099838256836;10
2024-09-13 16:44:00+02:00;43.91299819946289;43.92300033569336;43.91299819946289;43.92300033569336;43.92300033569336;13
2024-09-13 16:46:00+02:00;43.91400146484375;43.91400146484375;43.91400146484375;43.91400146484375;43.91400146484375;10
2024-09-13 16:47:00+02:00;43.93299865722656;43.93299865722656;43.91299819946289;43.91299819946289;43.91299819946289;31
2024-09-13 16:48:00+02:00;43.900001525878906;43.92499923706055;43.900001525878906;43.92499923706055;43.92499923706055;82
2024-09-13 16:53:00+02:00;43.87699890136719;43.900001525878906;43.87699890136719;43.900001525878906;43.900001525878906;6
2024-09-13 16:54:00+02:00;43.875;43.875;43.875;43.875;43.875;11
2024-09-13 16:55:00+02:00;43.91899871826172;43.91899871826172;43.91899871826172;43.91899871826172;43.91899871826172;3
2024-09-13 16:56:00+02:00;43.89500045776367;43.89500045776367;43.89500045776367;43.89500045776367;43.89500045776367;11
2024-09-13 16:57:00+02:00;43.89500045776367;43.89500045776367;43.89500045776367;43.89500045776367;43.89500045776367;85
2024-09-13 16:59:00+02:00;43.88600158691406;43.88600158691406;43.8849983215332;43.8849983215332;43.8849983215332;13
2024-09-13 17:00:00+02:00;43.89400100708008;43.89400100708008;43.89400100708008;43.89400100708008;43.89400100708008;100
2024-09-13 17:02:00+02:00;43.86600112915039;43.86600112915039;43.86600112915039;43.86600112915039;43.86600112915039;34
2024-09-13 17:06:00+02:00;43.88100051879883;43.9109992980957;43.88100051879883;43.9109992980957;43.9109992980957;13
2024-09-13 17:07:00+02:00;43.893001556396484;43.893001556396484;43.893001556396484;43.893001556396484;43.893001556396484;3
2024-09-13 17:08:00+02:00;43.91400146484375;43.91400146484375;43.90700149536133;43.90700149536133;43.90700149536133;253
2024-09-13 17:09:00+02:00;43.87300109863281;43.87300109863281;43.87300109863281;43.87300109863281;43.87300109863281;25
2024-09-13 17:10:00+02:00;43.891998291015625;43.891998291015625;43.891998291015625;43.891998291015625;43.891998291015625;100
2024-09-13 17:11:00+02:00;43.9010009765625;43.9010009765625;43.9010009765625;43.9010009765625;43.9010009765625;400
2024-09-13 17:13:00+02:00;43.91999816894531;43.91999816894531;43.89400100708008;43.89400100708008;43.89400100708008;24
2024-09-13 17:15:00+02:00;43.893001556396484;43.893001556396484;43.893001556396484;43.893001556396484;43.893001556396484;308
2024-09-13 17:16:00+02:00;43.904998779296875;43.9109992980957;43.904998779296875;43.9109992980957;43.9109992980957;5
2024-09-13 17:18:00+02:00;43.900001525878906;43.900001525878906;43.900001525878906;43.900001525878906;43.900001525878906;20
2024-09-13 17:19:00+02:00;43.9010009765625;43.9010009765625;43.89899826049805;43.89899826049805;43.89899826049805;10
2024-09-13 17:20:00+02:00;43.90399932861328;43.90399932861328;43.90399932861328;43.90399932861328;43.90399932861328;2
2024-09-13 17:21:00+02:00;43.90700149536133;43.90700149536133;43.90700149536133;43.90700149536133;43.90700149536133;135
2024-09-13 17:24:00+02:00;43.91400146484375;43.91400146484375;43.91400146484375;43.91400146484375;43.91400146484375;9
2024-09-13 17:26:00+02:00;43.891998291015625;43.891998291015625;43.891998291015625;43.891998291015625;43.891998291015625;867
2024-09-13 17:29:00+02:00;43.90700149536133;43.90700149536133;43.90700149536133;43.90700149536133;43.90700149536133;1133
