Datetime;Open;High;Low;Close;Adj Close;Volume
2024-10-28 09:04:00+01:00;46.79800033569336;46.79800033569336;46.79800033569336;46.79800033569336;46.79800033569336;0
2024-10-28 09:06:00+01:00;46.79899978637695;46.79899978637695;46.79899978637695;46.79899978637695;46.79899978637695;10
2024-10-28 09:07:00+01:00;46.790000915527344;46.79899978637695;46.77799987792969;46.77799987792969;46.77799987792969;359
2024-10-28 09:08:00+01:00;46.78799819946289;46.79100036621094;46.7599983215332;46.77000045776367;46.77000045776367;460
2024-10-28 09:10:00+01:00;46.7760009765625;46.78499984741211;46.7599983215332;46.78499984741211;46.78499984741211;51
2024-10-28 09:11:00+01:00;46.763999938964844;46.763999938964844;46.75899887084961;46.75899887084961;46.75899887084961;46
2024-10-28 09:12:00+01:00;46.76499938964844;46.76499938964844;46.76499938964844;46.76499938964844;46.76499938964844;1
2024-10-28 09:13:00+01:00;46.777000427246094;46.777000427246094;46.777000427246094;46.777000427246094;46.777000427246094;13
2024-10-28 09:15:00+01:00;46.77899932861328;46.77899932861328;46.77899932861328;46.77899932861328;46.77899932861328;1
2024-10-28 09:16:00+01:00;46.77899932861328;46.77899932861328;46.77899932861328;46.77899932861328;46.77899932861328;42
2024-10-28 09:17:00+01:00;46.7859992980957;46.78799819946289;46.7859992980957;46.78799819946289;46.78799819946289;132
2024-10-28 09:18:00+01:00;46.779998779296875;46.779998779296875;46.779998779296875;46.779998779296875;46.779998779296875;37
2024-10-28 09:19:00+01:00;46.78499984741211;46.78499984741211;46.78499984741211;46.78499984741211;46.78499984741211;11
2024-10-28 09:20:00+01:00;46.779998779296875;46.779998779296875;46.766998291015625;46.766998291015625;46.766998291015625;9
2024-10-28 09:21:00+01:00;46.766998291015625;46.766998291015625;46.766998291015625;46.766998291015625;46.766998291015625;3
2024-10-28 09:23:00+01:00;46.766998291015625;46.766998291015625;46.766998291015625;46.766998291015625;46.766998291015625;3
2024-10-28 09:24:00+01:00;46.75;46.75;46.749000549316406;46.749000549316406;46.749000549316406;518
2024-10-28 09:25:00+01:00;46.76300048828125;46.76300048828125;46.76300048828125;46.76300048828125;46.76300048828125;1
2024-10-28 09:26:00+01:00;46.7400016784668;46.7400016784668;46.7400016784668;46.7400016784668;46.7400016784668;12
2024-10-28 09:27:00+01:00;46.76499938964844;46.76499938964844;46.76499938964844;46.76499938964844;46.76499938964844;2
2024-10-28 09:28:00+01:00;46.76599884033203;46.770999908447266;46.7599983215332;46.7599983215332;46.7599983215332;29
2024-10-28 09:29:00+01:00;46.77000045776367;46.77000045776367;46.77000045776367;46.77000045776367;46.77000045776367;88
2024-10-28 09:30:00+01:00;46.779998779296875;46.779998779296875;46.779998779296875;46.779998779296875;46.779998779296875;3
2024-10-28 09:32:00+01:00;46.779998779296875;46.78499984741211;46.77199935913086;46.78499984741211;46.78499984741211;18
2024-10-28 09:33:00+01:00;46.779998779296875;46.779998779296875;46.779998779296875;46.779998779296875;46.779998779296875;8
2024-10-28 09:34:00+01:00;46.779998779296875;46.7869987487793;46.779998779296875;46.779998779296875;46.779998779296875;168
2024-10-28 09:36:00+01:00;46.79800033569336;46.79999923706055;46.79800033569336;46.79999923706055;46.79999923706055;22
2024-10-28 09:37:00+01:00;46.810001373291016;46.83000183105469;46.810001373291016;46.83000183105469;46.83000183105469;250
2024-10-28 09:38:00+01:00;46.83100128173828;46.83100128173828;46.83100128173828;46.83100128173828;46.83100128173828;5
2024-10-28 09:42:00+01:00;46.803001403808594;46.819000244140625;46.803001403808594;46.819000244140625;46.819000244140625;32
2024-10-28 09:44:00+01:00;46.81399917602539;46.81399917602539;46.81399917602539;46.81399917602539;46.81399917602539;10
2024-10-28 09:45:00+01:00;46.816001892089844;46.816001892089844;46.816001892089844;46.816001892089844;46.816001892089844;10
2024-10-28 09:46:00+01:00;46.79999923706055;46.79999923706055;46.79999923706055;46.79999923706055;46.79999923706055;114
2024-10-28 09:47:00+01:00;46.81100082397461;46.81100082397461;46.808998107910156;46.808998107910156;46.808998107910156;354
2024-10-28 09:50:00+01:00;46.803001403808594;46.803001403808594;46.801998138427734;46.801998138427734;46.801998138427734;50
2024-10-28 09:52:00+01:00;46.803001403808594;46.803001403808594;46.790000915527344;46.797000885009766;46.797000885009766;17
2024-10-28 09:53:00+01:00;46.775001525878906;46.775001525878906;46.775001525878906;46.775001525878906;46.775001525878906;1000
2024-10-28 09:54:00+01:00;46.7760009765625;46.7760009765625;46.7760009765625;46.7760009765625;46.7760009765625;220
2024-10-28 09:57:00+01:00;46.77299880981445;46.77399826049805;46.77299880981445;46.77399826049805;46.77399826049805;155
2024-10-28 09:58:00+01:00;46.77799987792969;46.77799987792969;46.77799987792969;46.77799987792969;46.77799987792969;3
2024-10-28 10:00:00+01:00;46.77899932861328;46.779998779296875;46.77899932861328;46.779998779296875;46.779998779296875;6
2024-10-28 10:01:00+01:00;46.792999267578125;46.792999267578125;46.792999267578125;46.792999267578125;46.792999267578125;2
2024-10-28 10:03:00+01:00;46.79199981689453;46.79199981689453;46.79199981689453;46.79199981689453;46.79199981689453;3
2024-10-28 10:05:00+01:00;46.78300094604492;46.78300094604492;46.78300094604492;46.78300094604492;46.78300094604492;168
2024-10-28 10:06:00+01:00;46.779998779296875;46.779998779296875;46.77000045776367;46.77000045776367;46.77000045776367;7
2024-10-28 10:07:00+01:00;46.775001525878906;46.775001525878906;46.775001525878906;46.775001525878906;46.775001525878906;4
2024-10-28 10:10:00+01:00;46.79199981689453;46.79199981689453;46.79199981689453;46.79199981689453;46.79199981689453;1
2024-10-28 10:12:00+01:00;46.770999908447266;46.770999908447266;46.770999908447266;46.770999908447266;46.770999908447266;34
2024-10-28 10:13:00+01:00;46.7760009765625;46.779998779296875;46.7760009765625;46.779998779296875;46.779998779296875;27
2024-10-28 10:14:00+01:00;46.77799987792969;46.77799987792969;46.77799987792969;46.77799987792969;46.77799987792969;2
2024-10-28 10:15:00+01:00;46.78200149536133;46.78200149536133;46.78200149536133;46.78200149536133;46.78200149536133;4
2024-10-28 10:16:00+01:00;46.7859992980957;46.790000915527344;46.7859992980957;46.790000915527344;46.790000915527344;33
2024-10-28 10:17:00+01:00;46.790000915527344;46.790000915527344;46.78799819946289;46.78799819946289;46.78799819946289;31
2024-10-28 10:18:00+01:00;46.779998779296875;46.78200149536133;46.770999908447266;46.770999908447266;46.770999908447266;133
2024-10-28 10:20:00+01:00;46.78799819946289;46.790000915527344;46.77399826049805;46.790000915527344;46.790000915527344;42
2024-10-28 10:21:00+01:00;46.78799819946289;46.78799819946289;46.78499984741211;46.78499984741211;46.78499984741211;51
2024-10-28 10:22:00+01:00;46.78300094604492;46.78300094604492;46.78300094604492;46.78300094604492;46.78300094604492;23
2024-10-28 10:25:00+01:00;46.78799819946289;46.78799819946289;46.78799819946289;46.78799819946289;46.78799819946289;1
2024-10-28 10:26:00+01:00;46.79800033569336;46.79800033569336;46.79800033569336;46.79800033569336;46.79800033569336;8
2024-10-28 10:27:00+01:00;46.79399871826172;46.79399871826172;46.79399871826172;46.79399871826172;46.79399871826172;10
2024-10-28 10:28:00+01:00;46.79899978637695;46.79899978637695;46.79899978637695;46.79899978637695;46.79899978637695;1
2024-10-28 10:29:00+01:00;46.79600143432617;46.79600143432617;46.79600143432617;46.79600143432617;46.79600143432617;1
2024-10-28 10:30:00+01:00;46.79399871826172;46.79399871826172;46.79399871826172;46.79399871826172;46.79399871826172;7
2024-10-28 10:31:00+01:00;46.79199981689453;46.79199981689453;46.779998779296875;46.784000396728516;46.784000396728516;50
2024-10-28 10:32:00+01:00;46.7760009765625;46.7760009765625;46.7760009765625;46.7760009765625;46.7760009765625;9
2024-10-28 10:33:00+01:00;46.78300094604492;46.78799819946289;46.78300094604492;46.78799819946289;46.78799819946289;9
2024-10-28 10:35:00+01:00;46.79600143432617;46.79600143432617;46.79600143432617;46.79600143432617;46.79600143432617;25
2024-10-28 10:42:00+01:00;46.81700134277344;46.81700134277344;46.81700134277344;46.81700134277344;46.81700134277344;5
2024-10-28 10:43:00+01:00;46.8129997253418;46.8129997253418;46.8129997253418;46.8129997253418;46.8129997253418;2
2024-10-28 10:44:00+01:00;46.8129997253418;46.8129997253418;46.8129997253418;46.8129997253418;46.8129997253418;11
2024-10-28 10:48:00+01:00;46.801998138427734;46.801998138427734;46.801998138427734;46.801998138427734;46.801998138427734;10
2024-10-28 10:49:00+01:00;46.810001373291016;46.810001373291016;46.810001373291016;46.810001373291016;46.810001373291016;1
2024-10-28 10:50:00+01:00;46.814998626708984;46.814998626708984;46.814998626708984;46.814998626708984;46.814998626708984;3
2024-10-28 10:51:00+01:00;46.82600021362305;46.82600021362305;46.82600021362305;46.82600021362305;46.82600021362305;8
2024-10-28 10:52:00+01:00;46.82500076293945;46.82500076293945;46.810001373291016;46.810001373291016;46.810001373291016;280
2024-10-28 10:54:00+01:00;46.79999923706055;46.803001403808594;46.79999923706055;46.803001403808594;46.803001403808594;237
2024-10-28 10:55:00+01:00;46.808998107910156;46.808998107910156;46.808998107910156;46.808998107910156;46.808998107910156;3
2024-10-28 11:00:00+01:00;46.81700134277344;46.81700134277344;46.81700134277344;46.81700134277344;46.81700134277344;15
2024-10-28 11:01:00+01:00;46.816001892089844;46.819000244140625;46.816001892089844;46.819000244140625;46.819000244140625;13
2024-10-28 11:03:00+01:00;46.819000244140625;46.819000244140625;46.819000244140625;46.819000244140625;46.819000244140625;105
2024-10-28 11:04:00+01:00;46.819000244140625;46.819000244140625;46.819000244140625;46.819000244140625;46.819000244140625;5
2024-10-28 11:05:00+01:00;46.80699920654297;46.808998107910156;46.80699920654297;46.808998107910156;46.808998107910156;111
2024-10-28 11:06:00+01:00;46.790000915527344;46.790000915527344;46.78499984741211;46.78499984741211;46.78499984741211;38
2024-10-28 11:07:00+01:00;46.78499984741211;46.78499984741211;46.77000045776367;46.78200149536133;46.78200149536133;26
2024-10-28 11:08:00+01:00;46.78200149536133;46.78200149536133;46.78200149536133;46.78200149536133;46.78200149536133;10
2024-10-28 11:10:00+01:00;46.78900146484375;46.78900146484375;46.78900146484375;46.78900146484375;46.78900146484375;2
2024-10-28 11:11:00+01:00;46.78900146484375;46.79999923706055;46.78900146484375;46.79999923706055;46.79999923706055;6
2024-10-28 11:12:00+01:00;46.78799819946289;46.78799819946289;46.78799819946289;46.78799819946289;46.78799819946289;2
2024-10-28 11:13:00+01:00;46.784000396728516;46.79100036621094;46.784000396728516;46.79100036621094;46.79100036621094;66
2024-10-28 11:16:00+01:00;46.79399871826172;46.79399871826172;46.79199981689453;46.79399871826172;46.79399871826172;71
2024-10-28 11:17:00+01:00;46.79399871826172;46.79399871826172;46.79100036621094;46.792999267578125;46.792999267578125;130
2024-10-28 11:19:00+01:00;46.81399917602539;46.81399917602539;46.81399917602539;46.81399917602539;46.81399917602539;80
2024-10-28 11:21:00+01:00;46.80699920654297;46.80699920654297;46.80099868774414;46.80099868774414;46.80099868774414;12
2024-10-28 11:23:00+01:00;46.808998107910156;46.808998107910156;46.808998107910156;46.808998107910156;46.808998107910156;13
2024-10-28 11:25:00+01:00;46.81399917602539;46.81399917602539;46.81399917602539;46.81399917602539;46.81399917602539;39
2024-10-28 11:26:00+01:00;46.8120002746582;46.8120002746582;46.79999923706055;46.79999923706055;46.79999923706055;130
2024-10-28 11:27:00+01:00;46.79999923706055;46.79999923706055;46.79999923706055;46.79999923706055;46.79999923706055;19
2024-10-28 11:28:00+01:00;46.80799865722656;46.80799865722656;46.80799865722656;46.80799865722656;46.80799865722656;4
2024-10-28 11:29:00+01:00;46.8120002746582;46.8120002746582;46.810001373291016;46.810001373291016;46.810001373291016;46
2024-10-28 11:30:00+01:00;46.8120002746582;46.8120002746582;46.8120002746582;46.8120002746582;46.8120002746582;30
2024-10-28 11:31:00+01:00;46.81399917602539;46.81399917602539;46.81399917602539;46.81399917602539;46.81399917602539;137
2024-10-28 11:32:00+01:00;46.80699920654297;46.80699920654297;46.80699920654297;46.80699920654297;46.80699920654297;8
2024-10-28 11:33:00+01:00;46.80799865722656;46.80799865722656;46.79999923706055;46.79999923706055;46.79999923706055;4
2024-10-28 11:36:00+01:00;46.790000915527344;46.790000915527344;46.78900146484375;46.78900146484375;46.78900146484375;87
2024-10-28 11:38:00+01:00;46.79100036621094;46.79600143432617;46.79100036621094;46.79600143432617;46.79600143432617;19
2024-10-28 11:39:00+01:00;46.79199981689453;46.79199981689453;46.79199981689453;46.79199981689453;46.79199981689453;10
2024-10-28 11:40:00+01:00;46.79199981689453;46.79600143432617;46.79199981689453;46.79600143432617;46.79600143432617;14
2024-10-28 11:42:00+01:00;46.79199981689453;46.79199981689453;46.79199981689453;46.79199981689453;46.79199981689453;14
2024-10-28 11:44:00+01:00;46.7869987487793;46.7869987487793;46.78499984741211;46.78499984741211;46.78499984741211;65
2024-10-28 11:45:00+01:00;46.77199935913086;46.77199935913086;46.77199935913086;46.77199935913086;46.77199935913086;22
2024-10-28 11:48:00+01:00;46.77000045776367;46.77000045776367;46.77000045776367;46.77000045776367;46.77000045776367;25
2024-10-28 11:51:00+01:00;46.790000915527344;46.790000915527344;46.790000915527344;46.790000915527344;46.790000915527344;4
2024-10-28 11:52:00+01:00;46.78799819946289;46.78799819946289;46.7859992980957;46.7859992980957;46.7859992980957;74
2024-10-28 11:53:00+01:00;46.779998779296875;46.779998779296875;46.779998779296875;46.779998779296875;46.779998779296875;43
2024-10-28 11:54:00+01:00;46.78200149536133;46.78200149536133;46.77000045776367;46.77000045776367;46.77000045776367;107
2024-10-28 11:56:00+01:00;46.768001556396484;46.768001556396484;46.755001068115234;46.755001068115234;46.755001068115234;102
2024-10-28 11:57:00+01:00;46.75299835205078;46.75299835205078;46.75;46.75;46.75;35
2024-10-28 12:00:00+01:00;46.7400016784668;46.744998931884766;46.73099899291992;46.73099899291992;46.73099899291992;119
2024-10-28 12:01:00+01:00;46.72200012207031;46.733001708984375;46.72200012207031;46.733001708984375;46.733001708984375;4078
2024-10-28 12:02:00+01:00;46.720001220703125;46.720001220703125;46.720001220703125;46.720001220703125;46.720001220703125;4
2024-10-28 12:04:00+01:00;46.70100021362305;46.7130012512207;46.70100021362305;46.7130012512207;46.7130012512207;24
2024-10-28 12:07:00+01:00;46.7239990234375;46.7239990234375;46.7239990234375;46.7239990234375;46.7239990234375;210
2024-10-28 12:08:00+01:00;46.73699951171875;46.73699951171875;46.73500061035156;46.73500061035156;46.73500061035156;400
2024-10-28 12:10:00+01:00;46.736000061035156;46.736000061035156;46.736000061035156;46.736000061035156;46.736000061035156;10
2024-10-28 12:12:00+01:00;46.736000061035156;46.736000061035156;46.736000061035156;46.736000061035156;46.736000061035156;10
2024-10-28 12:13:00+01:00;46.749000549316406;46.749000549316406;46.749000549316406;46.749000549316406;46.749000549316406;13
2024-10-28 12:14:00+01:00;46.737998962402344;46.737998962402344;46.737998962402344;46.737998962402344;46.737998962402344;50
2024-10-28 12:17:00+01:00;46.75;46.75199890136719;46.75;46.75199890136719;46.75199890136719;8
2024-10-28 12:19:00+01:00;46.74399948120117;46.75199890136719;46.74399948120117;46.75199890136719;46.75199890136719;17
2024-10-28 12:20:00+01:00;46.75299835205078;46.75299835205078;46.737998962402344;46.74399948120117;46.74399948120117;6
2024-10-28 12:21:00+01:00;46.74399948120117;46.74399948120117;46.737998962402344;46.7400016784668;46.7400016784668;320
2024-10-28 12:24:00+01:00;46.736000061035156;46.736000061035156;46.736000061035156;46.736000061035156;46.736000061035156;427
2024-10-28 12:25:00+01:00;46.7400016784668;46.7400016784668;46.7400016784668;46.7400016784668;46.7400016784668;20
2024-10-28 12:26:00+01:00;46.7400016784668;46.7400016784668;46.7400016784668;46.7400016784668;46.7400016784668;12
2024-10-28 12:28:00+01:00;46.736000061035156;46.736000061035156;46.73400115966797;46.73400115966797;46.73400115966797;15
2024-10-28 12:29:00+01:00;46.724998474121094;46.73400115966797;46.72200012207031;46.73400115966797;46.73400115966797;1080
2024-10-28 12:30:00+01:00;46.70899963378906;46.70899963378906;46.70899963378906;46.70899963378906;46.70899963378906;19
2024-10-28 12:32:00+01:00;46.71099853515625;46.71099853515625;46.709999084472656;46.709999084472656;46.709999084472656;94
2024-10-28 12:34:00+01:00;46.709999084472656;46.709999084472656;46.709999084472656;46.709999084472656;46.709999084472656;10
2024-10-28 12:35:00+01:00;46.71200180053711;46.71200180053711;46.71200180053711;46.71200180053711;46.71200180053711;20
2024-10-28 12:36:00+01:00;46.72800064086914;46.72800064086914;46.72800064086914;46.72800064086914;46.72800064086914;4
2024-10-28 12:37:00+01:00;46.73099899291992;46.73099899291992;46.73099899291992;46.73099899291992;46.73099899291992;1
2024-10-28 12:39:00+01:00;46.72700119018555;46.72700119018555;46.72700119018555;46.72700119018555;46.72700119018555;10
2024-10-28 12:42:00+01:00;46.731998443603516;46.731998443603516;46.731998443603516;46.731998443603516;46.731998443603516;2
2024-10-28 12:46:00+01:00;46.7239990234375;46.7239990234375;46.7239990234375;46.7239990234375;46.7239990234375;12
2024-10-28 12:49:00+01:00;46.72700119018555;46.72700119018555;46.72700119018555;46.72700119018555;46.72700119018555;2
2024-10-28 12:50:00+01:00;46.71200180053711;46.71200180053711;46.71200180053711;46.71200180053711;46.71200180053711;10
2024-10-28 12:53:00+01:00;46.7239990234375;46.7239990234375;46.7239990234375;46.7239990234375;46.7239990234375;110
2024-10-28 12:55:00+01:00;46.72200012207031;46.72200012207031;46.72200012207031;46.72200012207031;46.72200012207031;420
2024-10-28 12:56:00+01:00;46.71799850463867;46.71799850463867;46.71799850463867;46.71799850463867;46.71799850463867;3
2024-10-28 12:58:00+01:00;46.70100021362305;46.70800018310547;46.70100021362305;46.70800018310547;46.70800018310547;19
2024-10-28 12:59:00+01:00;46.70000076293945;46.70000076293945;46.689998626708984;46.689998626708984;46.689998626708984;328
2024-10-28 13:00:00+01:00;46.69300079345703;46.69300079345703;46.69300079345703;46.69300079345703;46.69300079345703;9
2024-10-28 13:02:00+01:00;46.67900085449219;46.67900085449219;46.66999816894531;46.66999816894531;46.66999816894531;7
2024-10-28 13:03:00+01:00;46.67300033569336;46.67300033569336;46.65999984741211;46.65999984741211;46.65999984741211;6
2024-10-28 13:04:00+01:00;46.66400146484375;46.66400146484375;46.650001525878906;46.650001525878906;46.650001525878906;30
2024-10-28 13:06:00+01:00;46.64799880981445;46.64799880981445;46.63999938964844;46.63999938964844;46.63999938964844;12
2024-10-28 13:08:00+01:00;46.62799835205078;46.63100051879883;46.62799835205078;46.63100051879883;46.63100051879883;3
2024-10-28 13:10:00+01:00;46.64699935913086;46.64699935913086;46.64699935913086;46.64699935913086;46.64699935913086;21
2024-10-28 13:11:00+01:00;46.638999938964844;46.645999908447266;46.638999938964844;46.645999908447266;46.645999908447266;13
2024-10-28 13:12:00+01:00;46.645999908447266;46.645999908447266;46.645999908447266;46.645999908447266;46.645999908447266;9
2024-10-28 13:13:00+01:00;46.65399932861328;46.65399932861328;46.652000427246094;46.652000427246094;46.652000427246094;11
2024-10-28 13:14:00+01:00;46.64799880981445;46.64799880981445;46.64799880981445;46.64799880981445;46.64799880981445;4
2024-10-28 13:19:00+01:00;46.67300033569336;46.67300033569336;46.67300033569336;46.67300033569336;46.67300033569336;20
2024-10-28 13:21:00+01:00;46.65700149536133;46.659000396728516;46.64899826049805;46.659000396728516;46.659000396728516;70
2024-10-28 13:22:00+01:00;46.65999984741211;46.65999984741211;46.65999984741211;46.65999984741211;46.65999984741211;35
2024-10-28 13:23:00+01:00;46.65700149536133;46.65800094604492;46.65700149536133;46.65800094604492;46.65800094604492;20
2024-10-28 13:24:00+01:00;46.645999908447266;46.645999908447266;46.645999908447266;46.645999908447266;46.645999908447266;3
2024-10-28 13:25:00+01:00;46.659000396728516;46.659000396728516;46.64500045776367;46.64500045776367;46.64500045776367;11
2024-10-28 13:26:00+01:00;46.64899826049805;46.64899826049805;46.64899826049805;46.64899826049805;46.64899826049805;21
2024-10-28 13:27:00+01:00;46.64899826049805;46.64899826049805;46.64899826049805;46.64899826049805;46.64899826049805;150
2024-10-28 13:29:00+01:00;46.650001525878906;46.654998779296875;46.650001525878906;46.654998779296875;46.654998779296875;17
2024-10-28 13:30:00+01:00;46.65599822998047;46.65599822998047;46.65599822998047;46.65599822998047;46.65599822998047;21
2024-10-28 13:32:00+01:00;46.66699981689453;46.66699981689453;46.66699981689453;46.66699981689453;46.66699981689453;41
2024-10-28 13:34:00+01:00;46.69499969482422;46.69499969482422;46.69499969482422;46.69499969482422;46.69499969482422;2
2024-10-28 13:36:00+01:00;46.72100067138672;46.72100067138672;46.72100067138672;46.72100067138672;46.72100067138672;2
2024-10-28 13:37:00+01:00;46.709999084472656;46.709999084472656;46.709999084472656;46.709999084472656;46.709999084472656;110
2024-10-28 13:40:00+01:00;46.737998962402344;46.737998962402344;46.737998962402344;46.737998962402344;46.737998962402344;55
2024-10-28 13:42:00+01:00;46.749000549316406;46.749000549316406;46.749000549316406;46.749000549316406;46.749000549316406;2
2024-10-28 13:45:00+01:00;46.755001068115234;46.755001068115234;46.755001068115234;46.755001068115234;46.755001068115234;3
2024-10-28 13:46:00+01:00;46.757999420166016;46.757999420166016;46.75;46.75;46.75;91
2024-10-28 13:50:00+01:00;46.75600051879883;46.75600051879883;46.75600051879883;46.75600051879883;46.75600051879883;17
2024-10-28 13:52:00+01:00;46.766998291015625;46.766998291015625;46.766998291015625;46.766998291015625;46.766998291015625;3
2024-10-28 13:54:00+01:00;46.75600051879883;46.75600051879883;46.75600051879883;46.75600051879883;46.75600051879883;8
2024-10-28 13:58:00+01:00;46.77399826049805;46.77399826049805;46.77399826049805;46.77399826049805;46.77399826049805;56
2024-10-28 14:01:00+01:00;46.78900146484375;46.78900146484375;46.78900146484375;46.78900146484375;46.78900146484375;10
2024-10-28 14:02:00+01:00;46.7869987487793;46.7869987487793;46.7869987487793;46.7869987487793;46.7869987487793;1
2024-10-28 14:07:00+01:00;46.7599983215332;46.7599983215332;46.7599983215332;46.7599983215332;46.7599983215332;10
2024-10-28 14:08:00+01:00;46.75899887084961;46.75899887084961;46.75899887084961;46.75899887084961;46.75899887084961;9
2024-10-28 14:10:00+01:00;46.768001556396484;46.768001556396484;46.768001556396484;46.768001556396484;46.768001556396484;3
2024-10-28 14:11:00+01:00;46.75;46.75;46.75;46.75;46.75;170
2024-10-28 14:12:00+01:00;46.755001068115234;46.755001068115234;46.755001068115234;46.755001068115234;46.755001068115234;1567
2024-10-28 14:13:00+01:00;46.76100158691406;46.768001556396484;46.76100158691406;46.768001556396484;46.768001556396484;6
2024-10-28 14:15:00+01:00;46.762001037597656;46.762001037597656;46.762001037597656;46.762001037597656;46.762001037597656;5
2024-10-28 14:16:00+01:00;46.78099822998047;46.78099822998047;46.77899932861328;46.77899932861328;46.77899932861328;65
2024-10-28 14:19:00+01:00;46.77199935913086;46.77199935913086;46.77199935913086;46.77199935913086;46.77199935913086;10
2024-10-28 14:20:00+01:00;46.77899932861328;46.77899932861328;46.77899932861328;46.77899932861328;46.77899932861328;1
2024-10-28 14:22:00+01:00;46.766998291015625;46.766998291015625;46.766998291015625;46.766998291015625;46.766998291015625;5
2024-10-28 14:23:00+01:00;46.766998291015625;46.766998291015625;46.766998291015625;46.766998291015625;46.766998291015625;21
2024-10-28 14:24:00+01:00;46.75400161743164;46.75400161743164;46.75400161743164;46.75400161743164;46.75400161743164;2
2024-10-28 14:27:00+01:00;46.77199935913086;46.77199935913086;46.77199935913086;46.77199935913086;46.77199935913086;3
2024-10-28 14:28:00+01:00;46.76900100708008;46.76900100708008;46.75699996948242;46.75699996948242;46.75699996948242;3
2024-10-28 14:29:00+01:00;46.78900146484375;46.78900146484375;46.78900146484375;46.78900146484375;46.78900146484375;3
2024-10-28 14:30:00+01:00;46.75400161743164;46.75400161743164;46.75400161743164;46.75400161743164;46.75400161743164;3
2024-10-28 14:34:00+01:00;46.757999420166016;46.757999420166016;46.757999420166016;46.757999420166016;46.757999420166016;3
2024-10-28 14:37:00+01:00;46.7239990234375;46.7239990234375;46.7239990234375;46.7239990234375;46.7239990234375;371
2024-10-28 14:39:00+01:00;46.71500015258789;46.71500015258789;46.71500015258789;46.71500015258789;46.71500015258789;20
2024-10-28 14:40:00+01:00;46.71699905395508;46.71699905395508;46.71699905395508;46.71699905395508;46.71699905395508;17
2024-10-28 14:41:00+01:00;46.70000076293945;46.70000076293945;46.70000076293945;46.70000076293945;46.70000076293945;5
2024-10-28 14:42:00+01:00;46.70500183105469;46.70899963378906;46.70500183105469;46.70899963378906;46.70899963378906;22
2024-10-28 14:44:00+01:00;46.709999084472656;46.709999084472656;46.709999084472656;46.709999084472656;46.709999084472656;104
2024-10-28 14:45:00+01:00;46.70199966430664;46.7239990234375;46.70199966430664;46.7239990234375;46.7239990234375;19
2024-10-28 14:46:00+01:00;46.698001861572266;46.698001861572266;46.698001861572266;46.698001861572266;46.698001861572266;4
2024-10-28 14:47:00+01:00;46.72700119018555;46.72700119018555;46.72700119018555;46.72700119018555;46.72700119018555;3
2024-10-28 14:48:00+01:00;46.7239990234375;46.7239990234375;46.7239990234375;46.7239990234375;46.7239990234375;2
2024-10-28 14:50:00+01:00;46.707000732421875;46.707000732421875;46.707000732421875;46.707000732421875;46.707000732421875;19
2024-10-28 14:51:00+01:00;46.68000030517578;46.68000030517578;46.68000030517578;46.68000030517578;46.68000030517578;3
2024-10-28 14:52:00+01:00;46.67499923706055;46.678001403808594;46.67499923706055;46.678001403808594;46.678001403808594;20
2024-10-28 14:53:00+01:00;46.65999984741211;46.67399978637695;46.65999984741211;46.67399978637695;46.67399978637695;7
2024-10-28 14:55:00+01:00;46.67900085449219;46.67900085449219;46.67900085449219;46.67900085449219;46.67900085449219;14
2024-10-28 14:59:00+01:00;46.68000030517578;46.68000030517578;46.68000030517578;46.68000030517578;46.68000030517578;10
2024-10-28 15:01:00+01:00;46.702999114990234;46.702999114990234;46.702999114990234;46.702999114990234;46.702999114990234;4
2024-10-28 15:03:00+01:00;46.696998596191406;46.696998596191406;46.69499969482422;46.69599914550781;46.69599914550781;275
2024-10-28 15:05:00+01:00;46.70500183105469;46.70500183105469;46.70500183105469;46.70500183105469;46.70500183105469;2
2024-10-28 15:06:00+01:00;46.70199966430664;46.70199966430664;46.70199966430664;46.70199966430664;46.70199966430664;11
2024-10-28 15:07:00+01:00;46.70399856567383;46.70399856567383;46.70399856567383;46.70399856567383;46.70399856567383;72
2024-10-28 15:08:00+01:00;46.68199920654297;46.68199920654297;46.68199920654297;46.68199920654297;46.68199920654297;1
2024-10-28 15:09:00+01:00;46.72600173950195;46.72800064086914;46.72600173950195;46.72800064086914;46.72800064086914;174
2024-10-28 15:10:00+01:00;46.7239990234375;46.7239990234375;46.720001220703125;46.720001220703125;46.720001220703125;222
2024-10-28 15:11:00+01:00;46.71500015258789;46.71500015258789;46.69599914550781;46.69599914550781;46.69599914550781;93
2024-10-28 15:12:00+01:00;46.715999603271484;46.715999603271484;46.7140007019043;46.7140007019043;46.7140007019043;92
2024-10-28 15:13:00+01:00;46.72100067138672;46.72100067138672;46.72100067138672;46.72100067138672;46.72100067138672;24
2024-10-28 15:14:00+01:00;46.70100021362305;46.70100021362305;46.70000076293945;46.70000076293945;46.70000076293945;4256
2024-10-28 15:15:00+01:00;46.72800064086914;46.72800064086914;46.72800064086914;46.72800064086914;46.72800064086914;207
2024-10-28 15:18:00+01:00;46.71699905395508;46.71699905395508;46.71699905395508;46.71699905395508;46.71699905395508;18
2024-10-28 15:19:00+01:00;46.72200012207031;46.72200012207031;46.72200012207031;46.72200012207031;46.72200012207031;10
2024-10-28 15:20:00+01:00;46.722999572753906;46.722999572753906;46.722999572753906;46.722999572753906;46.722999572753906;27
2024-10-28 15:22:00+01:00;46.7239990234375;46.72800064086914;46.709999084472656;46.72800064086914;46.72800064086914;22
2024-10-28 15:23:00+01:00;46.72999954223633;46.72999954223633;46.72999954223633;46.72999954223633;46.72999954223633;3
2024-10-28 15:24:00+01:00;46.737998962402344;46.737998962402344;46.737998962402344;46.737998962402344;46.737998962402344;7
2024-10-28 15:25:00+01:00;46.709999084472656;46.72700119018555;46.709999084472656;46.72700119018555;46.72700119018555;12
2024-10-28 15:26:00+01:00;46.736000061035156;46.74800109863281;46.736000061035156;46.74800109863281;46.74800109863281;104
2024-10-28 15:29:00+01:00;46.7400016784668;46.7400016784668;46.7400016784668;46.7400016784668;46.7400016784668;29
2024-10-28 15:30:00+01:00;46.72999954223633;46.72999954223633;46.72999954223633;46.72999954223633;46.72999954223633;4
2024-10-28 15:32:00+01:00;46.72999954223633;46.72999954223633;46.69900131225586;46.72700119018555;46.72700119018555;171
2024-10-28 15:33:00+01:00;46.70000076293945;46.7140007019043;46.70000076293945;46.7140007019043;46.7140007019043;92
2024-10-28 15:34:00+01:00;46.689998626708984;46.689998626708984;46.689998626708984;46.689998626708984;46.689998626708984;1
2024-10-28 15:35:00+01:00;46.70000076293945;46.70000076293945;46.70000076293945;46.70000076293945;46.70000076293945;20
2024-10-28 15:36:00+01:00;46.71500015258789;46.715999603271484;46.69599914550781;46.69599914550781;46.69599914550781;77
2024-10-28 15:39:00+01:00;46.7130012512207;46.7130012512207;46.7130012512207;46.7130012512207;46.7130012512207;21
2024-10-28 15:41:00+01:00;46.71200180053711;46.737998962402344;46.71099853515625;46.737998962402344;46.737998962402344;468
2024-10-28 15:43:00+01:00;46.757999420166016;46.757999420166016;46.737998962402344;46.744998931884766;46.744998931884766;24
2024-10-28 15:45:00+01:00;46.75199890136719;46.75199890136719;46.75199890136719;46.75199890136719;46.75199890136719;10
2024-10-28 15:46:00+01:00;46.74800109863281;46.74800109863281;46.73400115966797;46.73400115966797;46.73400115966797;34
2024-10-28 15:48:00+01:00;46.7400016784668;46.7400016784668;46.7400016784668;46.7400016784668;46.7400016784668;5
2024-10-28 15:49:00+01:00;46.73400115966797;46.73400115966797;46.73400115966797;46.73400115966797;46.73400115966797;8
2024-10-28 15:50:00+01:00;46.73500061035156;46.73500061035156;46.73500061035156;46.73500061035156;46.73500061035156;10
2024-10-28 15:51:00+01:00;46.709999084472656;46.72999954223633;46.709999084472656;46.72999954223633;46.72999954223633;6
2024-10-28 15:52:00+01:00;46.73500061035156;46.73500061035156;46.73500061035156;46.73500061035156;46.73500061035156;3
2024-10-28 15:56:00+01:00;46.709999084472656;46.709999084472656;46.709999084472656;46.709999084472656;46.709999084472656;215
2024-10-28 15:58:00+01:00;46.70000076293945;46.70000076293945;46.69599914550781;46.69599914550781;46.69599914550781;143
2024-10-28 15:59:00+01:00;46.7140007019043;46.7140007019043;46.7140007019043;46.7140007019043;46.7140007019043;5
2024-10-28 16:00:00+01:00;46.68000030517578;46.68000030517578;46.68000030517578;46.68000030517578;46.68000030517578;50
2024-10-28 16:02:00+01:00;46.68199920654297;46.68199920654297;46.68199920654297;46.68199920654297;46.68199920654297;1
2024-10-28 16:03:00+01:00;46.65999984741211;46.6879997253418;46.650001525878906;46.6879997253418;46.6879997253418;426
2024-10-28 16:04:00+01:00;46.6870002746582;46.691001892089844;46.6870002746582;46.691001892089844;46.691001892089844;22
2024-10-28 16:05:00+01:00;46.6879997253418;46.6879997253418;46.6879997253418;46.6879997253418;46.6879997253418;6
2024-10-28 16:08:00+01:00;46.67499923706055;46.67499923706055;46.67399978637695;46.67399978637695;46.67399978637695;110
2024-10-28 16:09:00+01:00;46.68000030517578;46.683998107910156;46.67499923706055;46.683998107910156;46.683998107910156;359
2024-10-28 16:12:00+01:00;46.70000076293945;46.70000076293945;46.70000076293945;46.70000076293945;46.70000076293945;250
2024-10-28 16:13:00+01:00;46.7140007019043;46.7140007019043;46.7140007019043;46.7140007019043;46.7140007019043;10
2024-10-28 16:15:00+01:00;46.689998626708984;46.69599914550781;46.689998626708984;46.689998626708984;46.689998626708984;10
2024-10-28 16:17:00+01:00;46.69499969482422;46.69499969482422;46.689998626708984;46.689998626708984;46.689998626708984;12
2024-10-28 16:18:00+01:00;46.696998596191406;46.696998596191406;46.696998596191406;46.696998596191406;46.696998596191406;85
2024-10-28 16:20:00+01:00;46.689998626708984;46.696998596191406;46.689998626708984;46.696998596191406;46.696998596191406;443
2024-10-28 16:25:00+01:00;46.70100021362305;46.70100021362305;46.70100021362305;46.70100021362305;46.70100021362305;21
2024-10-28 16:26:00+01:00;46.689998626708984;46.689998626708984;46.689998626708984;46.689998626708984;46.689998626708984;10
2024-10-28 16:28:00+01:00;46.694000244140625;46.694000244140625;46.694000244140625;46.694000244140625;46.694000244140625;63
2024-10-28 16:30:00+01:00;46.70000076293945;46.70000076293945;46.70000076293945;46.70000076293945;46.70000076293945;20
2024-10-28 16:31:00+01:00;46.689998626708984;46.689998626708984;46.685001373291016;46.685001373291016;46.685001373291016;9
2024-10-28 16:32:00+01:00;46.685001373291016;46.685001373291016;46.685001373291016;46.685001373291016;46.685001373291016;8
2024-10-28 16:34:00+01:00;46.691001892089844;46.691001892089844;46.66899871826172;46.66899871826172;46.66899871826172;26
2024-10-28 16:35:00+01:00;46.650001525878906;46.650001525878906;46.650001525878906;46.650001525878906;46.650001525878906;774
2024-10-28 16:37:00+01:00;46.683998107910156;46.696998596191406;46.683998107910156;46.696998596191406;46.696998596191406;56
2024-10-28 16:39:00+01:00;46.68899917602539;46.68899917602539;46.6870002746582;46.6870002746582;46.6870002746582;20
2024-10-28 16:42:00+01:00;46.67499923706055;46.67499923706055;46.67499923706055;46.67499923706055;46.67499923706055;3
2024-10-28 16:43:00+01:00;46.63999938964844;46.63999938964844;46.63999938964844;46.63999938964844;46.63999938964844;32
2024-10-28 16:44:00+01:00;46.659000396728516;46.659000396728516;46.659000396728516;46.659000396728516;46.659000396728516;11
2024-10-28 16:46:00+01:00;46.650001525878906;46.650001525878906;46.650001525878906;46.650001525878906;46.650001525878906;2
2024-10-28 16:47:00+01:00;46.67900085449219;46.67900085449219;46.67900085449219;46.67900085449219;46.67900085449219;10
2024-10-28 16:48:00+01:00;46.665000915527344;46.667999267578125;46.665000915527344;46.667999267578125;46.667999267578125;12
2024-10-28 16:49:00+01:00;46.678001403808594;46.678001403808594;46.678001403808594;46.678001403808594;46.678001403808594;1
2024-10-28 16:50:00+01:00;46.6870002746582;46.69499969482422;46.67900085449219;46.69499969482422;46.69499969482422;115
2024-10-28 16:51:00+01:00;46.68000030517578;46.68000030517578;46.68000030517578;46.68000030517578;46.68000030517578;10
2024-10-28 16:52:00+01:00;46.67399978637695;46.67499923706055;46.67399978637695;46.67499923706055;46.67499923706055;101
2024-10-28 16:53:00+01:00;46.67900085449219;46.67900085449219;46.67900085449219;46.67900085449219;46.67900085449219;43
2024-10-28 16:57:00+01:00;46.659000396728516;46.659000396728516;46.659000396728516;46.659000396728516;46.659000396728516;501
2024-10-28 16:58:00+01:00;46.63999938964844;46.63999938964844;46.63999938964844;46.63999938964844;46.63999938964844;200
2024-10-28 16:59:00+01:00;46.64699935913086;46.64699935913086;46.64699935913086;46.64699935913086;46.64699935913086;4
2024-10-28 17:00:00+01:00;46.630001068115234;46.638999938964844;46.630001068115234;46.638999938964844;46.638999938964844;14
2024-10-28 17:01:00+01:00;46.641998291015625;46.641998291015625;46.630001068115234;46.630001068115234;46.630001068115234;28
2024-10-28 17:04:00+01:00;46.64500045776367;46.64500045776367;46.64500045776367;46.64500045776367;46.64500045776367;10
2024-10-28 17:07:00+01:00;46.632999420166016;46.632999420166016;46.632999420166016;46.632999420166016;46.632999420166016;58
2024-10-28 17:10:00+01:00;46.64899826049805;46.64899826049805;46.64899826049805;46.64899826049805;46.64899826049805;3
2024-10-28 17:11:00+01:00;46.65800094604492;46.65800094604492;46.65800094604492;46.65800094604492;46.65800094604492;5
2024-10-28 17:12:00+01:00;46.659000396728516;46.659000396728516;46.659000396728516;46.659000396728516;46.659000396728516;3
2024-10-28 17:16:00+01:00;46.65800094604492;46.659000396728516;46.65800094604492;46.659000396728516;46.659000396728516;13
2024-10-28 17:17:00+01:00;46.65800094604492;46.65800094604492;46.652000427246094;46.652000427246094;46.652000427246094;508
2024-10-28 17:18:00+01:00;46.64799880981445;46.64799880981445;46.64799880981445;46.64799880981445;46.64799880981445;500
2024-10-28 17:19:00+01:00;46.65299987792969;46.65999984741211;46.65299987792969;46.65999984741211;46.65999984741211;12
2024-10-28 17:21:00+01:00;46.665000915527344;46.676998138427734;46.665000915527344;46.676998138427734;46.676998138427734;12
2024-10-28 17:27:00+01:00;46.676998138427734;46.676998138427734;46.676998138427734;46.676998138427734;46.676998138427734;5
2024-10-28 17:29:00+01:00;46.68299865722656;46.68299865722656;46.68299865722656;46.68299865722656;46.68299865722656;10
