Datetime;Open;High;Low;Close;Adj Close;Volume
2024-10-24 09:04:00+02:00;46.69599914550781;46.70500183105469;46.69599914550781;46.70500183105469;46.70500183105469;0
2024-10-24 09:06:00+02:00;46.702999114990234;46.702999114990234;46.702999114990234;46.702999114990234;46.702999114990234;30
2024-10-24 09:08:00+02:00;46.72100067138672;46.72100067138672;46.720001220703125;46.720001220703125;46.720001220703125;13
2024-10-24 09:09:00+02:00;46.71900177001953;46.71900177001953;46.71900177001953;46.71900177001953;46.71900177001953;10
2024-10-24 09:11:00+02:00;46.709999084472656;46.709999084472656;46.709999084472656;46.709999084472656;46.709999084472656;3
2024-10-24 09:14:00+02:00;46.70899963378906;46.7239990234375;46.70899963378906;46.7239990234375;46.7239990234375;13
2024-10-24 09:15:00+02:00;46.709999084472656;46.869998931884766;46.709999084472656;46.869998931884766;46.869998931884766;1098
2024-10-24 09:19:00+02:00;46.78099822998047;46.78099822998047;46.78099822998047;46.78099822998047;46.78099822998047;12
2024-10-24 09:21:00+02:00;46.78300094604492;46.78300094604492;46.78099822998047;46.78099822998047;46.78099822998047;335
2024-10-24 09:22:00+02:00;46.77399826049805;46.77399826049805;46.77399826049805;46.77399826049805;46.77399826049805;16
2024-10-24 09:24:00+02:00;46.779998779296875;46.779998779296875;46.77899932861328;46.77899932861328;46.77899932861328;11
2024-10-24 09:25:00+02:00;46.792999267578125;46.79399871826172;46.792999267578125;46.79399871826172;46.79399871826172;38
2024-10-24 09:26:00+02:00;46.78799819946289;46.790000915527344;46.78799819946289;46.790000915527344;46.790000915527344;233
2024-10-24 09:27:00+02:00;46.79600143432617;46.79600143432617;46.79600143432617;46.79600143432617;46.79600143432617;10
2024-10-24 09:28:00+02:00;46.80500030517578;46.80500030517578;46.80500030517578;46.80500030517578;46.80500030517578;6
2024-10-24 09:29:00+02:00;46.80699920654297;46.80699920654297;46.80699920654297;46.80699920654297;46.80699920654297;20
2024-10-24 09:30:00+02:00;46.79199981689453;46.79199981689453;46.75;46.75;46.75;4908
2024-10-24 09:31:00+02:00;46.72700119018555;46.72700119018555;46.72700119018555;46.72700119018555;46.72700119018555;11
2024-10-24 09:32:00+02:00;46.71500015258789;46.71500015258789;46.7130012512207;46.7130012512207;46.7130012512207;1629
2024-10-24 09:33:00+02:00;46.724998474121094;46.724998474121094;46.702999114990234;46.702999114990234;46.702999114990234;13389
2024-10-24 09:35:00+02:00;46.737998962402344;46.737998962402344;46.737998962402344;46.737998962402344;46.737998962402344;10
2024-10-24 09:36:00+02:00;46.75;46.75;46.75;46.75;46.75;30
2024-10-24 09:37:00+02:00;46.72999954223633;46.72999954223633;46.72999954223633;46.72999954223633;46.72999954223633;3
2024-10-24 09:39:00+02:00;46.71900177001953;46.71900177001953;46.71900177001953;46.71900177001953;46.71900177001953;236
2024-10-24 09:40:00+02:00;46.71799850463867;46.71799850463867;46.71799850463867;46.71799850463867;46.71799850463867;3
2024-10-24 09:42:00+02:00;46.70000076293945;46.70000076293945;46.70000076293945;46.70000076293945;46.70000076293945;75
2024-10-24 09:43:00+02:00;46.702999114990234;46.702999114990234;46.70100021362305;46.70100021362305;46.70100021362305;477
2024-10-24 09:44:00+02:00;46.70100021362305;46.70100021362305;46.70100021362305;46.70100021362305;46.70100021362305;25
2024-10-24 09:45:00+02:00;46.707000732421875;46.72100067138672;46.707000732421875;46.72100067138672;46.72100067138672;14
2024-10-24 09:46:00+02:00;46.70899963378906;46.70899963378906;46.70899963378906;46.70899963378906;46.70899963378906;6
2024-10-24 09:47:00+02:00;46.69900131225586;46.69900131225586;46.69900131225586;46.69900131225586;46.69900131225586;3
2024-10-24 09:48:00+02:00;46.709999084472656;46.709999084472656;46.709999084472656;46.709999084472656;46.709999084472656;5
2024-10-24 09:49:00+02:00;46.715999603271484;46.715999603271484;46.715999603271484;46.715999603271484;46.715999603271484;43
2024-10-24 09:52:00+02:00;46.73400115966797;46.73400115966797;46.73400115966797;46.73400115966797;46.73400115966797;14
2024-10-24 09:53:00+02:00;46.73899841308594;46.73899841308594;46.73899841308594;46.73899841308594;46.73899841308594;4
2024-10-24 09:55:00+02:00;46.729000091552734;46.729000091552734;46.72200012207031;46.729000091552734;46.729000091552734;482
2024-10-24 09:57:00+02:00;46.720001220703125;46.720001220703125;46.720001220703125;46.720001220703125;46.720001220703125;94
2024-10-24 09:58:00+02:00;46.7239990234375;46.7239990234375;46.7239990234375;46.7239990234375;46.7239990234375;107
2024-10-24 09:59:00+02:00;46.72700119018555;46.72700119018555;46.72700119018555;46.72700119018555;46.72700119018555;450
2024-10-24 10:00:00+02:00;46.72200012207031;46.72200012207031;46.709999084472656;46.7130012512207;46.7130012512207;466
2024-10-24 10:01:00+02:00;46.70000076293945;46.70000076293945;46.689998626708984;46.689998626708984;46.689998626708984;25
2024-10-24 10:05:00+02:00;46.702999114990234;46.702999114990234;46.702999114990234;46.702999114990234;46.702999114990234;3
2024-10-24 10:07:00+02:00;46.7140007019043;46.7140007019043;46.7140007019043;46.7140007019043;46.7140007019043;10
2024-10-24 10:08:00+02:00;46.72100067138672;46.72100067138672;46.72100067138672;46.72100067138672;46.72100067138672;169
2024-10-24 10:11:00+02:00;46.709999084472656;46.709999084472656;46.709999084472656;46.709999084472656;46.709999084472656;3
2024-10-24 10:14:00+02:00;46.7140007019043;46.720001220703125;46.7140007019043;46.720001220703125;46.720001220703125;1079
2024-10-24 10:15:00+02:00;46.7239990234375;46.7239990234375;46.7239990234375;46.7239990234375;46.7239990234375;6
2024-10-24 10:20:00+02:00;46.72999954223633;46.72999954223633;46.72800064086914;46.72800064086914;46.72800064086914;147
2024-10-24 10:21:00+02:00;46.72800064086914;46.72800064086914;46.72800064086914;46.72800064086914;46.72800064086914;1
2024-10-24 10:22:00+02:00;46.737998962402344;46.737998962402344;46.737998962402344;46.737998962402344;46.737998962402344;9
2024-10-24 10:23:00+02:00;46.74399948120117;46.74399948120117;46.742000579833984;46.742000579833984;46.742000579833984;9
2024-10-24 10:24:00+02:00;46.7400016784668;46.7400016784668;46.7400016784668;46.7400016784668;46.7400016784668;17
2024-10-24 10:25:00+02:00;46.737998962402344;46.737998962402344;46.737998962402344;46.737998962402344;46.737998962402344;4
2024-10-24 10:28:00+02:00;46.72700119018555;46.72700119018555;46.72700119018555;46.72700119018555;46.72700119018555;2
2024-10-24 10:31:00+02:00;46.72800064086914;46.73500061035156;46.72800064086914;46.73400115966797;46.73400115966797;151
2024-10-24 10:33:00+02:00;46.742000579833984;46.742000579833984;46.742000579833984;46.742000579833984;46.742000579833984;21
2024-10-24 10:35:00+02:00;46.73099899291992;46.73099899291992;46.73099899291992;46.73099899291992;46.73099899291992;3
2024-10-24 10:37:00+02:00;46.72100067138672;46.72100067138672;46.72100067138672;46.72100067138672;46.72100067138672;25
2024-10-24 10:38:00+02:00;46.72200012207031;46.72800064086914;46.72200012207031;46.72800064086914;46.72800064086914;17
2024-10-24 10:41:00+02:00;46.70500183105469;46.70500183105469;46.70000076293945;46.70000076293945;46.70000076293945;109
2024-10-24 10:43:00+02:00;46.70000076293945;46.70199966430664;46.70000076293945;46.70000076293945;46.70000076293945;216
2024-10-24 10:46:00+02:00;46.689998626708984;46.689998626708984;46.689998626708984;46.689998626708984;46.689998626708984;3
2024-10-24 10:47:00+02:00;46.67900085449219;46.691001892089844;46.67900085449219;46.691001892089844;46.691001892089844;11
2024-10-24 10:49:00+02:00;46.6870002746582;46.6870002746582;46.6870002746582;46.6870002746582;46.6870002746582;100
2024-10-24 10:50:00+02:00;46.68600082397461;46.68600082397461;46.68600082397461;46.68600082397461;46.68600082397461;7
2024-10-24 10:51:00+02:00;46.6609992980957;46.6609992980957;46.65999984741211;46.65999984741211;46.65999984741211;186
2024-10-24 10:52:00+02:00;46.65599822998047;46.65599822998047;46.650001525878906;46.650001525878906;46.650001525878906;25
2024-10-24 10:54:00+02:00;46.652000427246094;46.652000427246094;46.652000427246094;46.652000427246094;46.652000427246094;80
2024-10-24 10:56:00+02:00;46.66999816894531;46.66999816894531;46.65800094604492;46.66999816894531;46.66999816894531;230
2024-10-24 10:58:00+02:00;46.680999755859375;46.680999755859375;46.680999755859375;46.680999755859375;46.680999755859375;13
2024-10-24 10:59:00+02:00;46.685001373291016;46.685001373291016;46.685001373291016;46.685001373291016;46.685001373291016;10
2024-10-24 11:00:00+02:00;46.691001892089844;46.691001892089844;46.691001892089844;46.691001892089844;46.691001892089844;10
2024-10-24 11:01:00+02:00;46.68899917602539;46.68899917602539;46.685001373291016;46.685001373291016;46.685001373291016;9
2024-10-24 11:03:00+02:00;46.67900085449219;46.67900085449219;46.67900085449219;46.67900085449219;46.67900085449219;10
2024-10-24 11:04:00+02:00;46.67499923706055;46.67499923706055;46.67499923706055;46.67499923706055;46.67499923706055;10
2024-10-24 11:07:00+02:00;46.66699981689453;46.68199920654297;46.66699981689453;46.68199920654297;46.68199920654297;110
2024-10-24 11:08:00+02:00;46.68000030517578;46.68199920654297;46.68000030517578;46.68199920654297;46.68199920654297;102
2024-10-24 11:10:00+02:00;46.68199920654297;46.68199920654297;46.68199920654297;46.68199920654297;46.68199920654297;57
2024-10-24 11:11:00+02:00;46.67599868774414;46.67599868774414;46.67599868774414;46.67599868774414;46.67599868774414;1
2024-10-24 11:15:00+02:00;46.69499969482422;46.69499969482422;46.69499969482422;46.69499969482422;46.69499969482422;32
2024-10-24 11:17:00+02:00;46.720001220703125;46.720001220703125;46.720001220703125;46.720001220703125;46.720001220703125;11
2024-10-24 11:18:00+02:00;46.71799850463867;46.71799850463867;46.71799850463867;46.71799850463867;46.71799850463867;20
2024-10-24 11:23:00+02:00;46.71200180053711;46.71200180053711;46.71200180053711;46.71200180053711;46.71200180053711;52
2024-10-24 11:24:00+02:00;46.709999084472656;46.72200012207031;46.709999084472656;46.72200012207031;46.72200012207031;32
2024-10-24 11:25:00+02:00;46.72100067138672;46.72100067138672;46.715999603271484;46.715999603271484;46.715999603271484;55
2024-10-24 11:26:00+02:00;46.70800018310547;46.70800018310547;46.70000076293945;46.70399856567383;46.70399856567383;30
2024-10-24 11:27:00+02:00;46.70199966430664;46.70199966430664;46.69499969482422;46.70199966430664;46.70199966430664;13
2024-10-24 11:28:00+02:00;46.70000076293945;46.70000076293945;46.68600082397461;46.68600082397461;46.68600082397461;54
2024-10-24 11:29:00+02:00;46.69599914550781;46.69599914550781;46.69599914550781;46.69599914550781;46.69599914550781;12
2024-10-24 11:31:00+02:00;46.67599868774414;46.67599868774414;46.67599868774414;46.67599868774414;46.67599868774414;1
2024-10-24 11:32:00+02:00;46.689998626708984;46.689998626708984;46.689998626708984;46.689998626708984;46.689998626708984;8
2024-10-24 11:33:00+02:00;46.698001861572266;46.698001861572266;46.69599914550781;46.69599914550781;46.69599914550781;32
2024-10-24 11:37:00+02:00;46.696998596191406;46.696998596191406;46.696998596191406;46.696998596191406;46.696998596191406;278
2024-10-24 11:38:00+02:00;46.69599914550781;46.69599914550781;46.683998107910156;46.683998107910156;46.683998107910156;18
2024-10-24 11:42:00+02:00;46.70899963378906;46.70899963378906;46.70899963378906;46.70899963378906;46.70899963378906;32
2024-10-24 11:49:00+02:00;46.70000076293945;46.70000076293945;46.69599914550781;46.69599914550781;46.69599914550781;15
2024-10-24 11:50:00+02:00;46.702999114990234;46.702999114990234;46.702999114990234;46.702999114990234;46.702999114990234;25
2024-10-24 11:52:00+02:00;46.7130012512207;46.7130012512207;46.707000732421875;46.707000732421875;46.707000732421875;515
2024-10-24 11:55:00+02:00;46.70800018310547;46.70800018310547;46.70000076293945;46.70600128173828;46.70600128173828;115
2024-10-24 11:59:00+02:00;46.70399856567383;46.71099853515625;46.70399856567383;46.71099853515625;46.71099853515625;8
2024-10-24 12:01:00+02:00;46.71200180053711;46.71200180053711;46.71200180053711;46.71200180053711;46.71200180053711;4
2024-10-24 12:07:00+02:00;46.70899963378906;46.70899963378906;46.70899963378906;46.70899963378906;46.70899963378906;3
2024-10-24 12:09:00+02:00;46.709999084472656;46.709999084472656;46.709999084472656;46.709999084472656;46.709999084472656;19
2024-10-24 12:10:00+02:00;46.70000076293945;46.70000076293945;46.70000076293945;46.70000076293945;46.70000076293945;10
2024-10-24 12:12:00+02:00;46.69200134277344;46.69200134277344;46.69200134277344;46.69200134277344;46.69200134277344;11
2024-10-24 12:20:00+02:00;46.71900177001953;46.71900177001953;46.71900177001953;46.71900177001953;46.71900177001953;1042
2024-10-24 12:23:00+02:00;46.731998443603516;46.731998443603516;46.731998443603516;46.731998443603516;46.731998443603516;31
2024-10-24 12:24:00+02:00;46.720001220703125;46.722999572753906;46.720001220703125;46.722999572753906;46.722999572753906;21
2024-10-24 12:27:00+02:00;46.709999084472656;46.709999084472656;46.709999084472656;46.709999084472656;46.709999084472656;11
2024-10-24 12:28:00+02:00;46.71900177001953;46.71900177001953;46.71900177001953;46.71900177001953;46.71900177001953;9
2024-10-24 12:30:00+02:00;46.709999084472656;46.709999084472656;46.709999084472656;46.709999084472656;46.709999084472656;98
2024-10-24 12:31:00+02:00;46.709999084472656;46.709999084472656;46.709999084472656;46.709999084472656;46.709999084472656;83
2024-10-24 12:32:00+02:00;46.70000076293945;46.70000076293945;46.70000076293945;46.70000076293945;46.70000076293945;130
2024-10-24 12:34:00+02:00;46.707000732421875;46.70800018310547;46.707000732421875;46.70800018310547;46.70800018310547;1250
2024-10-24 12:36:00+02:00;46.715999603271484;46.715999603271484;46.715999603271484;46.715999603271484;46.715999603271484;10
2024-10-24 12:41:00+02:00;46.715999603271484;46.715999603271484;46.715999603271484;46.715999603271484;46.715999603271484;3
2024-10-24 12:42:00+02:00;46.71799850463867;46.71799850463867;46.71799850463867;46.71799850463867;46.71799850463867;2
2024-10-24 12:44:00+02:00;46.709999084472656;46.709999084472656;46.709999084472656;46.709999084472656;46.709999084472656;177
2024-10-24 12:48:00+02:00;46.70600128173828;46.70600128173828;46.70000076293945;46.70000076293945;46.70000076293945;124
2024-10-24 12:50:00+02:00;46.696998596191406;46.70500183105469;46.696998596191406;46.70500183105469;46.70500183105469;26
2024-10-24 12:54:00+02:00;46.696998596191406;46.696998596191406;46.696998596191406;46.696998596191406;46.696998596191406;56
2024-10-24 12:55:00+02:00;46.691001892089844;46.691001892089844;46.691001892089844;46.691001892089844;46.691001892089844;9
2024-10-24 12:56:00+02:00;46.69499969482422;46.69499969482422;46.69499969482422;46.69499969482422;46.69499969482422;18
2024-10-24 12:58:00+02:00;46.696998596191406;46.696998596191406;46.696998596191406;46.696998596191406;46.696998596191406;107
2024-10-24 13:07:00+02:00;46.69200134277344;46.69200134277344;46.69200134277344;46.69200134277344;46.69200134277344;22
2024-10-24 13:10:00+02:00;46.72800064086914;46.742000579833984;46.72800064086914;46.742000579833984;46.742000579833984;522
2024-10-24 13:12:00+02:00;46.7239990234375;46.7239990234375;46.7239990234375;46.7239990234375;46.7239990234375;5
2024-10-24 13:15:00+02:00;46.72100067138672;46.72100067138672;46.72100067138672;46.72100067138672;46.72100067138672;5
2024-10-24 13:16:00+02:00;46.72700119018555;46.72700119018555;46.72700119018555;46.72700119018555;46.72700119018555;4
2024-10-24 13:17:00+02:00;46.724998474121094;46.724998474121094;46.724998474121094;46.724998474121094;46.724998474121094;10
2024-10-24 13:24:00+02:00;46.733001708984375;46.733001708984375;46.733001708984375;46.733001708984375;46.733001708984375;80
2024-10-24 13:29:00+02:00;46.74399948120117;46.74399948120117;46.74399948120117;46.74399948120117;46.74399948120117;50
2024-10-24 13:31:00+02:00;46.75199890136719;46.75199890136719;46.75;46.75;46.75;5
2024-10-24 13:32:00+02:00;46.75;46.75;46.75;46.75;46.75;7
2024-10-24 13:35:00+02:00;46.737998962402344;46.737998962402344;46.737998962402344;46.737998962402344;46.737998962402344;3
2024-10-24 13:36:00+02:00;46.74100112915039;46.74100112915039;46.74100112915039;46.74100112915039;46.74100112915039;10
2024-10-24 13:37:00+02:00;46.742000579833984;46.742000579833984;46.7400016784668;46.7400016784668;46.7400016784668;154
2024-10-24 13:38:00+02:00;46.742000579833984;46.742000579833984;46.742000579833984;46.742000579833984;46.742000579833984;20
2024-10-24 13:39:00+02:00;46.74800109863281;46.74800109863281;46.74800109863281;46.74800109863281;46.74800109863281;3
2024-10-24 13:42:00+02:00;46.75199890136719;46.75199890136719;46.75199890136719;46.75199890136719;46.75199890136719;11
2024-10-24 13:43:00+02:00;46.75199890136719;46.75199890136719;46.75199890136719;46.75199890136719;46.75199890136719;1
2024-10-24 13:44:00+02:00;46.74599838256836;46.74599838256836;46.74599838256836;46.74599838256836;46.74599838256836;14
2024-10-24 13:45:00+02:00;46.762001037597656;46.762001037597656;46.762001037597656;46.762001037597656;46.762001037597656;11
2024-10-24 13:52:00+02:00;46.77299880981445;46.77299880981445;46.77299880981445;46.77299880981445;46.77299880981445;24
2024-10-24 13:53:00+02:00;46.7599983215332;46.7599983215332;46.7599983215332;46.7599983215332;46.7599983215332;3
2024-10-24 13:54:00+02:00;46.768001556396484;46.768001556396484;46.768001556396484;46.768001556396484;46.768001556396484;40
2024-10-24 13:55:00+02:00;46.7599983215332;46.7599983215332;46.7599983215332;46.7599983215332;46.7599983215332;94
2024-10-24 13:56:00+02:00;46.76599884033203;46.76599884033203;46.76599884033203;46.76599884033203;46.76599884033203;97
2024-10-24 14:00:00+02:00;46.7599983215332;46.7599983215332;46.7599983215332;46.7599983215332;46.7599983215332;1
2024-10-24 14:01:00+02:00;46.757999420166016;46.757999420166016;46.757999420166016;46.757999420166016;46.757999420166016;7
2024-10-24 14:02:00+02:00;46.757999420166016;46.757999420166016;46.757999420166016;46.757999420166016;46.757999420166016;5
2024-10-24 14:03:00+02:00;46.742000579833984;46.75;46.742000579833984;46.75;46.75;32
2024-10-24 14:04:00+02:00;46.74100112915039;46.74100112915039;46.74100112915039;46.74100112915039;46.74100112915039;21
2024-10-24 14:06:00+02:00;46.71799850463867;46.72999954223633;46.71799850463867;46.72999954223633;46.72999954223633;1568
2024-10-24 14:08:00+02:00;46.71200180053711;46.71200180053711;46.71200180053711;46.71200180053711;46.71200180053711;69
2024-10-24 14:09:00+02:00;46.70100021362305;46.70100021362305;46.70100021362305;46.70100021362305;46.70100021362305;9
2024-10-24 14:13:00+02:00;46.71799850463867;46.71799850463867;46.71799850463867;46.71799850463867;46.71799850463867;10
2024-10-24 14:16:00+02:00;46.73099899291992;46.73099899291992;46.73099899291992;46.73099899291992;46.73099899291992;10
2024-10-24 14:18:00+02:00;46.72600173950195;46.72600173950195;46.72600173950195;46.72600173950195;46.72600173950195;4
2024-10-24 14:23:00+02:00;46.72600173950195;46.72700119018555;46.72600173950195;46.72700119018555;46.72700119018555;1419
2024-10-24 14:25:00+02:00;46.72100067138672;46.72100067138672;46.72100067138672;46.72100067138672;46.72100067138672;10
2024-10-24 14:27:00+02:00;46.70100021362305;46.70100021362305;46.70100021362305;46.70100021362305;46.70100021362305;100
2024-10-24 14:28:00+02:00;46.709999084472656;46.709999084472656;46.709999084472656;46.709999084472656;46.709999084472656;7
2024-10-24 14:29:00+02:00;46.709999084472656;46.709999084472656;46.709999084472656;46.709999084472656;46.709999084472656;5
2024-10-24 14:31:00+02:00;46.70000076293945;46.70000076293945;46.68000030517578;46.68000030517578;46.68000030517578;150
2024-10-24 14:32:00+02:00;46.73899841308594;46.73899841308594;46.73899841308594;46.73899841308594;46.73899841308594;130
2024-10-24 14:36:00+02:00;46.744998931884766;46.744998931884766;46.744998931884766;46.744998931884766;46.744998931884766;10
2024-10-24 14:38:00+02:00;46.7599983215332;46.7599983215332;46.7599983215332;46.7599983215332;46.7599983215332;3
2024-10-24 14:41:00+02:00;46.72600173950195;46.72600173950195;46.72600173950195;46.72600173950195;46.72600173950195;100
2024-10-24 14:44:00+02:00;46.74300003051758;46.74300003051758;46.74300003051758;46.74300003051758;46.74300003051758;32
2024-10-24 14:47:00+02:00;46.7400016784668;46.7400016784668;46.7400016784668;46.7400016784668;46.7400016784668;38
2024-10-24 14:48:00+02:00;46.73400115966797;46.73400115966797;46.73400115966797;46.73400115966797;46.73400115966797;21
2024-10-24 14:52:00+02:00;46.72800064086914;46.72800064086914;46.72800064086914;46.72800064086914;46.72800064086914;53
2024-10-24 14:54:00+02:00;46.72200012207031;46.72200012207031;46.72200012207031;46.72200012207031;46.72200012207031;10
2024-10-24 15:00:00+02:00;46.7239990234375;46.7239990234375;46.7239990234375;46.7239990234375;46.7239990234375;3
2024-10-24 15:04:00+02:00;46.724998474121094;46.724998474121094;46.724998474121094;46.724998474121094;46.724998474121094;1
2024-10-24 15:05:00+02:00;46.737998962402344;46.737998962402344;46.737998962402344;46.737998962402344;46.737998962402344;5
2024-10-24 15:08:00+02:00;46.707000732421875;46.707000732421875;46.707000732421875;46.707000732421875;46.707000732421875;11
2024-10-24 15:10:00+02:00;46.71799850463867;46.71799850463867;46.7140007019043;46.7140007019043;46.7140007019043;23
2024-10-24 15:14:00+02:00;46.72600173950195;46.72600173950195;46.72600173950195;46.72600173950195;46.72600173950195;4968
2024-10-24 15:15:00+02:00;46.72800064086914;46.72800064086914;46.72800064086914;46.72800064086914;46.72800064086914;12
2024-10-24 15:19:00+02:00;46.71500015258789;46.71500015258789;46.71500015258789;46.71500015258789;46.71500015258789;50
2024-10-24 15:22:00+02:00;46.70000076293945;46.70000076293945;46.70000076293945;46.70000076293945;46.70000076293945;11
2024-10-24 15:23:00+02:00;46.69900131225586;46.69900131225586;46.69900131225586;46.69900131225586;46.69900131225586;10
2024-10-24 15:25:00+02:00;46.69499969482422;46.69499969482422;46.69300079345703;46.69300079345703;46.69300079345703;33
2024-10-24 15:26:00+02:00;46.6879997253418;46.6879997253418;46.67499923706055;46.67499923706055;46.67499923706055;1018
2024-10-24 15:27:00+02:00;46.66299819946289;46.672000885009766;46.66299819946289;46.672000885009766;46.672000885009766;9
2024-10-24 15:28:00+02:00;46.65999984741211;46.65999984741211;46.659000396728516;46.659000396728516;46.659000396728516;32
2024-10-24 15:29:00+02:00;46.650001525878906;46.65299987792969;46.650001525878906;46.65299987792969;46.65299987792969;80
2024-10-24 15:30:00+02:00;46.625;46.62699890136719;46.54999923706055;46.61399841308594;46.61399841308594;326
2024-10-24 15:31:00+02:00;46.577999114990234;46.577999114990234;46.54800033569336;46.54800033569336;46.54800033569336;33
2024-10-24 15:32:00+02:00;46.55099868774414;46.55099868774414;46.55099868774414;46.55099868774414;46.55099868774414;335
2024-10-24 15:33:00+02:00;46.57099914550781;46.57099914550781;46.57099914550781;46.57099914550781;46.57099914550781;5
2024-10-24 15:34:00+02:00;46.5629997253418;46.5629997253418;46.5629997253418;46.5629997253418;46.5629997253418;3
2024-10-24 15:37:00+02:00;46.555999755859375;46.555999755859375;46.555999755859375;46.555999755859375;46.555999755859375;5
2024-10-24 15:38:00+02:00;46.56700134277344;46.56700134277344;46.56700134277344;46.56700134277344;46.56700134277344;2255
2024-10-24 15:40:00+02:00;46.58000183105469;46.58000183105469;46.58000183105469;46.58000183105469;46.58000183105469;3
2024-10-24 15:42:00+02:00;46.56999969482422;46.56999969482422;46.56999969482422;46.56999969482422;46.56999969482422;3
2024-10-24 15:46:00+02:00;46.569000244140625;46.57600021362305;46.569000244140625;46.57600021362305;46.57600021362305;2257
2024-10-24 15:48:00+02:00;46.5890007019043;46.5890007019043;46.5890007019043;46.5890007019043;46.5890007019043;4
2024-10-24 15:50:00+02:00;46.57600021362305;46.57600021362305;46.57600021362305;46.57600021362305;46.57600021362305;1
2024-10-24 15:51:00+02:00;46.57400131225586;46.57400131225586;46.57400131225586;46.57400131225586;46.57400131225586;1
2024-10-24 15:52:00+02:00;46.57500076293945;46.57500076293945;46.57500076293945;46.57500076293945;46.57500076293945;22
2024-10-24 15:54:00+02:00;46.61000061035156;46.61000061035156;46.61000061035156;46.61000061035156;46.61000061035156;19
2024-10-24 15:55:00+02:00;46.62200164794922;46.62200164794922;46.62200164794922;46.62200164794922;46.62200164794922;6
2024-10-24 15:56:00+02:00;46.590999603271484;46.590999603271484;46.58000183105469;46.58000183105469;46.58000183105469;1800
2024-10-24 15:57:00+02:00;46.60599899291992;46.60900115966797;46.599998474121094;46.60900115966797;46.60900115966797;21
2024-10-24 15:58:00+02:00;46.61199951171875;46.61199951171875;46.61199951171875;46.61199951171875;46.61199951171875;50
2024-10-24 16:01:00+02:00;46.61899948120117;46.619998931884766;46.61899948120117;46.619998931884766;46.619998931884766;10
2024-10-24 16:02:00+02:00;46.61899948120117;46.61899948120117;46.61899948120117;46.61899948120117;46.61899948120117;1
2024-10-24 16:04:00+02:00;46.637001037597656;46.637001037597656;46.597999572753906;46.6150016784668;46.6150016784668;2361
2024-10-24 16:05:00+02:00;46.58000183105469;46.58000183105469;46.58000183105469;46.58000183105469;46.58000183105469;4
2024-10-24 16:07:00+02:00;46.597999572753906;46.597999572753906;46.597999572753906;46.597999572753906;46.597999572753906;2
2024-10-24 16:08:00+02:00;46.58399963378906;46.58399963378906;46.58399963378906;46.58399963378906;46.58399963378906;1
2024-10-24 16:09:00+02:00;46.56999969482422;46.57099914550781;46.54999923706055;46.54999923706055;46.54999923706055;22
2024-10-24 16:10:00+02:00;46.553001403808594;46.57099914550781;46.553001403808594;46.57099914550781;46.57099914550781;128
2024-10-24 16:11:00+02:00;46.55799865722656;46.571998596191406;46.55799865722656;46.571998596191406;46.571998596191406;2278
2024-10-24 16:12:00+02:00;46.57699966430664;46.57699966430664;46.57699966430664;46.57699966430664;46.57699966430664;10
2024-10-24 16:15:00+02:00;46.55699920654297;46.55799865722656;46.55699920654297;46.55799865722656;46.55799865722656;63
2024-10-24 16:16:00+02:00;46.54600143432617;46.54600143432617;46.54499816894531;46.54499816894531;46.54499816894531;2636
2024-10-24 16:22:00+02:00;46.58000183105469;46.58000183105469;46.58000183105469;46.58000183105469;46.58000183105469;20
2024-10-24 16:23:00+02:00;46.555999755859375;46.555999755859375;46.555999755859375;46.555999755859375;46.555999755859375;75
2024-10-24 16:24:00+02:00;46.56399917602539;46.56399917602539;46.56399917602539;46.56399917602539;46.56399917602539;60
2024-10-24 16:25:00+02:00;46.61000061035156;46.61000061035156;46.61000061035156;46.61000061035156;46.61000061035156;4
2024-10-24 16:27:00+02:00;46.5620002746582;46.569000244140625;46.5620002746582;46.569000244140625;46.569000244140625;58
2024-10-24 16:28:00+02:00;46.56999969482422;46.56999969482422;46.56999969482422;46.56999969482422;46.56999969482422;170
2024-10-24 16:30:00+02:00;46.57899856567383;46.57899856567383;46.57899856567383;46.57899856567383;46.57899856567383;9
2024-10-24 16:31:00+02:00;46.58399963378906;46.584999084472656;46.58399963378906;46.58399963378906;46.58399963378906;6241
2024-10-24 16:33:00+02:00;46.6150016784668;46.6150016784668;46.6150016784668;46.6150016784668;46.6150016784668;8
2024-10-24 16:34:00+02:00;46.624000549316406;46.64799880981445;46.624000549316406;46.64799880981445;46.64799880981445;2262
2024-10-24 16:35:00+02:00;46.63399887084961;46.641998291015625;46.63399887084961;46.641998291015625;46.641998291015625;196
2024-10-24 16:37:00+02:00;46.62900161743164;46.62900161743164;46.62900161743164;46.62900161743164;46.62900161743164;40
2024-10-24 16:39:00+02:00;46.637001037597656;46.637001037597656;46.637001037597656;46.637001037597656;46.637001037597656;5
2024-10-24 16:40:00+02:00;46.61600112915039;46.619998931884766;46.61600112915039;46.619998931884766;46.619998931884766;203
2024-10-24 16:43:00+02:00;46.624000549316406;46.624000549316406;46.624000549316406;46.624000549316406;46.624000549316406;137
2024-10-24 16:44:00+02:00;46.59700012207031;46.59700012207031;46.59700012207031;46.59700012207031;46.59700012207031;11
2024-10-24 16:45:00+02:00;46.560001373291016;46.560001373291016;46.560001373291016;46.560001373291016;46.560001373291016;2
2024-10-24 16:48:00+02:00;46.57699966430664;46.57699966430664;46.57699966430664;46.57699966430664;46.57699966430664;24
2024-10-24 16:49:00+02:00;46.5629997253418;46.57699966430664;46.5629997253418;46.57699966430664;46.57699966430664;12
2024-10-24 16:50:00+02:00;46.551998138427734;46.551998138427734;46.551998138427734;46.551998138427734;46.551998138427734;2
2024-10-24 16:51:00+02:00;46.56100082397461;46.56100082397461;46.540000915527344;46.540000915527344;46.540000915527344;15
2024-10-24 16:54:00+02:00;46.547000885009766;46.5620002746582;46.54399871826172;46.54399871826172;46.54399871826172;7
2024-10-24 17:00:00+02:00;46.59000015258789;46.59000015258789;46.59000015258789;46.59000015258789;46.59000015258789;43
2024-10-24 17:01:00+02:00;46.57400131225586;46.57400131225586;46.55500030517578;46.55699920654297;46.55699920654297;194
2024-10-24 17:03:00+02:00;46.571998596191406;46.571998596191406;46.571998596191406;46.571998596191406;46.571998596191406;17
2024-10-24 17:04:00+02:00;46.56800079345703;46.56800079345703;46.56800079345703;46.56800079345703;46.56800079345703;3
2024-10-24 17:05:00+02:00;46.540000915527344;46.540000915527344;46.529998779296875;46.529998779296875;46.529998779296875;133
2024-10-24 17:06:00+02:00;46.54499816894531;46.54499816894531;46.540000915527344;46.540000915527344;46.540000915527344;189
2024-10-24 17:08:00+02:00;46.553001403808594;46.553001403808594;46.553001403808594;46.553001403808594;46.553001403808594;7
2024-10-24 17:09:00+02:00;46.558998107910156;46.558998107910156;46.558998107910156;46.558998107910156;46.558998107910156;25
2024-10-24 17:17:00+02:00;46.617000579833984;46.617000579833984;46.617000579833984;46.617000579833984;46.617000579833984;3
2024-10-24 17:25:00+02:00;46.55099868774414;46.55099868774414;46.55099868774414;46.55099868774414;46.55099868774414;3
2024-10-24 17:26:00+02:00;46.54999923706055;46.551998138427734;46.54999923706055;46.551998138427734;46.551998138427734;38
2024-10-24 17:29:00+02:00;46.54999923706055;46.54999923706055;46.54999923706055;46.54999923706055;46.54999923706055;3
