Datetime;Open;High;Low;Close;Adj Close;Volume
2024-10-17 09:04:00+02:00;46.68899917602539;46.69599914550781;46.68600082397461;46.68600082397461;46.68600082397461;0
2024-10-17 09:05:00+02:00;46.66600036621094;46.66600036621094;46.66600036621094;46.66600036621094;46.66600036621094;1567
2024-10-17 09:06:00+02:00;46.6870002746582;46.6870002746582;46.6870002746582;46.6870002746582;46.6870002746582;33
2024-10-17 09:07:00+02:00;46.67100143432617;46.67100143432617;46.66699981689453;46.66699981689453;46.66699981689453;3134
2024-10-17 09:12:00+02:00;46.672000885009766;46.672000885009766;46.672000885009766;46.672000885009766;46.672000885009766;8
2024-10-17 09:14:00+02:00;46.67599868774414;46.67599868774414;46.66999816894531;46.66999816894531;46.66999816894531;426
2024-10-17 09:15:00+02:00;46.665000915527344;46.665000915527344;46.66400146484375;46.66400146484375;46.66400146484375;49
2024-10-17 09:18:00+02:00;46.66600036621094;46.66600036621094;46.66600036621094;46.66600036621094;46.66600036621094;3
2024-10-17 09:19:00+02:00;46.65599822998047;46.65599822998047;46.65599822998047;46.65599822998047;46.65599822998047;163
2024-10-17 09:20:00+02:00;46.66899871826172;46.66899871826172;46.66899871826172;46.66899871826172;46.66899871826172;12
2024-10-17 09:21:00+02:00;46.68199920654297;46.68199920654297;46.68199920654297;46.68199920654297;46.68199920654297;4
2024-10-17 09:22:00+02:00;46.683998107910156;46.683998107910156;46.683998107910156;46.683998107910156;46.683998107910156;1
2024-10-17 09:25:00+02:00;46.6609992980957;46.676998138427734;46.6609992980957;46.676998138427734;46.676998138427734;13
2024-10-17 09:26:00+02:00;46.67900085449219;46.67900085449219;46.67900085449219;46.67900085449219;46.67900085449219;6
2024-10-17 09:27:00+02:00;46.65999984741211;46.65999984741211;46.65999984741211;46.65999984741211;46.65999984741211;25
2024-10-17 09:32:00+02:00;46.676998138427734;46.676998138427734;46.676998138427734;46.676998138427734;46.676998138427734;6
2024-10-17 09:33:00+02:00;46.691001892089844;46.691001892089844;46.691001892089844;46.691001892089844;46.691001892089844;1300
2024-10-17 09:34:00+02:00;46.69900131225586;46.69900131225586;46.69499969482422;46.69499969482422;46.69499969482422;229
2024-10-17 09:35:00+02:00;46.69900131225586;46.70100021362305;46.69900131225586;46.70100021362305;46.70100021362305;112
2024-10-17 09:37:00+02:00;46.707000732421875;46.707000732421875;46.707000732421875;46.707000732421875;46.707000732421875;30
2024-10-17 09:38:00+02:00;46.70500183105469;46.707000732421875;46.70500183105469;46.707000732421875;46.707000732421875;13
2024-10-17 09:39:00+02:00;46.69200134277344;46.69200134277344;46.69200134277344;46.69200134277344;46.69200134277344;85
2024-10-17 09:40:00+02:00;46.70500183105469;46.70500183105469;46.70100021362305;46.70199966430664;46.70199966430664;19
2024-10-17 09:41:00+02:00;46.70100021362305;46.70100021362305;46.70100021362305;46.70100021362305;46.70100021362305;10
2024-10-17 09:42:00+02:00;46.69599914550781;46.69599914550781;46.68600082397461;46.68600082397461;46.68600082397461;47
2024-10-17 09:43:00+02:00;46.696998596191406;46.696998596191406;46.696998596191406;46.696998596191406;46.696998596191406;11
2024-10-17 09:48:00+02:00;46.71099853515625;46.71099853515625;46.709999084472656;46.709999084472656;46.709999084472656;6
2024-10-17 09:49:00+02:00;46.71200180053711;46.71200180053711;46.71200180053711;46.71200180053711;46.71200180053711;319
2024-10-17 09:50:00+02:00;46.709999084472656;46.709999084472656;46.709999084472656;46.709999084472656;46.709999084472656;14
2024-10-17 09:52:00+02:00;46.709999084472656;46.709999084472656;46.709999084472656;46.709999084472656;46.709999084472656;10
2024-10-17 09:53:00+02:00;46.71099853515625;46.71099853515625;46.71099853515625;46.71099853515625;46.71099853515625;5
2024-10-17 09:54:00+02:00;46.70500183105469;46.70500183105469;46.70500183105469;46.70500183105469;46.70500183105469;2
2024-10-17 09:56:00+02:00;46.70600128173828;46.70600128173828;46.70600128173828;46.70600128173828;46.70600128173828;10
2024-10-17 09:57:00+02:00;46.70500183105469;46.70500183105469;46.70500183105469;46.70500183105469;46.70500183105469;325
2024-10-17 09:59:00+02:00;46.70500183105469;46.70500183105469;46.689998626708984;46.702999114990234;46.702999114990234;40
2024-10-17 10:00:00+02:00;46.7130012512207;46.7130012512207;46.7130012512207;46.7130012512207;46.7130012512207;22
2024-10-17 10:01:00+02:00;46.737998962402344;46.737998962402344;46.72999954223633;46.72999954223633;46.72999954223633;420
2024-10-17 10:03:00+02:00;46.72999954223633;46.72999954223633;46.72999954223633;46.72999954223633;46.72999954223633;64
2024-10-17 10:06:00+02:00;46.709999084472656;46.709999084472656;46.709999084472656;46.709999084472656;46.709999084472656;21
2024-10-17 10:08:00+02:00;46.7130012512207;46.7130012512207;46.7130012512207;46.7130012512207;46.7130012512207;50
2024-10-17 10:09:00+02:00;46.70899963378906;46.70899963378906;46.70899963378906;46.70899963378906;46.70899963378906;2
2024-10-17 10:10:00+02:00;46.70000076293945;46.720001220703125;46.70000076293945;46.720001220703125;46.720001220703125;65
2024-10-17 10:11:00+02:00;46.722999572753906;46.722999572753906;46.722999572753906;46.722999572753906;46.722999572753906;75
2024-10-17 10:12:00+02:00;46.736000061035156;46.736000061035156;46.729000091552734;46.729000091552734;46.729000091552734;14
2024-10-17 10:14:00+02:00;46.724998474121094;46.724998474121094;46.724998474121094;46.724998474121094;46.724998474121094;3
2024-10-17 10:15:00+02:00;46.709999084472656;46.722999572753906;46.709999084472656;46.722999572753906;46.722999572753906;428
2024-10-17 10:16:00+02:00;46.72700119018555;46.72700119018555;46.72700119018555;46.72700119018555;46.72700119018555;10
2024-10-17 10:17:00+02:00;46.731998443603516;46.731998443603516;46.731998443603516;46.731998443603516;46.731998443603516;40
2024-10-17 10:18:00+02:00;46.73099899291992;46.73099899291992;46.73099899291992;46.73099899291992;46.73099899291992;4
2024-10-17 10:19:00+02:00;46.72999954223633;46.72999954223633;46.72999954223633;46.72999954223633;46.72999954223633;43
2024-10-17 10:20:00+02:00;46.72999954223633;46.72999954223633;46.72999954223633;46.72999954223633;46.72999954223633;50
2024-10-17 10:23:00+02:00;46.73699951171875;46.73899841308594;46.73699951171875;46.73899841308594;46.73899841308594;199
2024-10-17 10:24:00+02:00;46.74599838256836;46.74599838256836;46.74599838256836;46.74599838256836;46.74599838256836;17
2024-10-17 10:25:00+02:00;46.74399948120117;46.74399948120117;46.74399948120117;46.74399948120117;46.74399948120117;1
2024-10-17 10:26:00+02:00;46.74700164794922;46.74700164794922;46.74700164794922;46.74700164794922;46.74700164794922;80
2024-10-17 10:29:00+02:00;46.7599983215332;46.7599983215332;46.7599983215332;46.7599983215332;46.7599983215332;8
2024-10-17 10:32:00+02:00;46.7760009765625;46.7760009765625;46.7760009765625;46.7760009765625;46.7760009765625;173
2024-10-17 10:34:00+02:00;46.777000427246094;46.777000427246094;46.777000427246094;46.777000427246094;46.777000427246094;30
2024-10-17 10:35:00+02:00;46.777000427246094;46.777000427246094;46.762001037597656;46.762001037597656;46.762001037597656;3
2024-10-17 10:36:00+02:00;46.777000427246094;46.777000427246094;46.777000427246094;46.777000427246094;46.777000427246094;200
2024-10-17 10:38:00+02:00;46.766998291015625;46.766998291015625;46.766998291015625;46.766998291015625;46.766998291015625;200
2024-10-17 10:39:00+02:00;46.78900146484375;46.78900146484375;46.78499984741211;46.78499984741211;46.78499984741211;136
2024-10-17 10:40:00+02:00;46.78099822998047;46.78099822998047;46.78099822998047;46.78099822998047;46.78099822998047;67
2024-10-17 10:41:00+02:00;46.7599983215332;46.7599983215332;46.7599983215332;46.7599983215332;46.7599983215332;15
2024-10-17 10:42:00+02:00;46.775001525878906;46.775001525878906;46.775001525878906;46.775001525878906;46.775001525878906;19
2024-10-17 10:45:00+02:00;46.7760009765625;46.7760009765625;46.7760009765625;46.7760009765625;46.7760009765625;2
2024-10-17 10:46:00+02:00;46.7760009765625;46.7760009765625;46.7760009765625;46.7760009765625;46.7760009765625;400
2024-10-17 10:47:00+02:00;46.7760009765625;46.7760009765625;46.7760009765625;46.7760009765625;46.7760009765625;10
2024-10-17 10:48:00+02:00;46.78900146484375;46.78900146484375;46.78900146484375;46.78900146484375;46.78900146484375;10
2024-10-17 10:49:00+02:00;46.78099822998047;46.78300094604492;46.78099822998047;46.78300094604492;46.78300094604492;175
2024-10-17 10:52:00+02:00;46.78799819946289;46.78799819946289;46.78300094604492;46.78300094604492;46.78300094604492;48
2024-10-17 10:53:00+02:00;46.78499984741211;46.78499984741211;46.779998779296875;46.779998779296875;46.779998779296875;23
2024-10-17 10:54:00+02:00;46.79100036621094;46.79100036621094;46.79100036621094;46.79100036621094;46.79100036621094;10
2024-10-17 10:55:00+02:00;46.805999755859375;46.805999755859375;46.805999755859375;46.805999755859375;46.805999755859375;21
2024-10-17 10:56:00+02:00;46.79499816894531;46.79800033569336;46.79499816894531;46.79800033569336;46.79800033569336;468
2024-10-17 10:57:00+02:00;46.80500030517578;46.80500030517578;46.79999923706055;46.79999923706055;46.79999923706055;9
2024-10-17 10:58:00+02:00;46.79899978637695;46.79899978637695;46.79899978637695;46.79899978637695;46.79899978637695;7
2024-10-17 10:59:00+02:00;46.82500076293945;46.82500076293945;46.82500076293945;46.82500076293945;46.82500076293945;10
2024-10-17 11:01:00+02:00;46.8120002746582;46.8120002746582;46.8120002746582;46.8120002746582;46.8120002746582;3
2024-10-17 11:03:00+02:00;46.801998138427734;46.801998138427734;46.801998138427734;46.801998138427734;46.801998138427734;58
2024-10-17 11:04:00+02:00;46.79999923706055;46.79999923706055;46.790000915527344;46.790000915527344;46.790000915527344;202
2024-10-17 11:05:00+02:00;46.80799865722656;46.80799865722656;46.80799865722656;46.80799865722656;46.80799865722656;9
2024-10-17 11:06:00+02:00;46.8120002746582;46.8120002746582;46.8120002746582;46.8120002746582;46.8120002746582;1
2024-10-17 11:07:00+02:00;46.8129997253418;46.8129997253418;46.8129997253418;46.8129997253418;46.8129997253418;1
2024-10-17 11:08:00+02:00;46.8129997253418;46.8129997253418;46.8129997253418;46.8129997253418;46.8129997253418;6
2024-10-17 11:09:00+02:00;46.7869987487793;46.80799865722656;46.7869987487793;46.80799865722656;46.80799865722656;150
2024-10-17 11:10:00+02:00;46.79999923706055;46.803001403808594;46.79999923706055;46.803001403808594;46.803001403808594;52
2024-10-17 11:12:00+02:00;46.80099868774414;46.80099868774414;46.80099868774414;46.80099868774414;46.80099868774414;9
2024-10-17 11:14:00+02:00;46.79100036621094;46.79100036621094;46.79100036621094;46.79100036621094;46.79100036621094;16
2024-10-17 11:15:00+02:00;46.79499816894531;46.79499816894531;46.79499816894531;46.79499816894531;46.79499816894531;2
2024-10-17 11:18:00+02:00;46.79800033569336;46.79800033569336;46.79800033569336;46.79800033569336;46.79800033569336;423
2024-10-17 11:20:00+02:00;46.79899978637695;46.79899978637695;46.79899978637695;46.79899978637695;46.79899978637695;124
2024-10-17 11:21:00+02:00;46.79899978637695;46.79899978637695;46.79899978637695;46.79899978637695;46.79899978637695;10
2024-10-17 11:22:00+02:00;46.79899978637695;46.79899978637695;46.79899978637695;46.79899978637695;46.79899978637695;10
2024-10-17 11:23:00+02:00;46.79899978637695;46.79899978637695;46.79899978637695;46.79899978637695;46.79899978637695;27
2024-10-17 11:24:00+02:00;46.7859992980957;46.7859992980957;46.7859992980957;46.7859992980957;46.7859992980957;4
2024-10-17 11:25:00+02:00;46.79899978637695;46.79899978637695;46.79899978637695;46.79899978637695;46.79899978637695;2
2024-10-17 11:29:00+02:00;46.79499816894531;46.79499816894531;46.79499816894531;46.79499816894531;46.79499816894531;50
2024-10-17 11:31:00+02:00;46.779998779296875;46.790000915527344;46.770999908447266;46.770999908447266;46.770999908447266;416
2024-10-17 11:32:00+02:00;46.78300094604492;46.78300094604492;46.78300094604492;46.78300094604492;46.78300094604492;17
2024-10-17 11:33:00+02:00;46.77000045776367;46.77000045776367;46.77000045776367;46.77000045776367;46.77000045776367;32
2024-10-17 11:34:00+02:00;46.763999938964844;46.763999938964844;46.762001037597656;46.762001037597656;46.762001037597656;85
2024-10-17 11:35:00+02:00;46.77399826049805;46.77399826049805;46.77399826049805;46.77399826049805;46.77399826049805;3
2024-10-17 11:38:00+02:00;46.77399826049805;46.77399826049805;46.77399826049805;46.77399826049805;46.77399826049805;2
2024-10-17 11:39:00+02:00;46.77399826049805;46.77399826049805;46.77399826049805;46.77399826049805;46.77399826049805;3
2024-10-17 11:43:00+02:00;46.763999938964844;46.763999938964844;46.763999938964844;46.763999938964844;46.763999938964844;10
2024-10-17 11:44:00+02:00;46.768001556396484;46.768001556396484;46.768001556396484;46.768001556396484;46.768001556396484;17
2024-10-17 11:45:00+02:00;46.768001556396484;46.777000427246094;46.768001556396484;46.777000427246094;46.777000427246094;6
2024-10-17 11:46:00+02:00;46.76599884033203;46.76599884033203;46.76599884033203;46.76599884033203;46.76599884033203;10
2024-10-17 11:47:00+02:00;46.76499938964844;46.76499938964844;46.76499938964844;46.76499938964844;46.76499938964844;30
2024-10-17 11:48:00+02:00;46.78200149536133;46.78200149536133;46.78200149536133;46.78200149536133;46.78200149536133;3
2024-10-17 11:49:00+02:00;46.7859992980957;46.7859992980957;46.7859992980957;46.7859992980957;46.7859992980957;38
2024-10-17 11:50:00+02:00;46.779998779296875;46.779998779296875;46.779998779296875;46.779998779296875;46.779998779296875;4
2024-10-17 11:53:00+02:00;46.79399871826172;46.79399871826172;46.779998779296875;46.779998779296875;46.779998779296875;33
2024-10-17 11:56:00+02:00;46.790000915527344;46.790000915527344;46.790000915527344;46.790000915527344;46.790000915527344;21
2024-10-17 11:57:00+02:00;46.79399871826172;46.79399871826172;46.79399871826172;46.79399871826172;46.79399871826172;86
2024-10-17 11:58:00+02:00;46.79399871826172;46.79399871826172;46.79399871826172;46.79399871826172;46.79399871826172;42
2024-10-17 11:59:00+02:00;46.79199981689453;46.79199981689453;46.79199981689453;46.79199981689453;46.79199981689453;2
2024-10-17 12:01:00+02:00;46.79100036621094;46.79100036621094;46.79100036621094;46.79100036621094;46.79100036621094;10
2024-10-17 12:02:00+02:00;46.784000396728516;46.784000396728516;46.784000396728516;46.784000396728516;46.784000396728516;22
2024-10-17 12:03:00+02:00;46.79100036621094;46.79100036621094;46.79100036621094;46.79100036621094;46.79100036621094;7
2024-10-17 12:04:00+02:00;46.792999267578125;46.792999267578125;46.78499984741211;46.792999267578125;46.792999267578125;1072
2024-10-17 12:06:00+02:00;46.792999267578125;46.792999267578125;46.792999267578125;46.792999267578125;46.792999267578125;7
2024-10-17 12:08:00+02:00;46.78900146484375;46.78900146484375;46.78900146484375;46.78900146484375;46.78900146484375;10
2024-10-17 12:10:00+02:00;46.779998779296875;46.790000915527344;46.779998779296875;46.790000915527344;46.790000915527344;511
2024-10-17 12:14:00+02:00;46.79899978637695;46.79899978637695;46.79899978637695;46.79899978637695;46.79899978637695;2
2024-10-17 12:16:00+02:00;46.79899978637695;46.79899978637695;46.79899978637695;46.79899978637695;46.79899978637695;61
2024-10-17 12:17:00+02:00;46.779998779296875;46.779998779296875;46.779998779296875;46.779998779296875;46.779998779296875;3
2024-10-17 12:18:00+02:00;46.779998779296875;46.779998779296875;46.779998779296875;46.779998779296875;46.779998779296875;18
2024-10-17 12:19:00+02:00;46.78900146484375;46.78900146484375;46.78900146484375;46.78900146484375;46.78900146484375;2
2024-10-17 12:20:00+02:00;46.779998779296875;46.779998779296875;46.77399826049805;46.77399826049805;46.77399826049805;113
2024-10-17 12:22:00+02:00;46.78799819946289;46.78799819946289;46.78799819946289;46.78799819946289;46.78799819946289;2
2024-10-17 12:23:00+02:00;46.79199981689453;46.79199981689453;46.7859992980957;46.7859992980957;46.7859992980957;87
2024-10-17 12:24:00+02:00;46.78300094604492;46.78300094604492;46.78300094604492;46.78300094604492;46.78300094604492;3
2024-10-17 12:27:00+02:00;46.77000045776367;46.78200149536133;46.766998291015625;46.78200149536133;46.78200149536133;71
2024-10-17 12:28:00+02:00;46.78200149536133;46.78200149536133;46.77799987792969;46.77799987792969;46.77799987792969;110
2024-10-17 12:29:00+02:00;46.78300094604492;46.78300094604492;46.78300094604492;46.78300094604492;46.78300094604492;43
2024-10-17 12:33:00+02:00;46.75299835205078;46.75299835205078;46.75299835205078;46.75299835205078;46.75299835205078;11
2024-10-17 12:36:00+02:00;46.77199935913086;46.77199935913086;46.75299835205078;46.75299835205078;46.75299835205078;13
2024-10-17 12:43:00+02:00;46.76499938964844;46.76499938964844;46.76499938964844;46.76499938964844;46.76499938964844;20
2024-10-17 12:44:00+02:00;46.77199935913086;46.77199935913086;46.76599884033203;46.76599884033203;46.76599884033203;259
2024-10-17 12:45:00+02:00;46.76599884033203;46.76599884033203;46.76599884033203;46.76599884033203;46.76599884033203;3
2024-10-17 12:47:00+02:00;46.75400161743164;46.768001556396484;46.75400161743164;46.768001556396484;46.768001556396484;12
2024-10-17 12:48:00+02:00;46.766998291015625;46.766998291015625;46.766998291015625;46.766998291015625;46.766998291015625;4
2024-10-17 12:50:00+02:00;46.763999938964844;46.763999938964844;46.763999938964844;46.763999938964844;46.763999938964844;40
2024-10-17 12:51:00+02:00;46.7760009765625;46.7760009765625;46.77199935913086;46.77199935913086;46.77199935913086;11
2024-10-17 12:53:00+02:00;46.77299880981445;46.77299880981445;46.77299880981445;46.77299880981445;46.77299880981445;10
2024-10-17 12:54:00+02:00;46.79399871826172;46.79399871826172;46.79399871826172;46.79399871826172;46.79399871826172;6
2024-10-17 12:55:00+02:00;46.79499816894531;46.79499816894531;46.79499816894531;46.79499816894531;46.79499816894531;43
2024-10-17 12:56:00+02:00;46.79100036621094;46.79100036621094;46.7869987487793;46.7869987487793;46.7869987487793;277
2024-10-17 12:58:00+02:00;46.779998779296875;46.779998779296875;46.779998779296875;46.779998779296875;46.779998779296875;4
2024-10-17 12:59:00+02:00;46.7760009765625;46.77799987792969;46.7760009765625;46.77799987792969;46.77799987792969;25
2024-10-17 13:01:00+02:00;46.77199935913086;46.77199935913086;46.77199935913086;46.77199935913086;46.77199935913086;106
2024-10-17 13:02:00+02:00;46.775001525878906;46.775001525878906;46.775001525878906;46.775001525878906;46.775001525878906;136
2024-10-17 13:03:00+02:00;46.7599983215332;46.7599983215332;46.7599983215332;46.7599983215332;46.7599983215332;67
2024-10-17 13:04:00+02:00;46.75;46.75;46.75;46.75;46.75;4
2024-10-17 13:05:00+02:00;46.75699996948242;46.75699996948242;46.75699996948242;46.75699996948242;46.75699996948242;1300
2024-10-17 13:06:00+02:00;46.77000045776367;46.77000045776367;46.76100158691406;46.76100158691406;46.76100158691406;2634
2024-10-17 13:07:00+02:00;46.75199890136719;46.76599884033203;46.75199890136719;46.76599884033203;46.76599884033203;2873
2024-10-17 13:08:00+02:00;46.76599884033203;46.76599884033203;46.76599884033203;46.76599884033203;46.76599884033203;115
2024-10-17 13:09:00+02:00;46.757999420166016;46.757999420166016;46.757999420166016;46.757999420166016;46.757999420166016;14
2024-10-17 13:10:00+02:00;46.75600051879883;46.75600051879883;46.75600051879883;46.75600051879883;46.75600051879883;22
2024-10-17 13:11:00+02:00;46.76100158691406;46.76100158691406;46.76100158691406;46.76100158691406;46.76100158691406;7
2024-10-17 13:13:00+02:00;46.762001037597656;46.762001037597656;46.7599983215332;46.7599983215332;46.7599983215332;8
2024-10-17 13:14:00+02:00;46.7599983215332;46.7599983215332;46.75600051879883;46.75600051879883;46.75600051879883;26
2024-10-17 13:15:00+02:00;46.757999420166016;46.757999420166016;46.757999420166016;46.757999420166016;46.757999420166016;10
2024-10-17 13:16:00+02:00;46.757999420166016;46.757999420166016;46.757999420166016;46.757999420166016;46.757999420166016;30
2024-10-17 13:17:00+02:00;46.757999420166016;46.762001037597656;46.757999420166016;46.762001037597656;46.762001037597656;65
2024-10-17 13:19:00+02:00;46.7599983215332;46.7599983215332;46.7599983215332;46.7599983215332;46.7599983215332;16
2024-10-17 13:20:00+02:00;46.762001037597656;46.762001037597656;46.762001037597656;46.762001037597656;46.762001037597656;1070
2024-10-17 13:21:00+02:00;46.7599983215332;46.7599983215332;46.7599983215332;46.7599983215332;46.7599983215332;4
2024-10-17 13:22:00+02:00;46.768001556396484;46.768001556396484;46.76599884033203;46.76599884033203;46.76599884033203;27
2024-10-17 13:23:00+02:00;46.763999938964844;46.763999938964844;46.763999938964844;46.763999938964844;46.763999938964844;1
2024-10-17 13:26:00+02:00;46.757999420166016;46.757999420166016;46.757999420166016;46.757999420166016;46.757999420166016;3
2024-10-17 13:27:00+02:00;46.75899887084961;46.75899887084961;46.75899887084961;46.75899887084961;46.75899887084961;1
2024-10-17 13:29:00+02:00;46.77199935913086;46.77199935913086;46.76900100708008;46.76900100708008;46.76900100708008;61
2024-10-17 13:32:00+02:00;46.766998291015625;46.766998291015625;46.766998291015625;46.766998291015625;46.766998291015625;10
2024-10-17 13:35:00+02:00;46.76499938964844;46.76499938964844;46.74700164794922;46.74700164794922;46.74700164794922;2923
2024-10-17 13:37:00+02:00;46.74599838256836;46.74599838256836;46.74599838256836;46.74599838256836;46.74599838256836;1300
2024-10-17 13:38:00+02:00;46.75699996948242;46.75699996948242;46.75699996948242;46.75699996948242;46.75699996948242;10
2024-10-17 13:40:00+02:00;46.77199935913086;46.77199935913086;46.76900100708008;46.76900100708008;46.76900100708008;72
2024-10-17 13:43:00+02:00;46.75899887084961;46.75899887084961;46.75;46.75;46.75;117
2024-10-17 13:44:00+02:00;46.744998931884766;46.744998931884766;46.744998931884766;46.744998931884766;46.744998931884766;64
2024-10-17 13:46:00+02:00;46.75400161743164;46.75400161743164;46.75400161743164;46.75400161743164;46.75400161743164;38
2024-10-17 13:48:00+02:00;46.75400161743164;46.75400161743164;46.75400161743164;46.75400161743164;46.75400161743164;100
2024-10-17 13:49:00+02:00;46.7400016784668;46.7400016784668;46.7400016784668;46.7400016784668;46.7400016784668;3
2024-10-17 13:50:00+02:00;46.75600051879883;46.75600051879883;46.75600051879883;46.75600051879883;46.75600051879883;8
2024-10-17 13:51:00+02:00;46.75299835205078;46.75299835205078;46.75299835205078;46.75299835205078;46.75299835205078;3
2024-10-17 13:55:00+02:00;46.75699996948242;46.75699996948242;46.75699996948242;46.75699996948242;46.75699996948242;2
2024-10-17 13:56:00+02:00;46.76499938964844;46.76499938964844;46.76499938964844;46.76499938964844;46.76499938964844;4
2024-10-17 13:57:00+02:00;46.76900100708008;46.76900100708008;46.76900100708008;46.76900100708008;46.76900100708008;52
2024-10-17 14:00:00+02:00;46.770999908447266;46.770999908447266;46.770999908447266;46.770999908447266;46.770999908447266;7
2024-10-17 14:01:00+02:00;46.770999908447266;46.770999908447266;46.770999908447266;46.770999908447266;46.770999908447266;121
2024-10-17 14:02:00+02:00;46.75400161743164;46.75400161743164;46.75400161743164;46.75400161743164;46.75400161743164;2867
2024-10-17 14:03:00+02:00;46.770999908447266;46.770999908447266;46.770999908447266;46.770999908447266;46.770999908447266;72
2024-10-17 14:04:00+02:00;46.784000396728516;46.784000396728516;46.784000396728516;46.784000396728516;46.784000396728516;17
2024-10-17 14:05:00+02:00;46.79600143432617;46.79600143432617;46.79600143432617;46.79600143432617;46.79600143432617;6
2024-10-17 14:06:00+02:00;46.79399871826172;46.79399871826172;46.79399871826172;46.79399871826172;46.79399871826172;8
2024-10-17 14:08:00+02:00;46.79199981689453;46.79199981689453;46.784000396728516;46.784000396728516;46.784000396728516;63
2024-10-17 14:09:00+02:00;46.78200149536133;46.78200149536133;46.78200149536133;46.78200149536133;46.78200149536133;3
2024-10-17 14:12:00+02:00;46.79499816894531;46.79600143432617;46.79499816894531;46.79600143432617;46.79600143432617;13
2024-10-17 14:13:00+02:00;46.79999923706055;46.79999923706055;46.79999923706055;46.79999923706055;46.79999923706055;25
2024-10-17 14:15:00+02:00;46.77799987792969;46.77799987792969;46.77799987792969;46.77799987792969;46.77799987792969;11
2024-10-17 14:16:00+02:00;46.81999969482422;46.81999969482422;46.81999969482422;46.81999969482422;46.81999969482422;2
2024-10-17 14:17:00+02:00;46.81700134277344;46.81700134277344;46.81700134277344;46.81700134277344;46.81700134277344;11
2024-10-17 14:18:00+02:00;46.81100082397461;46.81100082397461;46.81100082397461;46.81100082397461;46.81100082397461;8
2024-10-17 14:19:00+02:00;46.80500030517578;46.80500030517578;46.79499816894531;46.79499816894531;46.79499816894531;322
2024-10-17 14:20:00+02:00;46.79899978637695;46.79899978637695;46.79499816894531;46.79499816894531;46.79499816894531;38
2024-10-17 14:21:00+02:00;46.79100036621094;46.79899978637695;46.79100036621094;46.79399871826172;46.79399871826172;131
2024-10-17 14:22:00+02:00;46.792999267578125;46.792999267578125;46.792999267578125;46.792999267578125;46.792999267578125;3
2024-10-17 14:24:00+02:00;46.79999923706055;46.79999923706055;46.79399871826172;46.79399871826172;46.79399871826172;7
2024-10-17 14:25:00+02:00;46.79600143432617;46.79600143432617;46.79600143432617;46.79600143432617;46.79600143432617;10
2024-10-17 14:26:00+02:00;46.79199981689453;46.79199981689453;46.79199981689453;46.79199981689453;46.79199981689453;60
2024-10-17 14:27:00+02:00;46.766998291015625;46.766998291015625;46.766998291015625;46.766998291015625;46.766998291015625;3
2024-10-17 14:30:00+02:00;46.81999969482422;46.88999938964844;46.81999969482422;46.862998962402344;46.862998962402344;240
2024-10-17 14:33:00+02:00;46.9109992980957;46.9109992980957;46.9109992980957;46.9109992980957;46.9109992980957;5
2024-10-17 14:34:00+02:00;46.895999908447266;46.895999908447266;46.895999908447266;46.895999908447266;46.895999908447266;10
2024-10-17 14:35:00+02:00;46.90700149536133;46.90700149536133;46.90700149536133;46.90700149536133;46.90700149536133;10
2024-10-17 14:36:00+02:00;46.90599822998047;46.926998138427734;46.90599822998047;46.926998138427734;46.926998138427734;11
2024-10-17 14:40:00+02:00;46.93899917602539;46.93899917602539;46.91999816894531;46.91999816894531;46.91999816894531;633
2024-10-17 14:42:00+02:00;46.92300033569336;46.92300033569336;46.90599822998047;46.90599822998047;46.90599822998047;10
2024-10-17 14:43:00+02:00;46.88800048828125;46.88800048828125;46.88800048828125;46.88800048828125;46.88800048828125;128
2024-10-17 14:45:00+02:00;46.86000061035156;46.86000061035156;46.86000061035156;46.86000061035156;46.86000061035156;115
2024-10-17 14:48:00+02:00;46.849998474121094;46.875999450683594;46.849998474121094;46.87300109863281;46.87300109863281;11
2024-10-17 14:49:00+02:00;46.85900115966797;46.85900115966797;46.85900115966797;46.85900115966797;46.85900115966797;21
2024-10-17 14:50:00+02:00;46.880001068115234;46.880001068115234;46.880001068115234;46.880001068115234;46.880001068115234;2
2024-10-17 14:51:00+02:00;46.880001068115234;46.880001068115234;46.880001068115234;46.880001068115234;46.880001068115234;6
2024-10-17 14:54:00+02:00;46.887001037597656;46.887001037597656;46.887001037597656;46.887001037597656;46.887001037597656;2
2024-10-17 14:55:00+02:00;46.88800048828125;46.88999938964844;46.88800048828125;46.88999938964844;46.88999938964844;1736
2024-10-17 14:57:00+02:00;46.88600158691406;46.88600158691406;46.88600158691406;46.88600158691406;46.88600158691406;68
2024-10-17 15:02:00+02:00;46.95399856567383;46.95399856567383;46.95399856567383;46.95399856567383;46.95399856567383;5
2024-10-17 15:03:00+02:00;46.948001861572266;46.9640007019043;46.948001861572266;46.9640007019043;46.9640007019043;7
2024-10-17 15:04:00+02:00;46.9379997253418;46.96699905395508;46.9379997253418;46.96699905395508;46.96699905395508;33
2024-10-17 15:05:00+02:00;46.94499969482422;46.9640007019043;46.94499969482422;46.9640007019043;46.9640007019043;110
2024-10-17 15:07:00+02:00;46.999000549316406;46.999000549316406;46.999000549316406;46.999000549316406;46.999000549316406;17
2024-10-17 15:08:00+02:00;47.0;47.0;47.0;47.0;47.0;767
2024-10-17 15:10:00+02:00;47.06100082397461;47.06100082397461;47.06100082397461;47.06100082397461;47.06100082397461;9
2024-10-17 15:12:00+02:00;47.09199905395508;47.09199905395508;47.09199905395508;47.09199905395508;47.09199905395508;14
2024-10-17 15:14:00+02:00;47.07400131225586;47.07400131225586;47.07400131225586;47.07400131225586;47.07400131225586;193
2024-10-17 15:15:00+02:00;47.04899978637695;47.04899978637695;47.04899978637695;47.04899978637695;47.04899978637695;20
2024-10-17 15:17:00+02:00;47.040000915527344;47.040000915527344;47.040000915527344;47.040000915527344;47.040000915527344;64
2024-10-17 15:19:00+02:00;47.04800033569336;47.04800033569336;47.04800033569336;47.04800033569336;47.04800033569336;3
2024-10-17 15:21:00+02:00;47.02000045776367;47.02799987792969;47.02000045776367;47.02799987792969;47.02799987792969;34
2024-10-17 15:22:00+02:00;47.04199981689453;47.04199981689453;47.04199981689453;47.04199981689453;47.04199981689453;41
2024-10-17 15:23:00+02:00;47.01900100708008;47.01900100708008;47.01900100708008;47.01900100708008;47.01900100708008;49
2024-10-17 15:24:00+02:00;47.01900100708008;47.01900100708008;47.00299835205078;47.00299835205078;47.00299835205078;24
2024-10-17 15:25:00+02:00;47.02000045776367;47.02000045776367;47.02000045776367;47.02000045776367;47.02000045776367;40
2024-10-17 15:27:00+02:00;47.06800079345703;47.06800079345703;47.06800079345703;47.06800079345703;47.06800079345703;10
2024-10-17 15:29:00+02:00;47.08700180053711;47.08700180053711;47.08700180053711;47.08700180053711;47.08700180053711;3
2024-10-17 15:30:00+02:00;47.0629997253418;47.0629997253418;47.06100082397461;47.06100082397461;47.06100082397461;16
2024-10-17 15:32:00+02:00;47.03099822998047;47.03099822998047;47.02399826049805;47.02399826049805;47.02399826049805;1168
2024-10-17 15:33:00+02:00;47.04399871826172;47.04399871826172;47.04399871826172;47.04399871826172;47.04399871826172;4
2024-10-17 15:34:00+02:00;47.0;47.0;46.987998962402344;46.987998962402344;46.987998962402344;314
2024-10-17 15:35:00+02:00;46.933998107910156;46.933998107910156;46.933998107910156;46.933998107910156;46.933998107910156;106
2024-10-17 15:36:00+02:00;46.92599868774414;46.92599868774414;46.882999420166016;46.882999420166016;46.882999420166016;16
2024-10-17 15:37:00+02:00;46.8489990234375;46.869998931884766;46.8489990234375;46.869998931884766;46.869998931884766;6
2024-10-17 15:38:00+02:00;46.87300109863281;46.87300109863281;46.87300109863281;46.87300109863281;46.87300109863281;5
2024-10-17 15:40:00+02:00;46.88199996948242;46.8849983215332;46.85900115966797;46.875999450683594;46.875999450683594;68
2024-10-17 15:41:00+02:00;46.87200164794922;46.87200164794922;46.87099838256836;46.87099838256836;46.87099838256836;156
2024-10-17 15:42:00+02:00;46.847999572753906;46.847999572753906;46.847999572753906;46.847999572753906;46.847999572753906;5
2024-10-17 15:43:00+02:00;46.90399932861328;46.90399932861328;46.888999938964844;46.888999938964844;46.888999938964844;9
2024-10-17 15:44:00+02:00;46.87900161743164;46.88199996948242;46.87900161743164;46.88199996948242;46.88199996948242;4
2024-10-17 15:45:00+02:00;46.87300109863281;46.880001068115234;46.856998443603516;46.856998443603516;46.856998443603516;50
2024-10-17 15:46:00+02:00;46.880001068115234;46.94200134277344;46.880001068115234;46.94200134277344;46.94200134277344;1106
2024-10-17 15:47:00+02:00;46.900001525878906;46.900001525878906;46.900001525878906;46.900001525878906;46.900001525878906;2
2024-10-17 15:49:00+02:00;46.91999816894531;46.91999816894531;46.91999816894531;46.91999816894531;46.91999816894531;20
2024-10-17 15:50:00+02:00;46.92100143432617;46.92100143432617;46.92100143432617;46.92100143432617;46.92100143432617;30
2024-10-17 15:52:00+02:00;46.91699981689453;46.91699981689453;46.91699981689453;46.91699981689453;46.91699981689453;236
2024-10-17 15:53:00+02:00;46.900001525878906;46.900001525878906;46.882999420166016;46.882999420166016;46.882999420166016;71
2024-10-17 15:55:00+02:00;46.887001037597656;46.89099884033203;46.887001037597656;46.89099884033203;46.89099884033203;9
2024-10-17 15:56:00+02:00;46.87699890136719;46.87699890136719;46.81999969482422;46.81999969482422;46.81999969482422;331
2024-10-17 15:57:00+02:00;46.79999923706055;46.79999923706055;46.79999923706055;46.79999923706055;46.79999923706055;28
2024-10-17 15:59:00+02:00;46.845001220703125;46.845001220703125;46.845001220703125;46.845001220703125;46.845001220703125;17
2024-10-17 16:00:00+02:00;46.87200164794922;46.87200164794922;46.87200164794922;46.87200164794922;46.87200164794922;4
2024-10-17 16:02:00+02:00;46.790000915527344;46.790000915527344;46.790000915527344;46.790000915527344;46.790000915527344;27
2024-10-17 16:03:00+02:00;46.80699920654297;46.80699920654297;46.79999923706055;46.79999923706055;46.79999923706055;5
2024-10-17 16:04:00+02:00;46.819000244140625;46.819000244140625;46.79999923706055;46.79999923706055;46.79999923706055;21
2024-10-17 16:05:00+02:00;46.805999755859375;46.805999755859375;46.805999755859375;46.805999755859375;46.805999755859375;2
2024-10-17 16:06:00+02:00;46.805999755859375;46.805999755859375;46.805999755859375;46.805999755859375;46.805999755859375;3
2024-10-17 16:08:00+02:00;46.8390007019043;46.8390007019043;46.8390007019043;46.8390007019043;46.8390007019043;5
2024-10-17 16:09:00+02:00;46.83000183105469;46.83000183105469;46.83000183105469;46.83000183105469;46.83000183105469;9
2024-10-17 16:11:00+02:00;46.8380012512207;46.8380012512207;46.8380012512207;46.8380012512207;46.8380012512207;8
2024-10-17 16:14:00+02:00;46.834999084472656;46.834999084472656;46.834999084472656;46.834999084472656;46.834999084472656;2
2024-10-17 16:15:00+02:00;46.81999969482422;46.81999969482422;46.81999969482422;46.81999969482422;46.81999969482422;1
2024-10-17 16:21:00+02:00;46.90599822998047;46.90599822998047;46.90599822998047;46.90599822998047;46.90599822998047;3
2024-10-17 16:23:00+02:00;46.90299987792969;46.90299987792969;46.90299987792969;46.90299987792969;46.90299987792969;8
2024-10-17 16:24:00+02:00;46.90599822998047;46.91899871826172;46.900001525878906;46.91899871826172;46.91899871826172;46
2024-10-17 16:25:00+02:00;46.930999755859375;46.930999755859375;46.930999755859375;46.930999755859375;46.930999755859375;250
2024-10-17 16:26:00+02:00;46.900001525878906;46.900001525878906;46.900001525878906;46.900001525878906;46.900001525878906;2
2024-10-17 16:28:00+02:00;46.84000015258789;46.85200119018555;46.84000015258789;46.85200119018555;46.85200119018555;7
2024-10-17 16:29:00+02:00;46.89500045776367;46.89500045776367;46.89500045776367;46.89500045776367;46.89500045776367;20
2024-10-17 16:30:00+02:00;46.89400100708008;46.900001525878906;46.89400100708008;46.900001525878906;46.900001525878906;14
2024-10-17 16:31:00+02:00;46.89099884033203;46.89099884033203;46.89099884033203;46.89099884033203;46.89099884033203;3
2024-10-17 16:35:00+02:00;46.9119987487793;46.9119987487793;46.9119987487793;46.9119987487793;46.9119987487793;10
2024-10-17 16:37:00+02:00;46.858001708984375;46.858001708984375;46.858001708984375;46.858001708984375;46.858001708984375;12
2024-10-17 16:38:00+02:00;46.849998474121094;46.849998474121094;46.849998474121094;46.849998474121094;46.849998474121094;20
2024-10-17 16:39:00+02:00;46.849998474121094;46.849998474121094;46.849998474121094;46.849998474121094;46.849998474121094;215
2024-10-17 16:40:00+02:00;46.874000549316406;46.874000549316406;46.874000549316406;46.874000549316406;46.874000549316406;11
2024-10-17 16:41:00+02:00;46.89500045776367;46.89500045776367;46.89500045776367;46.89500045776367;46.89500045776367;2
2024-10-17 16:43:00+02:00;46.861000061035156;46.861000061035156;46.861000061035156;46.861000061035156;46.861000061035156;5
2024-10-17 16:46:00+02:00;46.83700180053711;46.83700180053711;46.83300018310547;46.83399963378906;46.83399963378906;263
2024-10-17 16:48:00+02:00;46.83599853515625;46.83599853515625;46.83599853515625;46.83599853515625;46.83599853515625;5
2024-10-17 16:49:00+02:00;46.83399963378906;46.83399963378906;46.83399963378906;46.83399963378906;46.83399963378906;9
2024-10-17 16:50:00+02:00;46.79999923706055;46.79999923706055;46.7859992980957;46.7859992980957;46.7859992980957;150
2024-10-17 16:51:00+02:00;46.81999969482422;46.81999969482422;46.81999969482422;46.81999969482422;46.81999969482422;2
2024-10-17 16:53:00+02:00;46.832000732421875;46.832000732421875;46.83000183105469;46.83000183105469;46.83000183105469;7
2024-10-17 16:54:00+02:00;46.810001373291016;46.83300018310547;46.80699920654297;46.83000183105469;46.83000183105469;80
2024-10-17 16:55:00+02:00;46.83000183105469;46.83000183105469;46.83000183105469;46.83000183105469;46.83000183105469;30
2024-10-17 16:57:00+02:00;46.805999755859375;46.81999969482422;46.805999755859375;46.81999969482422;46.81999969482422;96
2024-10-17 16:58:00+02:00;46.79999923706055;46.81999969482422;46.79999923706055;46.81399917602539;46.81399917602539;140
2024-10-17 16:59:00+02:00;46.81399917602539;46.81399917602539;46.81399917602539;46.81399917602539;46.81399917602539;30
2024-10-17 17:00:00+02:00;46.805999755859375;46.805999755859375;46.805999755859375;46.805999755859375;46.805999755859375;2
2024-10-17 17:02:00+02:00;46.755001068115234;46.755001068115234;46.755001068115234;46.755001068115234;46.755001068115234;88
2024-10-17 17:05:00+02:00;46.75299835205078;46.766998291015625;46.75299835205078;46.766998291015625;46.766998291015625;303
2024-10-17 17:09:00+02:00;46.7869987487793;46.819000244140625;46.7869987487793;46.819000244140625;46.819000244140625;33
2024-10-17 17:12:00+02:00;46.80699920654297;46.80699920654297;46.80699920654297;46.80699920654297;46.80699920654297;115
2024-10-17 17:13:00+02:00;46.79999923706055;46.80799865722656;46.79999923706055;46.80799865722656;46.80799865722656;205
2024-10-17 17:16:00+02:00;46.858001708984375;46.862998962402344;46.858001708984375;46.862998962402344;46.862998962402344;73
2024-10-17 17:18:00+02:00;46.847999572753906;46.847999572753906;46.847999572753906;46.847999572753906;46.847999572753906;3
2024-10-17 17:19:00+02:00;46.845001220703125;46.847999572753906;46.845001220703125;46.847999572753906;46.847999572753906;44
2024-10-17 17:21:00+02:00;46.816001892089844;46.816001892089844;46.816001892089844;46.816001892089844;46.816001892089844;70
2024-10-17 17:22:00+02:00;46.847999572753906;46.847999572753906;46.847999572753906;46.847999572753906;46.847999572753906;4
2024-10-17 17:24:00+02:00;46.845001220703125;46.845001220703125;46.845001220703125;46.845001220703125;46.845001220703125;6
2024-10-17 17:27:00+02:00;46.82899856567383;46.82899856567383;46.82899856567383;46.82899856567383;46.82899856567383;130
2024-10-17 17:28:00+02:00;46.82400131225586;46.82400131225586;46.82400131225586;46.82400131225586;46.82400131225586;6
2024-10-17 17:29:00+02:00;46.83399963378906;46.83700180053711;46.83399963378906;46.83700180053711;46.83700180053711;2807
