Datetime;Open;High;Low;Close;Adj Close;Volume
2024-09-10 09:04:00+02:00;42.78200149536133;42.78200149536133;42.779998779296875;42.779998779296875;42.779998779296875;0
2024-09-10 09:05:00+02:00;42.79399871826172;42.79399871826172;42.79399871826172;42.79399871826172;42.79399871826172;2
2024-09-10 09:06:00+02:00;42.7859992980957;42.792999267578125;42.7859992980957;42.792999267578125;42.792999267578125;4
2024-09-10 09:07:00+02:00;42.79499816894531;42.79499816894531;42.79499816894531;42.79499816894531;42.79499816894531;1
2024-09-10 09:12:00+02:00;42.83100128173828;42.83100128173828;42.83100128173828;42.83100128173828;42.83100128173828;14
2024-09-10 09:13:00+02:00;42.83599853515625;42.84400177001953;42.83599853515625;42.84299850463867;42.84299850463867;33
2024-09-10 09:14:00+02:00;42.834999084472656;42.834999084472656;42.834999084472656;42.834999084472656;42.834999084472656;7
2024-09-10 09:17:00+02:00;42.86600112915039;42.86600112915039;42.86399841308594;42.86399841308594;42.86399841308594;70
2024-09-10 09:21:00+02:00;42.862998962402344;42.862998962402344;42.86199951171875;42.86199951171875;42.86199951171875;22
2024-09-10 09:22:00+02:00;42.862998962402344;42.862998962402344;42.862998962402344;42.862998962402344;42.862998962402344;568
2024-09-10 09:23:00+02:00;42.8849983215332;42.8849983215332;42.8849983215332;42.8849983215332;42.8849983215332;11
2024-09-10 09:26:00+02:00;42.86399841308594;42.86399841308594;42.86399841308594;42.86399841308594;42.86399841308594;1
2024-09-10 09:27:00+02:00;42.85300064086914;42.85300064086914;42.85300064086914;42.85300064086914;42.85300064086914;1
2024-09-10 09:28:00+02:00;42.854000091552734;42.854000091552734;42.854000091552734;42.854000091552734;42.854000091552734;5
2024-09-10 09:29:00+02:00;42.86000061035156;42.86000061035156;42.86000061035156;42.86000061035156;42.86000061035156;3
2024-09-10 09:30:00+02:00;42.87099838256836;42.87099838256836;42.87099838256836;42.87099838256836;42.87099838256836;16
2024-09-10 09:31:00+02:00;42.87799835205078;42.87799835205078;42.85900115966797;42.85900115966797;42.85900115966797;47
2024-09-10 09:33:00+02:00;42.882999420166016;42.882999420166016;42.882999420166016;42.882999420166016;42.882999420166016;25
2024-09-10 09:34:00+02:00;42.88399887084961;42.88399887084961;42.88399887084961;42.88399887084961;42.88399887084961;40
2024-09-10 09:35:00+02:00;42.874000549316406;42.874000549316406;42.874000549316406;42.874000549316406;42.874000549316406;3
2024-09-10 09:36:00+02:00;42.87699890136719;42.87699890136719;42.87699890136719;42.87699890136719;42.87699890136719;1
2024-09-10 09:39:00+02:00;42.89500045776367;42.89500045776367;42.89500045776367;42.89500045776367;42.89500045776367;3
2024-09-10 09:40:00+02:00;42.89500045776367;42.90399932861328;42.89500045776367;42.90399932861328;42.90399932861328;32
2024-09-10 09:41:00+02:00;42.900001525878906;42.900001525878906;42.900001525878906;42.900001525878906;42.900001525878906;5
2024-09-10 09:42:00+02:00;42.89899826049805;42.89899826049805;42.89799880981445;42.89799880981445;42.89799880981445;6
2024-09-10 09:45:00+02:00;42.895999908447266;42.895999908447266;42.89500045776367;42.89500045776367;42.89500045776367;19
2024-09-10 09:46:00+02:00;42.9010009765625;42.9010009765625;42.9010009765625;42.9010009765625;42.9010009765625;5
2024-09-10 09:47:00+02:00;42.90299987792969;42.90299987792969;42.9010009765625;42.9010009765625;42.9010009765625;954
2024-09-10 09:49:00+02:00;42.88800048828125;42.89400100708008;42.88800048828125;42.89400100708008;42.89400100708008;21
2024-09-10 09:50:00+02:00;42.88600158691406;42.88600158691406;42.88600158691406;42.88600158691406;42.88600158691406;353
2024-09-10 09:51:00+02:00;42.89699935913086;42.89699935913086;42.89400100708008;42.89400100708008;42.89400100708008;40
2024-09-10 09:53:00+02:00;42.9010009765625;42.9010009765625;42.893001556396484;42.89400100708008;42.89400100708008;22
2024-09-10 09:56:00+02:00;42.9119987487793;42.9119987487793;42.9119987487793;42.9119987487793;42.9119987487793;10
2024-09-10 09:57:00+02:00;42.91400146484375;42.91400146484375;42.91400146484375;42.91400146484375;42.91400146484375;4
2024-09-10 09:58:00+02:00;42.92599868774414;42.92599868774414;42.92599868774414;42.92599868774414;42.92599868774414;3
2024-09-10 09:59:00+02:00;42.92900085449219;42.92900085449219;42.92900085449219;42.92900085449219;42.92900085449219;23
2024-09-10 10:00:00+02:00;42.93000030517578;42.95199966430664;42.93000030517578;42.94200134277344;42.94200134277344;83
2024-09-10 10:01:00+02:00;42.94300079345703;42.94300079345703;42.94300079345703;42.94300079345703;42.94300079345703;5
2024-09-10 10:02:00+02:00;42.94300079345703;42.94300079345703;42.94300079345703;42.94300079345703;42.94300079345703;10
2024-09-10 10:03:00+02:00;42.95100021362305;42.95100021362305;42.95100021362305;42.95100021362305;42.95100021362305;2
2024-09-10 10:04:00+02:00;42.94599914550781;42.94599914550781;42.94599914550781;42.94599914550781;42.94599914550781;23
2024-09-10 10:05:00+02:00;42.946998596191406;42.946998596191406;42.90700149536133;42.90700149536133;42.90700149536133;36
2024-09-10 10:06:00+02:00;42.928001403808594;42.928001403808594;42.928001403808594;42.928001403808594;42.928001403808594;316
2024-09-10 10:08:00+02:00;42.928001403808594;42.928001403808594;42.928001403808594;42.928001403808594;42.928001403808594;50
2024-09-10 10:09:00+02:00;42.92900085449219;42.92900085449219;42.92900085449219;42.92900085449219;42.92900085449219;70
2024-09-10 10:13:00+02:00;42.92100143432617;42.92100143432617;42.915000915527344;42.915000915527344;42.915000915527344;12
2024-09-10 10:14:00+02:00;42.904998779296875;42.9109992980957;42.904998779296875;42.9109992980957;42.9109992980957;17
2024-09-10 10:15:00+02:00;42.89500045776367;42.89500045776367;42.89500045776367;42.89500045776367;42.89500045776367;3
2024-09-10 10:16:00+02:00;42.917999267578125;42.917999267578125;42.89899826049805;42.89899826049805;42.89899826049805;13
2024-09-10 10:18:00+02:00;42.926998138427734;42.926998138427734;42.926998138427734;42.926998138427734;42.926998138427734;11
2024-09-10 10:19:00+02:00;42.917999267578125;42.917999267578125;42.917999267578125;42.917999267578125;42.917999267578125;5
2024-09-10 10:20:00+02:00;42.91999816894531;42.91999816894531;42.91999816894531;42.91999816894531;42.91999816894531;4
2024-09-10 10:21:00+02:00;42.9119987487793;42.9119987487793;42.9119987487793;42.9119987487793;42.9119987487793;11
2024-09-10 10:22:00+02:00;42.89400100708008;42.89400100708008;42.89400100708008;42.89400100708008;42.89400100708008;4
2024-09-10 10:23:00+02:00;42.9119987487793;42.9119987487793;42.9119987487793;42.9119987487793;42.9119987487793;10
2024-09-10 10:24:00+02:00;42.90599822998047;42.90599822998047;42.90599822998047;42.90599822998047;42.90599822998047;1
2024-09-10 10:27:00+02:00;42.91999816894531;42.926998138427734;42.91400146484375;42.91699981689453;42.91699981689453;25
2024-09-10 10:29:00+02:00;42.92300033569336;42.92300033569336;42.92300033569336;42.92300033569336;42.92300033569336;23
2024-09-10 10:30:00+02:00;42.909000396728516;42.915000915527344;42.909000396728516;42.915000915527344;42.915000915527344;321
2024-09-10 10:32:00+02:00;42.900001525878906;42.90700149536133;42.900001525878906;42.90700149536133;42.90700149536133;10
2024-09-10 10:33:00+02:00;42.900001525878906;42.900001525878906;42.88999938964844;42.900001525878906;42.900001525878906;24
2024-09-10 10:34:00+02:00;42.880001068115234;42.880001068115234;42.87900161743164;42.87900161743164;42.87900161743164;33
2024-09-10 10:38:00+02:00;42.875999450683594;42.875999450683594;42.875999450683594;42.875999450683594;42.875999450683594;2
2024-09-10 10:41:00+02:00;42.88199996948242;42.88199996948242;42.88199996948242;42.88199996948242;42.88199996948242;10
2024-09-10 10:45:00+02:00;42.87699890136719;42.8849983215332;42.87699890136719;42.8849983215332;42.8849983215332;301
2024-09-10 10:48:00+02:00;42.87799835205078;42.87799835205078;42.86899948120117;42.86899948120117;42.86899948120117;7
2024-09-10 10:49:00+02:00;42.8849983215332;42.8849983215332;42.8849983215332;42.8849983215332;42.8849983215332;3
2024-09-10 10:51:00+02:00;42.875999450683594;42.875999450683594;42.875999450683594;42.875999450683594;42.875999450683594;20
2024-09-10 10:52:00+02:00;42.87699890136719;42.87699890136719;42.87699890136719;42.87699890136719;42.87699890136719;23
2024-09-10 10:53:00+02:00;42.86600112915039;42.86600112915039;42.86600112915039;42.86600112915039;42.86600112915039;2
2024-09-10 10:55:00+02:00;42.849998474121094;42.86399841308594;42.849998474121094;42.86399841308594;42.86399841308594;23
2024-09-10 10:57:00+02:00;42.87099838256836;42.87099838256836;42.85900115966797;42.862998962402344;42.862998962402344;177
2024-09-10 11:00:00+02:00;42.840999603271484;42.840999603271484;42.84000015258789;42.840999603271484;42.840999603271484;835
2024-09-10 11:03:00+02:00;42.82400131225586;42.8390007019043;42.82400131225586;42.8390007019043;42.8390007019043;16
2024-09-10 11:05:00+02:00;42.83399963378906;42.83399963378906;42.83399963378906;42.83399963378906;42.83399963378906;4
2024-09-10 11:06:00+02:00;42.83399963378906;42.83399963378906;42.83300018310547;42.83300018310547;42.83300018310547;7
2024-09-10 11:09:00+02:00;42.79999923706055;42.801998138427734;42.79999923706055;42.801998138427734;42.801998138427734;23
2024-09-10 11:10:00+02:00;42.770999908447266;42.80099868774414;42.77000045776367;42.80099868774414;42.80099868774414;173
2024-09-10 11:11:00+02:00;42.790000915527344;42.790000915527344;42.790000915527344;42.790000915527344;42.790000915527344;3
2024-09-10 11:12:00+02:00;42.790000915527344;42.790000915527344;42.790000915527344;42.790000915527344;42.790000915527344;2
2024-09-10 11:13:00+02:00;42.78900146484375;42.78900146484375;42.763999938964844;42.763999938964844;42.763999938964844;14
2024-09-10 11:14:00+02:00;42.78499984741211;42.78499984741211;42.78499984741211;42.78499984741211;42.78499984741211;2
2024-09-10 11:18:00+02:00;42.79199981689453;42.79199981689453;42.79199981689453;42.79199981689453;42.79199981689453;3
2024-09-10 11:22:00+02:00;42.79899978637695;42.79899978637695;42.79899978637695;42.79899978637695;42.79899978637695;2
2024-09-10 11:24:00+02:00;42.801998138427734;42.801998138427734;42.79999923706055;42.79999923706055;42.79999923706055;31
2024-09-10 11:27:00+02:00;42.80500030517578;42.80500030517578;42.80500030517578;42.80500030517578;42.80500030517578;3
2024-09-10 11:28:00+02:00;42.79999923706055;42.79999923706055;42.79999923706055;42.79999923706055;42.79999923706055;3
2024-09-10 11:29:00+02:00;42.814998626708984;42.814998626708984;42.814998626708984;42.814998626708984;42.814998626708984;110
2024-09-10 11:30:00+02:00;42.810001373291016;42.8120002746582;42.810001373291016;42.8120002746582;42.8120002746582;6
2024-09-10 11:33:00+02:00;42.779998779296875;42.79800033569336;42.779998779296875;42.79800033569336;42.79800033569336;6
2024-09-10 11:35:00+02:00;42.797000885009766;42.80099868774414;42.797000885009766;42.80099868774414;42.80099868774414;19
2024-09-10 11:38:00+02:00;42.80500030517578;42.80500030517578;42.80500030517578;42.80500030517578;42.80500030517578;12
2024-09-10 11:39:00+02:00;42.81999969482422;42.81999969482422;42.81999969482422;42.81999969482422;42.81999969482422;1
2024-09-10 11:40:00+02:00;42.82099914550781;42.82099914550781;42.82099914550781;42.82099914550781;42.82099914550781;236
2024-09-10 11:47:00+02:00;42.83300018310547;42.83300018310547;42.832000732421875;42.832000732421875;42.832000732421875;100
2024-09-10 11:49:00+02:00;42.84700012207031;42.84700012207031;42.84700012207031;42.84700012207031;42.84700012207031;5
2024-09-10 11:51:00+02:00;42.856998443603516;42.856998443603516;42.856998443603516;42.856998443603516;42.856998443603516;4
2024-09-10 11:52:00+02:00;42.85300064086914;42.85300064086914;42.85300064086914;42.85300064086914;42.85300064086914;2
2024-09-10 11:53:00+02:00;42.85499954223633;42.85499954223633;42.854000091552734;42.854000091552734;42.854000091552734;22
2024-09-10 11:54:00+02:00;42.85499954223633;42.85900115966797;42.85499954223633;42.85900115966797;42.85900115966797;4
2024-09-10 11:55:00+02:00;42.85499954223633;42.85499954223633;42.85499954223633;42.85499954223633;42.85499954223633;5
2024-09-10 12:00:00+02:00;42.8489990234375;42.8489990234375;42.8489990234375;42.8489990234375;42.8489990234375;74
2024-09-10 12:01:00+02:00;42.85499954223633;42.85499954223633;42.85499954223633;42.85499954223633;42.85499954223633;5
2024-09-10 12:05:00+02:00;42.867000579833984;42.867000579833984;42.867000579833984;42.867000579833984;42.867000579833984;3
2024-09-10 12:09:00+02:00;42.861000061035156;42.861000061035156;42.861000061035156;42.861000061035156;42.861000061035156;20
2024-09-10 12:10:00+02:00;42.8390007019043;42.86199951171875;42.8390007019043;42.86199951171875;42.86199951171875;9
2024-09-10 12:12:00+02:00;42.83000183105469;42.83000183105469;42.83000183105469;42.83000183105469;42.83000183105469;11
2024-09-10 12:14:00+02:00;42.83399963378906;42.83399963378906;42.83399963378906;42.83399963378906;42.83399963378906;6
2024-09-10 12:20:00+02:00;42.823001861572266;42.823001861572266;42.823001861572266;42.823001861572266;42.823001861572266;100
2024-09-10 12:21:00+02:00;42.79999923706055;42.79999923706055;42.79999923706055;42.79999923706055;42.79999923706055;162
2024-09-10 12:26:00+02:00;42.847999572753906;42.847999572753906;42.847999572753906;42.847999572753906;42.847999572753906;2
2024-09-10 12:28:00+02:00;42.861000061035156;42.861000061035156;42.861000061035156;42.861000061035156;42.861000061035156;47
2024-09-10 12:29:00+02:00;42.869998931884766;42.87200164794922;42.869998931884766;42.87200164794922;42.87200164794922;132
2024-09-10 12:30:00+02:00;42.869998931884766;42.875;42.869998931884766;42.875;42.875;8
2024-09-10 12:32:00+02:00;42.874000549316406;42.874000549316406;42.874000549316406;42.874000549316406;42.874000549316406;2
2024-09-10 12:33:00+02:00;42.904998779296875;42.904998779296875;42.904998779296875;42.904998779296875;42.904998779296875;11
2024-09-10 12:35:00+02:00;42.92499923706055;42.92499923706055;42.92399978637695;42.92399978637695;42.92399978637695;14
2024-09-10 12:36:00+02:00;42.91999816894531;42.91999816894531;42.91999816894531;42.91999816894531;42.91999816894531;10
2024-09-10 12:37:00+02:00;42.90700149536133;42.90700149536133;42.90700149536133;42.90700149536133;42.90700149536133;120
2024-09-10 12:39:00+02:00;42.90800094604492;42.90800094604492;42.90800094604492;42.90800094604492;42.90800094604492;2
2024-09-10 12:43:00+02:00;42.88999938964844;42.88999938964844;42.88999938964844;42.88999938964844;42.88999938964844;4
2024-09-10 12:44:00+02:00;42.89099884033203;42.89099884033203;42.89099884033203;42.89099884033203;42.89099884033203;5
2024-09-10 12:45:00+02:00;42.89899826049805;42.89899826049805;42.89899826049805;42.89899826049805;42.89899826049805;23
2024-09-10 12:46:00+02:00;42.87799835205078;42.87799835205078;42.87799835205078;42.87799835205078;42.87799835205078;13
2024-09-10 12:48:00+02:00;42.869998931884766;42.869998931884766;42.869998931884766;42.869998931884766;42.869998931884766;111
2024-09-10 12:51:00+02:00;42.86199951171875;42.86199951171875;42.86199951171875;42.86199951171875;42.86199951171875;100
2024-09-10 12:52:00+02:00;42.854000091552734;42.854000091552734;42.854000091552734;42.854000091552734;42.854000091552734;1
2024-09-10 12:53:00+02:00;42.85100173950195;42.85100173950195;42.85100173950195;42.85100173950195;42.85100173950195;5
2024-09-10 12:54:00+02:00;42.847999572753906;42.847999572753906;42.847999572753906;42.847999572753906;42.847999572753906;11
2024-09-10 12:55:00+02:00;42.823001861572266;42.823001861572266;42.823001861572266;42.823001861572266;42.823001861572266;3
2024-09-10 12:56:00+02:00;42.84000015258789;42.84000015258789;42.84000015258789;42.84000015258789;42.84000015258789;9
2024-09-10 12:57:00+02:00;42.84600067138672;42.84600067138672;42.84400177001953;42.84400177001953;42.84400177001953;7
2024-09-10 12:59:00+02:00;42.84199905395508;42.84199905395508;42.84199905395508;42.84199905395508;42.84199905395508;3
2024-09-10 13:02:00+02:00;42.85300064086914;42.85300064086914;42.85300064086914;42.85300064086914;42.85300064086914;2
2024-09-10 13:09:00+02:00;42.87099838256836;42.87099838256836;42.87099838256836;42.87099838256836;42.87099838256836;10
2024-09-10 13:10:00+02:00;42.87099838256836;42.87099838256836;42.87099838256836;42.87099838256836;42.87099838256836;19
2024-09-10 13:11:00+02:00;42.87699890136719;42.87699890136719;42.87699890136719;42.87699890136719;42.87699890136719;2
2024-09-10 13:12:00+02:00;42.89400100708008;42.89400100708008;42.89400100708008;42.89400100708008;42.89400100708008;1
2024-09-10 13:15:00+02:00;42.86899948120117;42.86899948120117;42.85499954223633;42.85499954223633;42.85499954223633;12
2024-09-10 13:16:00+02:00;42.88600158691406;42.88600158691406;42.88600158691406;42.88600158691406;42.88600158691406;10
2024-09-10 13:18:00+02:00;42.874000549316406;42.874000549316406;42.874000549316406;42.874000549316406;42.874000549316406;4
2024-09-10 13:20:00+02:00;42.87900161743164;42.87900161743164;42.87900161743164;42.87900161743164;42.87900161743164;10
2024-09-10 13:22:00+02:00;42.87900161743164;42.87900161743164;42.87900161743164;42.87900161743164;42.87900161743164;1
2024-09-10 13:24:00+02:00;42.90599822998047;42.90599822998047;42.90599822998047;42.90599822998047;42.90599822998047;20
2024-09-10 13:28:00+02:00;42.88800048828125;42.88800048828125;42.88800048828125;42.88800048828125;42.88800048828125;8
2024-09-10 13:29:00+02:00;42.92300033569336;42.92300033569336;42.92300033569336;42.92300033569336;42.92300033569336;5
2024-09-10 13:31:00+02:00;42.89799880981445;42.89799880981445;42.89799880981445;42.89799880981445;42.89799880981445;2
2024-09-10 13:32:00+02:00;42.9119987487793;42.9119987487793;42.9119987487793;42.9119987487793;42.9119987487793;3
2024-09-10 13:33:00+02:00;42.9109992980957;42.9109992980957;42.88600158691406;42.88600158691406;42.88600158691406;6
2024-09-10 13:34:00+02:00;42.902000427246094;42.902000427246094;42.902000427246094;42.902000427246094;42.902000427246094;18
2024-09-10 13:35:00+02:00;42.89899826049805;42.89899826049805;42.89899826049805;42.89899826049805;42.89899826049805;36
2024-09-10 13:36:00+02:00;42.89899826049805;42.89899826049805;42.89899826049805;42.89899826049805;42.89899826049805;0
2024-09-10 13:39:00+02:00;42.875999450683594;42.875999450683594;42.875999450683594;42.875999450683594;42.875999450683594;9120
2024-09-10 13:41:00+02:00;42.90700149536133;42.90700149536133;42.90700149536133;42.90700149536133;42.90700149536133;3
2024-09-10 13:42:00+02:00;42.91899871826172;42.91899871826172;42.91899871826172;42.91899871826172;42.91899871826172;3
2024-09-10 13:47:00+02:00;42.93600082397461;42.93600082397461;42.93600082397461;42.93600082397461;42.93600082397461;1
2024-09-10 13:49:00+02:00;42.9370002746582;42.9370002746582;42.9370002746582;42.9370002746582;42.9370002746582;9129
2024-09-10 13:50:00+02:00;42.952999114990234;42.952999114990234;42.952999114990234;42.952999114990234;42.952999114990234;2
2024-09-10 13:51:00+02:00;42.95500183105469;42.95500183105469;42.95500183105469;42.95500183105469;42.95500183105469;46
2024-09-10 13:52:00+02:00;42.96200180053711;42.96200180053711;42.96200180053711;42.96200180053711;42.96200180053711;85
2024-09-10 13:54:00+02:00;42.952999114990234;42.96500015258789;42.952999114990234;42.96500015258789;42.96500015258789;6
2024-09-10 13:55:00+02:00;42.95199966430664;42.95199966430664;42.95199966430664;42.95199966430664;42.95199966430664;12
2024-09-10 13:57:00+02:00;42.957000732421875;42.957000732421875;42.957000732421875;42.957000732421875;42.957000732421875;5
2024-09-10 13:59:00+02:00;42.941001892089844;42.941001892089844;42.941001892089844;42.941001892089844;42.941001892089844;8
2024-09-10 14:00:00+02:00;42.95199966430664;42.95199966430664;42.95199966430664;42.95199966430664;42.95199966430664;11
2024-09-10 14:02:00+02:00;42.948001861572266;42.948001861572266;42.948001861572266;42.948001861572266;42.948001861572266;25
2024-09-10 14:04:00+02:00;42.95399856567383;42.95399856567383;42.95399856567383;42.95399856567383;42.95399856567383;1
2024-09-10 14:06:00+02:00;42.944000244140625;42.944000244140625;42.944000244140625;42.944000244140625;42.944000244140625;6
2024-09-10 14:10:00+02:00;42.974998474121094;42.974998474121094;42.974998474121094;42.974998474121094;42.974998474121094;11
2024-09-10 14:13:00+02:00;42.99399948120117;42.99399948120117;42.99399948120117;42.99399948120117;42.99399948120117;100
2024-09-10 14:16:00+02:00;42.981998443603516;42.981998443603516;42.981998443603516;42.981998443603516;42.981998443603516;2
2024-09-10 14:17:00+02:00;42.99800109863281;42.99800109863281;42.99800109863281;42.99800109863281;42.99800109863281;70
2024-09-10 14:18:00+02:00;42.99800109863281;42.999000549316406;42.99800109863281;42.999000549316406;42.999000549316406;4
2024-09-10 14:20:00+02:00;42.999000549316406;42.999000549316406;42.9900016784668;42.999000549316406;42.999000549316406;31
2024-09-10 14:21:00+02:00;42.999000549316406;42.999000549316406;42.999000549316406;42.999000549316406;42.999000549316406;65
2024-09-10 14:22:00+02:00;42.999000549316406;42.999000549316406;42.999000549316406;42.999000549316406;42.999000549316406;52
2024-09-10 14:23:00+02:00;42.999000549316406;42.999000549316406;42.999000549316406;42.999000549316406;42.999000549316406;2
2024-09-10 14:24:00+02:00;43.0;43.0;43.0;43.0;43.0;52
2024-09-10 14:25:00+02:00;43.0;43.0;43.0;43.0;43.0;1
2024-09-10 14:26:00+02:00;43.0;43.0;43.0;43.0;43.0;38
2024-09-10 14:27:00+02:00;43.018001556396484;43.018001556396484;43.018001556396484;43.018001556396484;43.018001556396484;4
2024-09-10 14:28:00+02:00;43.02899932861328;43.02899932861328;43.02899932861328;43.02899932861328;43.02899932861328;70
2024-09-10 14:31:00+02:00;43.025001525878906;43.02799987792969;43.025001525878906;43.02799987792969;43.02799987792969;13
2024-09-10 14:35:00+02:00;43.01599884033203;43.01599884033203;43.01599884033203;43.01599884033203;43.01599884033203;3
2024-09-10 14:41:00+02:00;43.02399826049805;43.02399826049805;43.02399826049805;43.02399826049805;43.02399826049805;3
2024-09-10 14:44:00+02:00;43.073001861572266;43.073001861572266;43.073001861572266;43.073001861572266;43.073001861572266;11
2024-09-10 14:45:00+02:00;43.05400085449219;43.05400085449219;43.05400085449219;43.05400085449219;43.05400085449219;3
2024-09-10 14:49:00+02:00;43.04999923706055;43.05099868774414;43.04999923706055;43.05099868774414;43.05099868774414;6
2024-09-10 14:50:00+02:00;43.058998107910156;43.058998107910156;43.058998107910156;43.058998107910156;43.058998107910156;28
2024-09-10 14:53:00+02:00;43.05500030517578;43.05500030517578;43.05500030517578;43.05500030517578;43.05500030517578;21
2024-09-10 14:58:00+02:00;43.04600143432617;43.04600143432617;43.04600143432617;43.04600143432617;43.04600143432617;28
2024-09-10 15:08:00+02:00;43.053001403808594;43.053001403808594;43.053001403808594;43.053001403808594;43.053001403808594;3
2024-09-10 15:10:00+02:00;43.058998107910156;43.058998107910156;43.058998107910156;43.058998107910156;43.058998107910156;2
2024-09-10 15:13:00+02:00;43.04100036621094;43.04100036621094;43.04100036621094;43.04100036621094;43.04100036621094;5
2024-09-10 15:14:00+02:00;43.04399871826172;43.04399871826172;43.04399871826172;43.04399871826172;43.04399871826172;23
2024-09-10 15:21:00+02:00;43.05699920654297;43.05699920654297;43.05699920654297;43.05699920654297;43.05699920654297;2
2024-09-10 15:25:00+02:00;43.07699966430664;43.07699966430664;43.07699966430664;43.07699966430664;43.07699966430664;2
2024-09-10 15:26:00+02:00;43.07099914550781;43.07099914550781;43.07099914550781;43.07099914550781;43.07099914550781;3
2024-09-10 15:27:00+02:00;43.05099868774414;43.05099868774414;43.05099868774414;43.05099868774414;43.05099868774414;1
2024-09-10 15:28:00+02:00;43.066001892089844;43.066001892089844;43.066001892089844;43.066001892089844;43.066001892089844;5
2024-09-10 15:29:00+02:00;43.04999923706055;43.04999923706055;43.04999923706055;43.04999923706055;43.04999923706055;268
2024-09-10 15:30:00+02:00;43.07600021362305;43.07600021362305;43.066001892089844;43.066001892089844;43.066001892089844;155
2024-09-10 15:33:00+02:00;43.11199951171875;43.11199951171875;43.01900100708008;43.01900100708008;43.01900100708008;37
2024-09-10 15:34:00+02:00;43.05699920654297;43.05699920654297;43.0;43.0;43.0;347
2024-09-10 15:35:00+02:00;43.053001403808594;43.053001403808594;43.053001403808594;43.053001403808594;43.053001403808594;14
2024-09-10 15:37:00+02:00;43.040000915527344;43.040000915527344;43.040000915527344;43.040000915527344;43.040000915527344;61
2024-09-10 15:38:00+02:00;43.02899932861328;43.02899932861328;43.02899932861328;43.02899932861328;43.02899932861328;15
2024-09-10 15:44:00+02:00;43.0629997253418;43.071998596191406;43.0629997253418;43.071998596191406;43.071998596191406;61
2024-09-10 15:45:00+02:00;43.08300018310547;43.08300018310547;43.08300018310547;43.08300018310547;43.08300018310547;2
2024-09-10 15:49:00+02:00;43.0620002746582;43.0620002746582;43.0620002746582;43.0620002746582;43.0620002746582;24
2024-09-10 15:50:00+02:00;43.066001892089844;43.066001892089844;43.066001892089844;43.066001892089844;43.066001892089844;10
2024-09-10 15:51:00+02:00;43.064998626708984;43.064998626708984;43.064998626708984;43.064998626708984;43.064998626708984;5
2024-09-10 15:53:00+02:00;43.0989990234375;43.0989990234375;43.08399963378906;43.08399963378906;43.08399963378906;32
2024-09-10 15:55:00+02:00;43.08300018310547;43.10100173950195;43.08300018310547;43.10100173950195;43.10100173950195;39
2024-09-10 15:56:00+02:00;43.141998291015625;43.141998291015625;43.141998291015625;43.141998291015625;43.141998291015625;19
2024-09-10 15:58:00+02:00;43.06999969482422;43.07699966430664;43.06999969482422;43.07699966430664;43.07699966430664;34
2024-09-10 16:00:00+02:00;43.08300018310547;43.08300018310547;43.08300018310547;43.08300018310547;43.08300018310547;40
2024-09-10 16:03:00+02:00;43.05500030517578;43.06399917602539;43.05500030517578;43.06399917602539;43.06399917602539;95
2024-09-10 16:06:00+02:00;43.0;43.0;43.0;43.0;43.0;1
2024-09-10 16:09:00+02:00;43.07500076293945;43.07500076293945;43.07500076293945;43.07500076293945;43.07500076293945;89
2024-09-10 16:11:00+02:00;43.0;43.0;42.95000076293945;42.95000076293945;42.95000076293945;115
2024-09-10 16:13:00+02:00;42.9370002746582;42.965999603271484;42.9370002746582;42.95800018310547;42.95800018310547;209
2024-09-10 16:14:00+02:00;42.902000427246094;42.902000427246094;42.900001525878906;42.900001525878906;42.900001525878906;44
2024-09-10 16:15:00+02:00;42.900001525878906;42.9109992980957;42.900001525878906;42.9109992980957;42.9109992980957;505
2024-09-10 16:16:00+02:00;42.915000915527344;42.915000915527344;42.90700149536133;42.90700149536133;42.90700149536133;244
2024-09-10 16:18:00+02:00;42.93600082397461;42.93600082397461;42.93600082397461;42.93600082397461;42.93600082397461;1
2024-09-10 16:24:00+02:00;42.91999816894531;42.92599868774414;42.91999816894531;42.92599868774414;42.92599868774414;31
2024-09-10 16:30:00+02:00;43.013999938964844;43.013999938964844;43.013999938964844;43.013999938964844;43.013999938964844;10
2024-09-10 16:32:00+02:00;42.96900177001953;42.96900177001953;42.96900177001953;42.96900177001953;42.96900177001953;4
2024-09-10 16:34:00+02:00;42.981998443603516;42.98400115966797;42.981998443603516;42.98400115966797;42.98400115966797;14
2024-09-10 16:38:00+02:00;42.97999954223633;42.98099899291992;42.97999954223633;42.98099899291992;42.98099899291992;64
2024-09-10 16:39:00+02:00;42.986000061035156;42.986000061035156;42.986000061035156;42.986000061035156;42.986000061035156;74
2024-09-10 16:40:00+02:00;42.97999954223633;43.01300048828125;42.97999954223633;42.99599838256836;42.99599838256836;1150
2024-09-10 16:41:00+02:00;42.99399948120117;43.00199890136719;42.99399948120117;43.00199890136719;43.00199890136719;1668
2024-09-10 16:43:00+02:00;42.98699951171875;42.98699951171875;42.98699951171875;42.98699951171875;42.98699951171875;20
2024-09-10 16:44:00+02:00;42.9739990234375;42.974998474121094;42.9739990234375;42.974998474121094;42.974998474121094;89
2024-09-10 16:45:00+02:00;42.970001220703125;42.970001220703125;42.970001220703125;42.970001220703125;42.970001220703125;23
2024-09-10 16:49:00+02:00;43.0099983215332;43.0099983215332;42.99700164794922;42.99700164794922;42.99700164794922;52
2024-09-10 16:50:00+02:00;42.970001220703125;42.970001220703125;42.970001220703125;42.970001220703125;42.970001220703125;23
2024-09-10 16:51:00+02:00;42.93000030517578;42.935001373291016;42.93000030517578;42.935001373291016;42.935001373291016;98
2024-09-10 16:53:00+02:00;42.9640007019043;42.9640007019043;42.9640007019043;42.9640007019043;42.9640007019043;74
2024-09-10 16:54:00+02:00;42.95500183105469;42.95500183105469;42.95500183105469;42.95500183105469;42.95500183105469;2
2024-09-10 16:57:00+02:00;42.97600173950195;42.97600173950195;42.97600173950195;42.97600173950195;42.97600173950195;1
2024-09-10 17:01:00+02:00;42.972999572753906;42.972999572753906;42.96500015258789;42.96500015258789;42.96500015258789;17
2024-09-10 17:02:00+02:00;42.95600128173828;42.987998962402344;42.95600128173828;42.987998962402344;42.987998962402344;15
2024-09-10 17:05:00+02:00;42.95000076293945;42.95000076293945;42.95000076293945;42.95000076293945;42.95000076293945;11
2024-09-10 17:08:00+02:00;42.983001708984375;42.983001708984375;42.983001708984375;42.983001708984375;42.983001708984375;10
2024-09-10 17:09:00+02:00;43.0;43.0;43.0;43.0;43.0;3
2024-09-10 17:11:00+02:00;43.016998291015625;43.016998291015625;43.016998291015625;43.016998291015625;43.016998291015625;15
2024-09-10 17:18:00+02:00;42.992000579833984;42.992000579833984;42.99100112915039;42.99100112915039;42.99100112915039;11
2024-09-10 17:22:00+02:00;43.000999450683594;43.000999450683594;43.000999450683594;43.000999450683594;43.000999450683594;2
2024-09-10 17:23:00+02:00;43.02399826049805;43.02399826049805;43.02399826049805;43.02399826049805;43.02399826049805;25
2024-09-10 17:25:00+02:00;43.005001068115234;43.005001068115234;43.005001068115234;43.005001068115234;43.005001068115234;76
2024-09-10 17:26:00+02:00;43.02399826049805;43.02399826049805;43.02399826049805;43.02399826049805;43.02399826049805;4
2024-09-10 17:29:00+02:00;43.02299880981445;43.02299880981445;43.02299880981445;43.02299880981445;43.02299880981445;3
