Datetime;Open;High;Low;Close;Adj Close;Volume
2024-12-12 09:04:00+01:00;50.138999938964844;50.138999938964844;50.1349983215332;50.1349983215332;50.1349983215332;0
2024-12-12 09:05:00+01:00;50.1150016784668;50.1150016784668;50.1150016784668;50.1150016784668;50.1150016784668;2
2024-12-12 09:06:00+01:00;50.099998474121094;50.108001708984375;50.099998474121094;50.108001708984375;50.108001708984375;21
2024-12-12 09:08:00+01:00;50.099998474121094;50.099998474121094;50.099998474121094;50.099998474121094;50.099998474121094;86
2024-12-12 09:09:00+01:00;50.10300064086914;50.10300064086914;50.08399963378906;50.08399963378906;50.08399963378906;11
2024-12-12 09:10:00+01:00;50.111000061035156;50.111000061035156;50.111000061035156;50.111000061035156;50.111000061035156;26
2024-12-12 09:11:00+01:00;50.10599899291992;50.11199951171875;50.10300064086914;50.11199951171875;50.11199951171875;110
2024-12-12 09:12:00+01:00;50.112998962402344;50.125;50.112998962402344;50.125;50.125;2240
2024-12-12 09:13:00+01:00;50.12900161743164;50.130001068115234;50.12900161743164;50.130001068115234;50.130001068115234;25
2024-12-12 09:16:00+01:00;50.10499954223633;50.15399932861328;50.10499954223633;50.12300109863281;50.12300109863281;189
2024-12-12 09:17:00+01:00;50.12099838256836;50.12099838256836;50.12099838256836;50.12099838256836;50.12099838256836;2
2024-12-12 09:19:00+01:00;50.0989990234375;50.1150016784668;50.0989990234375;50.1150016784668;50.1150016784668;51
2024-12-12 09:20:00+01:00;50.09299850463867;50.10900115966797;50.09299850463867;50.10900115966797;50.10900115966797;120
2024-12-12 09:21:00+01:00;50.10900115966797;50.10900115966797;50.097999572753906;50.097999572753906;50.097999572753906;62
2024-12-12 09:22:00+01:00;50.10900115966797;50.10900115966797;50.10900115966797;50.10900115966797;50.10900115966797;5
2024-12-12 09:23:00+01:00;50.10900115966797;50.10900115966797;50.09299850463867;50.106998443603516;50.106998443603516;249
2024-12-12 09:24:00+01:00;50.10499954223633;50.10599899291992;50.10499954223633;50.10599899291992;50.10599899291992;67
2024-12-12 09:25:00+01:00;50.10599899291992;50.10599899291992;50.10200119018555;50.10200119018555;50.10200119018555;76
2024-12-12 09:26:00+01:00;50.08700180053711;50.10499954223633;50.08700180053711;50.10499954223633;50.10499954223633;46
2024-12-12 09:27:00+01:00;50.106998443603516;50.106998443603516;50.106998443603516;50.106998443603516;50.106998443603516;7
2024-12-12 09:28:00+01:00;50.099998474121094;50.108001708984375;50.099998474121094;50.108001708984375;50.108001708984375;1010
2024-12-12 09:29:00+01:00;50.10900115966797;50.111000061035156;50.10900115966797;50.111000061035156;50.111000061035156;2887
2024-12-12 09:30:00+01:00;50.24599838256836;50.24599838256836;50.15399932861328;50.15399932861328;50.15399932861328;42
2024-12-12 09:31:00+01:00;50.15599822998047;50.1619987487793;50.15599822998047;50.1609992980957;50.1609992980957;37
2024-12-12 09:32:00+01:00;50.159000396728516;50.159000396728516;50.15800094604492;50.15800094604492;50.15800094604492;21
2024-12-12 09:33:00+01:00;50.138999938964844;50.138999938964844;50.13600158691406;50.13600158691406;50.13600158691406;75
2024-12-12 09:34:00+01:00;50.1349983215332;50.1349983215332;50.119998931884766;50.130001068115234;50.130001068115234;41
2024-12-12 09:35:00+01:00;50.137001037597656;50.137001037597656;50.137001037597656;50.137001037597656;50.137001037597656;15
2024-12-12 09:36:00+01:00;50.137001037597656;50.137001037597656;50.130001068115234;50.13199996948242;50.13199996948242;15
2024-12-12 09:37:00+01:00;50.13600158691406;50.137001037597656;50.13600158691406;50.137001037597656;50.137001037597656;6
2024-12-12 09:38:00+01:00;50.137001037597656;50.137001037597656;50.137001037597656;50.137001037597656;50.137001037597656;448
2024-12-12 09:39:00+01:00;50.1349983215332;50.1349983215332;50.11000061035156;50.11000061035156;50.11000061035156;289
2024-12-12 09:40:00+01:00;50.12300109863281;50.138999938964844;50.12300109863281;50.138999938964844;50.138999938964844;42
2024-12-12 09:41:00+01:00;50.137001037597656;50.13800048828125;50.137001037597656;50.13800048828125;50.13800048828125;2
2024-12-12 09:42:00+01:00;50.138999938964844;50.15399932861328;50.138999938964844;50.15399932861328;50.15399932861328;23
2024-12-12 09:43:00+01:00;50.13999938964844;50.14799880981445;50.13999938964844;50.14799880981445;50.14799880981445;196
2024-12-12 09:44:00+01:00;50.13999938964844;50.14799880981445;50.13999938964844;50.14799880981445;50.14799880981445;333
2024-12-12 09:45:00+01:00;50.12900161743164;50.12900161743164;50.11600112915039;50.11600112915039;50.11600112915039;184
2024-12-12 09:47:00+01:00;50.13999938964844;50.14799880981445;50.13999938964844;50.14799880981445;50.14799880981445;126
2024-12-12 09:48:00+01:00;50.14799880981445;50.15399932861328;50.14799880981445;50.15399932861328;50.15399932861328;22
2024-12-12 09:50:00+01:00;50.15399932861328;50.15399932861328;50.15399932861328;50.15399932861328;50.15399932861328;27
2024-12-12 09:51:00+01:00;50.12900161743164;50.12900161743164;50.125999450683594;50.125999450683594;50.125999450683594;102
2024-12-12 09:52:00+01:00;50.130001068115234;50.130001068115234;50.130001068115234;50.130001068115234;50.130001068115234;3
2024-12-12 09:53:00+01:00;50.13600158691406;50.13600158691406;50.13600158691406;50.13600158691406;50.13600158691406;13
2024-12-12 09:55:00+01:00;50.13600158691406;50.13999938964844;50.13600158691406;50.13999938964844;50.13999938964844;6
2024-12-12 09:56:00+01:00;50.13999938964844;50.13999938964844;50.13999938964844;50.13999938964844;50.13999938964844;120
2024-12-12 09:57:00+01:00;50.13999938964844;50.13999938964844;50.13999938964844;50.13999938964844;50.13999938964844;17
2024-12-12 09:58:00+01:00;50.138999938964844;50.138999938964844;50.138999938964844;50.138999938964844;50.138999938964844;5
2024-12-12 10:02:00+01:00;50.141998291015625;50.14899826049805;50.141998291015625;50.14899826049805;50.14899826049805;117
2024-12-12 10:03:00+01:00;50.130001068115234;50.130001068115234;50.130001068115234;50.130001068115234;50.130001068115234;2
2024-12-12 10:04:00+01:00;50.14799880981445;50.14799880981445;50.14799880981445;50.14799880981445;50.14799880981445;19
2024-12-12 10:05:00+01:00;50.152000427246094;50.152000427246094;50.152000427246094;50.152000427246094;50.152000427246094;312
2024-12-12 10:06:00+01:00;50.152000427246094;50.152000427246094;50.152000427246094;50.152000427246094;50.152000427246094;1
2024-12-12 10:07:00+01:00;50.14899826049805;50.14899826049805;50.14899826049805;50.14899826049805;50.14899826049805;2
2024-12-12 10:09:00+01:00;50.14699935913086;50.14699935913086;50.119998931884766;50.119998931884766;50.119998931884766;141
2024-12-12 10:10:00+01:00;50.11899948120117;50.13199996948242;50.11800003051758;50.12699890136719;50.12699890136719;1165
2024-12-12 10:11:00+01:00;50.11000061035156;50.124000549316406;50.11000061035156;50.124000549316406;50.124000549316406;1048
2024-12-12 10:12:00+01:00;50.124000549316406;50.124000549316406;50.124000549316406;50.124000549316406;50.124000549316406;1040
2024-12-12 10:15:00+01:00;50.125;50.125;50.125;50.125;50.125;24
2024-12-12 10:16:00+01:00;50.125;50.125;50.10499954223633;50.10499954223633;50.10499954223633;88
2024-12-12 10:18:00+01:00;50.11899948120117;50.11899948120117;50.11899948120117;50.11899948120117;50.11899948120117;47
2024-12-12 10:19:00+01:00;50.11899948120117;50.11899948120117;50.11899948120117;50.11899948120117;50.11899948120117;21
2024-12-12 10:20:00+01:00;50.11899948120117;50.125;50.11899948120117;50.125;50.125;4231
2024-12-12 10:21:00+01:00;50.12300109863281;50.12300109863281;50.099998474121094;50.099998474121094;50.099998474121094;1097
2024-12-12 10:22:00+01:00;50.12099838256836;50.12099838256836;50.12099838256836;50.12099838256836;50.12099838256836;22
2024-12-12 10:23:00+01:00;50.09700012207031;50.11800003051758;50.09700012207031;50.11800003051758;50.11800003051758;600
2024-12-12 10:24:00+01:00;50.11899948120117;50.11899948120117;50.11899948120117;50.11899948120117;50.11899948120117;150
2024-12-12 10:26:00+01:00;50.09700012207031;50.12200164794922;50.09700012207031;50.12200164794922;50.12200164794922;406
2024-12-12 10:27:00+01:00;50.11899948120117;50.12300109863281;50.11899948120117;50.12200164794922;50.12200164794922;37
2024-12-12 10:28:00+01:00;50.12200164794922;50.12200164794922;50.12099838256836;50.12099838256836;50.12099838256836;5
2024-12-12 10:29:00+01:00;50.12099838256836;50.12099838256836;50.12099838256836;50.12099838256836;50.12099838256836;10
2024-12-12 10:30:00+01:00;50.11899948120117;50.12099838256836;50.097999572753906;50.097999572753906;50.097999572753906;308
2024-12-12 10:31:00+01:00;50.11899948120117;50.11899948120117;50.11899948120117;50.11899948120117;50.11899948120117;43
2024-12-12 10:34:00+01:00;50.119998931884766;50.119998931884766;50.119998931884766;50.119998931884766;50.119998931884766;2
2024-12-12 10:35:00+01:00;50.10599899291992;50.12300109863281;50.10599899291992;50.12300109863281;50.12300109863281;21
2024-12-12 10:36:00+01:00;50.09000015258789;50.09000015258789;50.09000015258789;50.09000015258789;50.09000015258789;161
2024-12-12 10:37:00+01:00;50.10599899291992;50.10599899291992;50.099998474121094;50.099998474121094;50.099998474121094;398
2024-12-12 10:40:00+01:00;50.08599853515625;50.10499954223633;50.08599853515625;50.10499954223633;50.10499954223633;50
2024-12-12 10:41:00+01:00;50.10300064086914;50.10300064086914;50.10300064086914;50.10300064086914;50.10300064086914;7
2024-12-12 10:42:00+01:00;50.111000061035156;50.111000061035156;50.111000061035156;50.111000061035156;50.111000061035156;6
2024-12-12 10:43:00+01:00;50.11600112915039;50.11600112915039;50.11600112915039;50.11600112915039;50.11600112915039;50
2024-12-12 10:44:00+01:00;50.119998931884766;50.119998931884766;50.119998931884766;50.119998931884766;50.119998931884766;7
2024-12-12 10:46:00+01:00;50.12099838256836;50.12099838256836;50.119998931884766;50.119998931884766;50.119998931884766;413
2024-12-12 10:47:00+01:00;50.119998931884766;50.12099838256836;50.119998931884766;50.12099838256836;50.12099838256836;134
2024-12-12 10:48:00+01:00;50.11899948120117;50.119998931884766;50.11899948120117;50.119998931884766;50.119998931884766;73
2024-12-12 10:49:00+01:00;50.13199996948242;50.13199996948242;50.13199996948242;50.13199996948242;50.13199996948242;9
2024-12-12 10:50:00+01:00;50.12900161743164;50.12900161743164;50.12900161743164;50.12900161743164;50.12900161743164;8
2024-12-12 10:51:00+01:00;50.12699890136719;50.12900161743164;50.12699890136719;50.12900161743164;50.12900161743164;5
2024-12-12 10:52:00+01:00;50.138999938964844;50.138999938964844;50.138999938964844;50.138999938964844;50.138999938964844;16
2024-12-12 10:53:00+01:00;50.138999938964844;50.138999938964844;50.138999938964844;50.138999938964844;50.138999938964844;31
2024-12-12 10:54:00+01:00;50.13399887084961;50.13399887084961;50.13399887084961;50.13399887084961;50.13399887084961;29
2024-12-12 10:55:00+01:00;50.13399887084961;50.13399887084961;50.13399887084961;50.13399887084961;50.13399887084961;108
2024-12-12 10:56:00+01:00;50.13399887084961;50.13399887084961;50.13399887084961;50.13399887084961;50.13399887084961;7
2024-12-12 10:57:00+01:00;50.13399887084961;50.13399887084961;50.13199996948242;50.13199996948242;50.13199996948242;33
2024-12-12 10:58:00+01:00;50.13100051879883;50.13100051879883;50.13100051879883;50.13100051879883;50.13100051879883;10
2024-12-12 10:59:00+01:00;50.12699890136719;50.12699890136719;50.12699890136719;50.12699890136719;50.12699890136719;2
2024-12-12 11:00:00+01:00;50.099998474121094;50.099998474121094;50.099998474121094;50.099998474121094;50.099998474121094;2
2024-12-12 11:02:00+01:00;50.112998962402344;50.112998962402344;50.11000061035156;50.11000061035156;50.11000061035156;14
2024-12-12 11:04:00+01:00;50.111000061035156;50.111000061035156;50.111000061035156;50.111000061035156;50.111000061035156;2
2024-12-12 11:05:00+01:00;50.10900115966797;50.10900115966797;50.10900115966797;50.10900115966797;50.10900115966797;250
2024-12-12 11:06:00+01:00;50.099998474121094;50.112998962402344;50.099998474121094;50.112998962402344;50.112998962402344;999
2024-12-12 11:07:00+01:00;50.11399841308594;50.11399841308594;50.11399841308594;50.11399841308594;50.11399841308594;100
2024-12-12 11:08:00+01:00;50.11399841308594;50.11399841308594;50.11399841308594;50.11399841308594;50.11399841308594;4
2024-12-12 11:09:00+01:00;50.11399841308594;50.11399841308594;50.112998962402344;50.112998962402344;50.112998962402344;408
2024-12-12 11:10:00+01:00;50.11399841308594;50.11399841308594;50.11399841308594;50.11399841308594;50.11399841308594;99
2024-12-12 11:11:00+01:00;50.11199951171875;50.11199951171875;50.11199951171875;50.11199951171875;50.11199951171875;3
2024-12-12 11:12:00+01:00;50.112998962402344;50.112998962402344;50.112998962402344;50.112998962402344;50.112998962402344;11
2024-12-12 11:13:00+01:00;50.11399841308594;50.11399841308594;50.11399841308594;50.11399841308594;50.11399841308594;404
2024-12-12 11:14:00+01:00;50.1150016784668;50.1150016784668;50.1150016784668;50.1150016784668;50.1150016784668;79
2024-12-12 11:15:00+01:00;50.1150016784668;50.1150016784668;50.1150016784668;50.1150016784668;50.1150016784668;293
2024-12-12 11:16:00+01:00;50.1150016784668;50.1150016784668;50.1150016784668;50.1150016784668;50.1150016784668;12
2024-12-12 11:17:00+01:00;50.11899948120117;50.11899948120117;50.11899948120117;50.11899948120117;50.11899948120117;8
2024-12-12 11:18:00+01:00;50.11899948120117;50.11899948120117;50.11899948120117;50.11899948120117;50.11899948120117;5205
2024-12-12 11:19:00+01:00;50.119998931884766;50.130001068115234;50.111000061035156;50.111000061035156;50.111000061035156;52
2024-12-12 11:20:00+01:00;50.111000061035156;50.12900161743164;50.111000061035156;50.12900161743164;50.12900161743164;4
2024-12-12 11:21:00+01:00;50.130001068115234;50.130001068115234;50.130001068115234;50.130001068115234;50.130001068115234;3
2024-12-12 11:22:00+01:00;50.130001068115234;50.130001068115234;50.130001068115234;50.130001068115234;50.130001068115234;25
2024-12-12 11:23:00+01:00;50.13399887084961;50.13399887084961;50.13399887084961;50.13399887084961;50.13399887084961;13
2024-12-12 11:24:00+01:00;50.13399887084961;50.13399887084961;50.13399887084961;50.13399887084961;50.13399887084961;37
2024-12-12 11:25:00+01:00;50.1349983215332;50.145999908447266;50.1349983215332;50.145999908447266;50.145999908447266;100
2024-12-12 11:26:00+01:00;50.145999908447266;50.145999908447266;50.145999908447266;50.145999908447266;50.145999908447266;20
2024-12-12 11:30:00+01:00;50.14500045776367;50.14500045776367;50.14500045776367;50.14500045776367;50.14500045776367;14
2024-12-12 11:31:00+01:00;50.141998291015625;50.141998291015625;50.141998291015625;50.141998291015625;50.141998291015625;20
2024-12-12 11:32:00+01:00;50.13800048828125;50.13800048828125;50.125;50.125;50.125;13
2024-12-12 11:33:00+01:00;50.145999908447266;50.145999908447266;50.145999908447266;50.145999908447266;50.145999908447266;200
2024-12-12 11:34:00+01:00;50.15800094604492;50.1609992980957;50.15800094604492;50.1609992980957;50.1609992980957;44
2024-12-12 11:35:00+01:00;50.1609992980957;50.1609992980957;50.15700149536133;50.15700149536133;50.15700149536133;29
2024-12-12 11:38:00+01:00;50.1609992980957;50.1609992980957;50.1609992980957;50.1609992980957;50.1609992980957;2
2024-12-12 11:41:00+01:00;50.1609992980957;50.1609992980957;50.1609992980957;50.1609992980957;50.1609992980957;2
2024-12-12 11:42:00+01:00;50.16299819946289;50.16299819946289;50.16299819946289;50.16299819946289;50.16299819946289;79
2024-12-12 11:43:00+01:00;50.16299819946289;50.16299819946289;50.16299819946289;50.16299819946289;50.16299819946289;4
2024-12-12 11:44:00+01:00;50.17100143432617;50.17100143432617;50.17100143432617;50.17100143432617;50.17100143432617;4155
2024-12-12 11:45:00+01:00;50.17100143432617;50.17300033569336;50.16999816894531;50.17300033569336;50.17300033569336;4410
2024-12-12 11:47:00+01:00;50.17599868774414;50.17599868774414;50.17599868774414;50.17599868774414;50.17599868774414;5
2024-12-12 11:48:00+01:00;50.172000885009766;50.172000885009766;50.172000885009766;50.172000885009766;50.172000885009766;40
2024-12-12 11:50:00+01:00;50.16699981689453;50.17499923706055;50.16699981689453;50.17499923706055;50.17499923706055;21
2024-12-12 11:51:00+01:00;50.17100143432617;50.17499923706055;50.17100143432617;50.17499923706055;50.17499923706055;23
2024-12-12 11:52:00+01:00;50.172000885009766;50.172000885009766;50.172000885009766;50.172000885009766;50.172000885009766;6
2024-12-12 11:53:00+01:00;50.172000885009766;50.172000885009766;50.172000885009766;50.172000885009766;50.172000885009766;2
2024-12-12 11:54:00+01:00;50.15399932861328;50.15399932861328;50.15399932861328;50.15399932861328;50.15399932861328;19
2024-12-12 11:56:00+01:00;50.17900085449219;50.18899917602539;50.17900085449219;50.18899917602539;50.18899917602539;84
2024-12-12 11:57:00+01:00;50.185001373291016;50.18899917602539;50.185001373291016;50.18899917602539;50.18899917602539;11
2024-12-12 11:58:00+01:00;50.194000244140625;50.194000244140625;50.194000244140625;50.194000244140625;50.194000244140625;1
2024-12-12 11:59:00+01:00;50.18899917602539;50.19300079345703;50.18899917602539;50.19300079345703;50.19300079345703;19
2024-12-12 12:01:00+01:00;50.189998626708984;50.198001861572266;50.189998626708984;50.198001861572266;50.198001861572266;19
2024-12-12 12:02:00+01:00;50.198001861572266;50.198001861572266;50.189998626708984;50.198001861572266;50.198001861572266;79
2024-12-12 12:03:00+01:00;50.191001892089844;50.191001892089844;50.191001892089844;50.191001892089844;50.191001892089844;1
2024-12-12 12:04:00+01:00;50.189998626708984;50.189998626708984;50.16999816894531;50.16999816894531;50.16999816894531;11
2024-12-12 12:05:00+01:00;50.189998626708984;50.189998626708984;50.18000030517578;50.18000030517578;50.18000030517578;29
2024-12-12 12:06:00+01:00;50.19200134277344;50.19200134277344;50.189998626708984;50.189998626708984;50.189998626708984;211
2024-12-12 12:07:00+01:00;50.189998626708984;50.189998626708984;50.189998626708984;50.189998626708984;50.189998626708984;20
2024-12-12 12:08:00+01:00;50.1870002746582;50.1870002746582;50.1870002746582;50.1870002746582;50.1870002746582;11
2024-12-12 12:10:00+01:00;50.1879997253418;50.1879997253418;50.1879997253418;50.1879997253418;50.1879997253418;2
2024-12-12 12:11:00+01:00;50.183998107910156;50.183998107910156;50.183998107910156;50.183998107910156;50.183998107910156;25
2024-12-12 12:13:00+01:00;50.19200134277344;50.19200134277344;50.16400146484375;50.18600082397461;50.18600082397461;388
2024-12-12 12:14:00+01:00;50.172000885009766;50.172000885009766;50.150001525878906;50.150001525878906;50.150001525878906;24
2024-12-12 12:15:00+01:00;50.16299819946289;50.16299819946289;50.14500045776367;50.14500045776367;50.14500045776367;22
2024-12-12 12:16:00+01:00;50.15999984741211;50.16400146484375;50.15999984741211;50.16400146484375;50.16400146484375;23
2024-12-12 12:18:00+01:00;50.172000885009766;50.172000885009766;50.172000885009766;50.172000885009766;50.172000885009766;100
2024-12-12 12:19:00+01:00;50.17599868774414;50.17599868774414;50.1510009765625;50.1510009765625;50.1510009765625;29
2024-12-12 12:20:00+01:00;50.176998138427734;50.176998138427734;50.176998138427734;50.176998138427734;50.176998138427734;10
2024-12-12 12:22:00+01:00;50.14500045776367;50.165000915527344;50.14500045776367;50.165000915527344;50.165000915527344;93
2024-12-12 12:23:00+01:00;50.165000915527344;50.165000915527344;50.165000915527344;50.165000915527344;50.165000915527344;100
2024-12-12 12:26:00+01:00;50.1609992980957;50.1609992980957;50.1609992980957;50.1609992980957;50.1609992980957;590
2024-12-12 12:27:00+01:00;50.16299819946289;50.16299819946289;50.16299819946289;50.16299819946289;50.16299819946289;20
2024-12-12 12:28:00+01:00;50.1609992980957;50.1609992980957;50.15800094604492;50.15800094604492;50.15800094604492;206
2024-12-12 12:29:00+01:00;50.159000396728516;50.159000396728516;50.159000396728516;50.159000396728516;50.159000396728516;1
2024-12-12 12:31:00+01:00;50.130001068115234;50.130001068115234;50.125;50.125;50.125;13
2024-12-12 12:32:00+01:00;50.150001525878906;50.150001525878906;50.150001525878906;50.150001525878906;50.150001525878906;10
2024-12-12 12:33:00+01:00;50.150001525878906;50.150001525878906;50.14500045776367;50.14500045776367;50.14500045776367;41
2024-12-12 12:35:00+01:00;50.150001525878906;50.150001525878906;50.150001525878906;50.150001525878906;50.150001525878906;74
2024-12-12 12:36:00+01:00;50.1510009765625;50.1510009765625;50.1510009765625;50.1510009765625;50.1510009765625;2
2024-12-12 12:37:00+01:00;50.125999450683594;50.125999450683594;50.125999450683594;50.125999450683594;50.125999450683594;20
2024-12-12 12:38:00+01:00;50.1510009765625;50.1510009765625;50.130001068115234;50.130001068115234;50.130001068115234;114
2024-12-12 12:39:00+01:00;50.145999908447266;50.145999908447266;50.145999908447266;50.145999908447266;50.145999908447266;2
2024-12-12 12:40:00+01:00;50.1510009765625;50.1510009765625;50.1510009765625;50.1510009765625;50.1510009765625;2
2024-12-12 12:41:00+01:00;50.150001525878906;50.1510009765625;50.130001068115234;50.130001068115234;50.130001068115234;359
2024-12-12 12:44:00+01:00;50.150001525878906;50.150001525878906;50.12300109863281;50.150001525878906;50.150001525878906;939
2024-12-12 12:45:00+01:00;50.14799880981445;50.14899826049805;50.14799880981445;50.14899826049805;50.14899826049805;420
2024-12-12 12:46:00+01:00;50.12699890136719;50.12699890136719;50.12699890136719;50.12699890136719;50.12699890136719;365
2024-12-12 12:47:00+01:00;50.150001525878906;50.150001525878906;50.150001525878906;50.150001525878906;50.150001525878906;39
2024-12-12 12:48:00+01:00;50.1510009765625;50.1510009765625;50.1510009765625;50.1510009765625;50.1510009765625;8
2024-12-12 12:49:00+01:00;50.1510009765625;50.1510009765625;50.1510009765625;50.1510009765625;50.1510009765625;319
2024-12-12 12:50:00+01:00;50.1510009765625;50.1510009765625;50.13600158691406;50.13600158691406;50.13600158691406;314
2024-12-12 12:51:00+01:00;50.14899826049805;50.14899826049805;50.14899826049805;50.14899826049805;50.14899826049805;750
2024-12-12 12:52:00+01:00;50.1510009765625;50.152000427246094;50.1510009765625;50.152000427246094;50.152000427246094;416
2024-12-12 12:53:00+01:00;50.1510009765625;50.1510009765625;50.1510009765625;50.1510009765625;50.1510009765625;300
2024-12-12 12:54:00+01:00;50.1510009765625;50.1510009765625;50.13100051879883;50.1510009765625;50.1510009765625;305
2024-12-12 12:55:00+01:00;50.1510009765625;50.1510009765625;50.1510009765625;50.1510009765625;50.1510009765625;1
2024-12-12 12:56:00+01:00;50.1510009765625;50.1510009765625;50.1510009765625;50.1510009765625;50.1510009765625;10
2024-12-12 12:58:00+01:00;50.1510009765625;50.1510009765625;50.1510009765625;50.1510009765625;50.1510009765625;10
2024-12-12 12:59:00+01:00;50.1510009765625;50.1510009765625;50.1510009765625;50.1510009765625;50.1510009765625;6
2024-12-12 13:01:00+01:00;50.150001525878906;50.167999267578125;50.150001525878906;50.167999267578125;50.167999267578125;102
2024-12-12 13:02:00+01:00;50.14799880981445;50.14799880981445;50.14799880981445;50.14799880981445;50.14799880981445;2
2024-12-12 13:06:00+01:00;50.15999984741211;50.15999984741211;50.15999984741211;50.15999984741211;50.15999984741211;195
2024-12-12 13:07:00+01:00;50.16400146484375;50.16400146484375;50.16400146484375;50.16400146484375;50.16400146484375;4
2024-12-12 13:08:00+01:00;50.18299865722656;50.18299865722656;50.18299865722656;50.18299865722656;50.18299865722656;100
2024-12-12 13:09:00+01:00;50.18299865722656;50.18299865722656;50.18299865722656;50.18299865722656;50.18299865722656;10
2024-12-12 13:10:00+01:00;50.18299865722656;50.18299865722656;50.16999816894531;50.16999816894531;50.16999816894531;23
2024-12-12 13:11:00+01:00;50.18299865722656;50.18299865722656;50.16899871826172;50.16899871826172;50.16899871826172;12
2024-12-12 13:12:00+01:00;50.19499969482422;50.19499969482422;50.19499969482422;50.19499969482422;50.19499969482422;2
2024-12-12 13:13:00+01:00;50.17599868774414;50.17599868774414;50.17599868774414;50.17599868774414;50.17599868774414;2
2024-12-12 13:14:00+01:00;50.194000244140625;50.194000244140625;50.194000244140625;50.194000244140625;50.194000244140625;2
2024-12-12 13:15:00+01:00;50.183998107910156;50.183998107910156;50.15999984741211;50.180999755859375;50.180999755859375;14
2024-12-12 13:16:00+01:00;50.167999267578125;50.167999267578125;50.167999267578125;50.167999267578125;50.167999267578125;1
2024-12-12 13:17:00+01:00;50.198001861572266;50.198001861572266;50.17599868774414;50.17599868774414;50.17599868774414;8
2024-12-12 13:18:00+01:00;50.198001861572266;50.198001861572266;50.198001861572266;50.198001861572266;50.198001861572266;3
2024-12-12 13:19:00+01:00;50.198001861572266;50.198001861572266;50.183998107910156;50.183998107910156;50.183998107910156;852
2024-12-12 13:22:00+01:00;50.19900131225586;50.20000076293945;50.19900131225586;50.20000076293945;50.20000076293945;1055
2024-12-12 13:23:00+01:00;50.19599914550781;50.215999603271484;50.19599914550781;50.2140007019043;50.2140007019043;23
2024-12-12 13:24:00+01:00;50.21200180053711;50.21200180053711;50.189998626708984;50.189998626708984;50.189998626708984;4
2024-12-12 13:25:00+01:00;50.209999084472656;50.2130012512207;50.19200134277344;50.2130012512207;50.2130012512207;15
2024-12-12 13:26:00+01:00;50.21200180053711;50.21200180053711;50.20899963378906;50.20899963378906;50.20899963378906;12
2024-12-12 13:27:00+01:00;50.1879997253418;50.207000732421875;50.1879997253418;50.207000732421875;50.207000732421875;3
2024-12-12 13:29:00+01:00;50.19599914550781;50.20000076293945;50.19599914550781;50.20000076293945;50.20000076293945;82
2024-12-12 13:30:00+01:00;50.189998626708984;50.196998596191406;50.189998626708984;50.196998596191406;50.196998596191406;14
2024-12-12 13:31:00+01:00;50.19499969482422;50.19499969482422;50.19499969482422;50.19499969482422;50.19499969482422;93
2024-12-12 13:33:00+01:00;50.17900085449219;50.17900085449219;50.17900085449219;50.17900085449219;50.17900085449219;1
2024-12-12 13:34:00+01:00;50.17499923706055;50.176998138427734;50.17499923706055;50.176998138427734;50.176998138427734;21
2024-12-12 13:35:00+01:00;50.167999267578125;50.167999267578125;50.150001525878906;50.150001525878906;50.150001525878906;22
2024-12-12 13:36:00+01:00;50.16999816894531;50.16999816894531;50.16999816894531;50.16999816894531;50.16999816894531;3
2024-12-12 13:37:00+01:00;50.165000915527344;50.165000915527344;50.165000915527344;50.165000915527344;50.165000915527344;2
2024-12-12 13:38:00+01:00;50.167999267578125;50.167999267578125;50.167999267578125;50.167999267578125;50.167999267578125;2
2024-12-12 13:39:00+01:00;50.16899871826172;50.17100143432617;50.16899871826172;50.17100143432617;50.17100143432617;14
2024-12-12 13:40:00+01:00;50.14799880981445;50.14799880981445;50.14799880981445;50.14799880981445;50.14799880981445;9
2024-12-12 13:42:00+01:00;50.1609992980957;50.1609992980957;50.1609992980957;50.1609992980957;50.1609992980957;6
2024-12-12 13:43:00+01:00;50.16299819946289;50.16299819946289;50.16299819946289;50.16299819946289;50.16299819946289;102
2024-12-12 13:45:00+01:00;50.125999450683594;50.125999450683594;50.125999450683594;50.125999450683594;50.125999450683594;9
2024-12-12 13:46:00+01:00;50.152000427246094;50.152000427246094;50.152000427246094;50.152000427246094;50.152000427246094;4
2024-12-12 13:48:00+01:00;50.16899871826172;50.16899871826172;50.16899871826172;50.16899871826172;50.16899871826172;25
2024-12-12 13:49:00+01:00;50.17100143432617;50.17100143432617;50.17100143432617;50.17100143432617;50.17100143432617;4
2024-12-12 13:50:00+01:00;50.14899826049805;50.14899826049805;50.14899826049805;50.14899826049805;50.14899826049805;2
2024-12-12 13:52:00+01:00;50.172000885009766;50.172000885009766;50.172000885009766;50.172000885009766;50.172000885009766;2
2024-12-12 13:53:00+01:00;50.172000885009766;50.172000885009766;50.172000885009766;50.172000885009766;50.172000885009766;1
2024-12-12 13:54:00+01:00;50.15599822998047;50.17499923706055;50.15599822998047;50.17499923706055;50.17499923706055;6
2024-12-12 13:55:00+01:00;50.183998107910156;50.183998107910156;50.16899871826172;50.16899871826172;50.16899871826172;76
2024-12-12 13:56:00+01:00;50.20399856567383;50.20399856567383;50.20399856567383;50.20399856567383;50.20399856567383;4
2024-12-12 13:59:00+01:00;50.20399856567383;50.20399856567383;50.20399856567383;50.20399856567383;50.20399856567383;3
2024-12-12 14:01:00+01:00;50.20199966430664;50.20199966430664;50.16899871826172;50.16899871826172;50.16899871826172;37
2024-12-12 14:03:00+01:00;50.20000076293945;50.20000076293945;50.20000076293945;50.20000076293945;50.20000076293945;6
2024-12-12 14:06:00+01:00;50.189998626708984;50.189998626708984;50.189998626708984;50.189998626708984;50.189998626708984;35
2024-12-12 14:07:00+01:00;50.20399856567383;50.207000732421875;50.20399856567383;50.207000732421875;50.207000732421875;120
2024-12-12 14:09:00+01:00;50.207000732421875;50.207000732421875;50.20399856567383;50.20399856567383;50.20399856567383;73
2024-12-12 14:10:00+01:00;50.20199966430664;50.20199966430664;50.20199966430664;50.20199966430664;50.20199966430664;9
2024-12-12 14:11:00+01:00;50.20399856567383;50.20399856567383;50.20399856567383;50.20399856567383;50.20399856567383;26
2024-12-12 14:14:00+01:00;50.21200180053711;50.277000427246094;50.21200180053711;50.277000427246094;50.277000427246094;12
2024-12-12 14:15:00+01:00;50.20399856567383;50.20899963378906;50.20399856567383;50.20899963378906;50.20899963378906;11
2024-12-12 14:16:00+01:00;50.26100158691406;50.26100158691406;50.26100158691406;50.26100158691406;50.26100158691406;29
2024-12-12 14:17:00+01:00;50.277000427246094;50.30400085449219;50.277000427246094;50.284000396728516;50.284000396728516;128
2024-12-12 14:18:00+01:00;50.2859992980957;50.2859992980957;50.25600051879883;50.2599983215332;50.2599983215332;33
2024-12-12 14:19:00+01:00;50.25299835205078;50.25600051879883;50.25;50.25;50.25;27
2024-12-12 14:20:00+01:00;50.24599838256836;50.2599983215332;50.24100112915039;50.2599983215332;50.2599983215332;37
2024-12-12 14:21:00+01:00;50.2599983215332;50.26300048828125;50.25899887084961;50.25899887084961;50.25899887084961;327
2024-12-12 14:23:00+01:00;50.244998931884766;50.244998931884766;50.244998931884766;50.244998931884766;50.244998931884766;308
2024-12-12 14:25:00+01:00;50.26599884033203;50.266998291015625;50.25;50.25;50.25;322
2024-12-12 14:28:00+01:00;50.277000427246094;50.277000427246094;50.277000427246094;50.277000427246094;50.277000427246094;1
2024-12-12 14:29:00+01:00;50.290000915527344;50.292999267578125;50.28900146484375;50.292999267578125;50.292999267578125;327
2024-12-12 14:30:00+01:00;50.25;50.25;50.25;50.25;50.25;303
2024-12-12 14:31:00+01:00;50.25199890136719;50.25199890136719;50.2140007019043;50.2140007019043;50.2140007019043;105
2024-12-12 14:32:00+01:00;50.202999114990234;50.20500183105469;50.20000076293945;50.20500183105469;50.20500183105469;47
2024-12-12 14:33:00+01:00;50.20000076293945;50.20000076293945;50.20000076293945;50.20000076293945;50.20000076293945;300
2024-12-12 14:34:00+01:00;50.20199966430664;50.20199966430664;50.20000076293945;50.20000076293945;50.20000076293945;302
2024-12-12 14:35:00+01:00;50.20500183105469;50.20500183105469;50.198001861572266;50.198001861572266;50.198001861572266;19
2024-12-12 14:36:00+01:00;50.16699981689453;50.16699981689453;50.119998931884766;50.119998931884766;50.119998931884766;917
2024-12-12 14:37:00+01:00;50.152000427246094;50.152000427246094;50.152000427246094;50.152000427246094;50.152000427246094;4
2024-12-12 14:38:00+01:00;50.14899826049805;50.14899826049805;50.14899826049805;50.14899826049805;50.14899826049805;300
2024-12-12 14:39:00+01:00;50.16400146484375;50.16400146484375;50.16400146484375;50.16400146484375;50.16400146484375;300
2024-12-12 14:40:00+01:00;50.14799880981445;50.152000427246094;50.14799880981445;50.152000427246094;50.152000427246094;310
2024-12-12 14:41:00+01:00;50.137001037597656;50.137001037597656;50.137001037597656;50.137001037597656;50.137001037597656;7
2024-12-12 14:42:00+01:00;50.14400100708008;50.14400100708008;50.14400100708008;50.14400100708008;50.14400100708008;2
2024-12-12 14:44:00+01:00;50.138999938964844;50.138999938964844;50.137001037597656;50.137001037597656;50.137001037597656;8
2024-12-12 14:46:00+01:00;50.15800094604492;50.15800094604492;50.15800094604492;50.15800094604492;50.15800094604492;100
2024-12-12 14:48:00+01:00;50.154998779296875;50.154998779296875;50.154998779296875;50.154998779296875;50.154998779296875;50
2024-12-12 14:50:00+01:00;50.15800094604492;50.15800094604492;50.14799880981445;50.14799880981445;50.14799880981445;21
2024-12-12 14:51:00+01:00;50.119998931884766;50.119998931884766;50.119998931884766;50.119998931884766;50.119998931884766;2
2024-12-12 14:52:00+01:00;50.16299819946289;50.16299819946289;50.16299819946289;50.16299819946289;50.16299819946289;93
2024-12-12 14:53:00+01:00;50.18000030517578;50.19300079345703;50.18000030517578;50.18899917602539;50.18899917602539;23
2024-12-12 14:54:00+01:00;50.19200134277344;50.19200134277344;50.189998626708984;50.189998626708984;50.189998626708984;11
2024-12-12 14:55:00+01:00;50.17100143432617;50.17100143432617;50.17100143432617;50.17100143432617;50.17100143432617;2
2024-12-12 14:56:00+01:00;50.19200134277344;50.19200134277344;50.19200134277344;50.19200134277344;50.19200134277344;9
2024-12-12 14:57:00+01:00;50.19499969482422;50.19499969482422;50.19499969482422;50.19499969482422;50.19499969482422;9
2024-12-12 14:58:00+01:00;50.20500183105469;50.20500183105469;50.19300079345703;50.19300079345703;50.19300079345703;6
2024-12-12 14:59:00+01:00;50.22200012207031;50.22200012207031;50.21200180053711;50.21200180053711;50.21200180053711;23
2024-12-12 15:00:00+01:00;50.19300079345703;50.22100067138672;50.19300079345703;50.22100067138672;50.22100067138672;100
2024-12-12 15:01:00+01:00;50.222999572753906;50.222999572753906;50.222999572753906;50.222999572753906;50.222999572753906;10
2024-12-12 15:02:00+01:00;50.18899917602539;50.18899917602539;50.18899917602539;50.18899917602539;50.18899917602539;2
2024-12-12 15:03:00+01:00;50.19200134277344;50.19200134277344;50.19200134277344;50.19200134277344;50.19200134277344;55
2024-12-12 15:04:00+01:00;50.196998596191406;50.21500015258789;50.196998596191406;50.21500015258789;50.21500015258789;66
2024-12-12 15:05:00+01:00;50.23099899291992;50.23099899291992;50.23099899291992;50.23099899291992;50.23099899291992;4
2024-12-12 15:06:00+01:00;50.209999084472656;50.244998931884766;50.20000076293945;50.244998931884766;50.244998931884766;28
2024-12-12 15:07:00+01:00;50.23899841308594;50.23899841308594;50.209999084472656;50.209999084472656;50.209999084472656;4
2024-12-12 15:08:00+01:00;50.21099853515625;50.21099853515625;50.21099853515625;50.21099853515625;50.21099853515625;39
2024-12-12 15:09:00+01:00;50.189998626708984;50.189998626708984;50.189998626708984;50.189998626708984;50.189998626708984;20
2024-12-12 15:10:00+01:00;50.22100067138672;50.22100067138672;50.22100067138672;50.22100067138672;50.22100067138672;50
2024-12-12 15:12:00+01:00;50.25400161743164;50.25400161743164;50.25400161743164;50.25400161743164;50.25400161743164;3
2024-12-12 15:13:00+01:00;50.22999954223633;50.25600051879883;50.22999954223633;50.25600051879883;50.25600051879883;11
2024-12-12 15:14:00+01:00;50.22999954223633;50.22999954223633;50.22999954223633;50.22999954223633;50.22999954223633;23
2024-12-12 15:16:00+01:00;50.242000579833984;50.242000579833984;50.242000579833984;50.242000579833984;50.242000579833984;14
2024-12-12 15:17:00+01:00;50.23099899291992;50.23099899291992;50.23099899291992;50.23099899291992;50.23099899291992;2
2024-12-12 15:18:00+01:00;50.22700119018555;50.22700119018555;50.22700119018555;50.22700119018555;50.22700119018555;59
2024-12-12 15:19:00+01:00;50.191001892089844;50.222999572753906;50.15999984741211;50.222999572753906;50.222999572753906;57
2024-12-12 15:21:00+01:00;50.224998474121094;50.224998474121094;50.224998474121094;50.224998474121094;50.224998474121094;43
2024-12-12 15:22:00+01:00;50.20800018310547;50.233001708984375;50.20800018310547;50.231998443603516;50.231998443603516;16
2024-12-12 15:23:00+01:00;50.22600173950195;50.22600173950195;50.22600173950195;50.22600173950195;50.22600173950195;2
2024-12-12 15:24:00+01:00;50.19200134277344;50.19200134277344;50.19200134277344;50.19200134277344;50.19200134277344;1
2024-12-12 15:25:00+01:00;50.18899917602539;50.18899917602539;50.18899917602539;50.18899917602539;50.18899917602539;38
2024-12-12 15:27:00+01:00;50.25199890136719;50.25199890136719;50.25199890136719;50.25199890136719;50.25199890136719;5
2024-12-12 15:28:00+01:00;50.26499938964844;50.26499938964844;50.26499938964844;50.26499938964844;50.26499938964844;2
2024-12-12 15:29:00+01:00;50.26599884033203;50.28200149536133;50.26599884033203;50.28200149536133;50.28200149536133;67
2024-12-12 15:31:00+01:00;50.24300003051758;50.24300003051758;50.24300003051758;50.24300003051758;50.24300003051758;10
2024-12-12 15:32:00+01:00;50.23699951171875;50.23699951171875;50.22600173950195;50.22600173950195;50.22600173950195;13
2024-12-12 15:33:00+01:00;50.207000732421875;50.207000732421875;50.19200134277344;50.19200134277344;50.19200134277344;12
2024-12-12 15:34:00+01:00;50.20000076293945;50.20899963378906;50.20000076293945;50.20899963378906;50.20899963378906;5
2024-12-12 15:35:00+01:00;50.209999084472656;50.209999084472656;50.19200134277344;50.20899963378906;50.20899963378906;112
2024-12-12 15:36:00+01:00;50.22700119018555;50.22700119018555;50.22700119018555;50.22700119018555;50.22700119018555;2089
2024-12-12 15:37:00+01:00;50.20000076293945;50.20000076293945;50.20000076293945;50.20000076293945;50.20000076293945;1
2024-12-12 15:38:00+01:00;50.198001861572266;50.20899963378906;50.198001861572266;50.20899963378906;50.20899963378906;22
2024-12-12 15:41:00+01:00;50.14400100708008;50.159000396728516;50.14400100708008;50.15700149536133;50.15700149536133;81
2024-12-12 15:42:00+01:00;50.15700149536133;50.15700149536133;50.15700149536133;50.15700149536133;50.15700149536133;10
2024-12-12 15:43:00+01:00;50.119998931884766;50.119998931884766;50.119998931884766;50.119998931884766;50.119998931884766;1
2024-12-12 15:44:00+01:00;50.125999450683594;50.1349983215332;50.125999450683594;50.1349983215332;50.1349983215332;14
2024-12-12 15:45:00+01:00;50.099998474121094;50.099998474121094;50.07699966430664;50.07699966430664;50.07699966430664;447
2024-12-12 15:46:00+01:00;50.060001373291016;50.064998626708984;50.060001373291016;50.064998626708984;50.064998626708984;205
2024-12-12 15:47:00+01:00;50.090999603271484;50.09199905395508;50.090999603271484;50.09199905395508;50.09199905395508;154
2024-12-12 15:48:00+01:00;50.051998138427734;50.060001373291016;50.04999923706055;50.060001373291016;50.060001373291016;318
2024-12-12 15:49:00+01:00;50.077999114990234;50.077999114990234;50.07099914550781;50.07099914550781;50.07099914550781;25
2024-12-12 15:50:00+01:00;50.047000885009766;50.047000885009766;50.047000885009766;50.047000885009766;50.047000885009766;5
2024-12-12 15:52:00+01:00;50.047000885009766;50.051998138427734;50.047000885009766;50.051998138427734;50.051998138427734;35
2024-12-12 15:54:00+01:00;50.02000045776367;50.03300094604492;50.02000045776367;50.03300094604492;50.03300094604492;184
2024-12-12 15:55:00+01:00;50.029998779296875;50.029998779296875;50.02799987792969;50.02799987792969;50.02799987792969;24
2024-12-12 15:57:00+01:00;50.04899978637695;50.051998138427734;50.04899978637695;50.051998138427734;50.051998138427734;38
2024-12-12 15:59:00+01:00;50.053001403808594;50.053001403808594;50.04899978637695;50.04899978637695;50.04899978637695;11
2024-12-12 16:00:00+01:00;50.060001373291016;50.060001373291016;50.060001373291016;50.060001373291016;50.060001373291016;60
2024-12-12 16:01:00+01:00;50.047000885009766;50.047000885009766;50.047000885009766;50.047000885009766;50.047000885009766;2
2024-12-12 16:02:00+01:00;50.04899978637695;50.04899978637695;50.04899978637695;50.04899978637695;50.04899978637695;5
2024-12-12 16:03:00+01:00;50.06399917602539;50.06399917602539;50.06399917602539;50.06399917602539;50.06399917602539;12
2024-12-12 16:04:00+01:00;50.064998626708984;50.064998626708984;50.04999923706055;50.04999923706055;50.04999923706055;109
2024-12-12 16:05:00+01:00;50.064998626708984;50.064998626708984;50.03799819946289;50.03799819946289;50.03799819946289;3996
2024-12-12 16:06:00+01:00;50.04199981689453;50.05099868774414;50.04199981689453;50.05099868774414;50.05099868774414;33
2024-12-12 16:09:00+01:00;50.06800079345703;50.06800079345703;50.06800079345703;50.06800079345703;50.06800079345703;18
2024-12-12 16:10:00+01:00;50.08100128173828;50.08100128173828;50.08100128173828;50.08100128173828;50.08100128173828;50
2024-12-12 16:11:00+01:00;50.05500030517578;50.055999755859375;50.05500030517578;50.055999755859375;50.055999755859375;33
2024-12-12 16:12:00+01:00;50.04999923706055;50.05500030517578;50.04999923706055;50.05500030517578;50.05500030517578;114
2024-12-12 16:13:00+01:00;50.03300094604492;50.03300094604492;50.03300094604492;50.03300094604492;50.03300094604492;800
2024-12-12 16:14:00+01:00;50.06999969482422;50.06999969482422;50.06999969482422;50.06999969482422;50.06999969482422;20
2024-12-12 16:16:00+01:00;50.07400131225586;50.07400131225586;50.07400131225586;50.07400131225586;50.07400131225586;21
2024-12-12 16:17:00+01:00;50.07400131225586;50.07400131225586;50.07400131225586;50.07400131225586;50.07400131225586;44
2024-12-12 16:18:00+01:00;50.0890007019043;50.0890007019043;50.0890007019043;50.0890007019043;50.0890007019043;39
2024-12-12 16:19:00+01:00;50.10499954223633;50.13800048828125;50.10499954223633;50.13800048828125;50.13800048828125;34
2024-12-12 16:20:00+01:00;50.15399932861328;50.15399932861328;50.15399932861328;50.15399932861328;50.15399932861328;30
2024-12-12 16:21:00+01:00;50.16899871826172;50.16899871826172;50.16899871826172;50.16899871826172;50.16899871826172;14
2024-12-12 16:23:00+01:00;50.17100143432617;50.17100143432617;50.17100143432617;50.17100143432617;50.17100143432617;3
2024-12-12 16:24:00+01:00;50.20199966430664;50.20199966430664;50.20199966430664;50.20199966430664;50.20199966430664;20
2024-12-12 16:25:00+01:00;50.19300079345703;50.23500061035156;50.19300079345703;50.23500061035156;50.23500061035156;101
2024-12-12 16:26:00+01:00;50.23400115966797;50.249000549316406;50.222999572753906;50.222999572753906;50.222999572753906;340
2024-12-12 16:27:00+01:00;50.237998962402344;50.237998962402344;50.23099899291992;50.23099899291992;50.23099899291992;9
2024-12-12 16:28:00+01:00;50.222999572753906;50.222999572753906;50.222999572753906;50.222999572753906;50.222999572753906;2
2024-12-12 16:29:00+01:00;50.237998962402344;50.237998962402344;50.237998962402344;50.237998962402344;50.237998962402344;2
2024-12-12 16:30:00+01:00;50.26599884033203;50.26599884033203;50.26599884033203;50.26599884033203;50.26599884033203;15
2024-12-12 16:32:00+01:00;50.268001556396484;50.27000045776367;50.268001556396484;50.27000045776367;50.27000045776367;12
2024-12-12 16:33:00+01:00;50.2859992980957;50.2859992980957;50.2859992980957;50.2859992980957;50.2859992980957;40
2024-12-12 16:34:00+01:00;50.28099822998047;50.29499816894531;50.27299880981445;50.27299880981445;50.27299880981445;81
2024-12-12 16:35:00+01:00;50.30500030517578;50.30500030517578;50.30500030517578;50.30500030517578;50.30500030517578;20
2024-12-12 16:36:00+01:00;50.30500030517578;50.32099914550781;50.30500030517578;50.32099914550781;50.32099914550781;248
2024-12-12 16:37:00+01:00;50.33599853515625;50.33599853515625;50.33599853515625;50.33599853515625;50.33599853515625;4
2024-12-12 16:39:00+01:00;50.349998474121094;50.349998474121094;50.349998474121094;50.349998474121094;50.349998474121094;30
2024-12-12 16:40:00+01:00;50.3489990234375;50.3489990234375;50.34000015258789;50.34000015258789;50.34000015258789;604
2024-12-12 16:41:00+01:00;50.334999084472656;50.334999084472656;50.32699966430664;50.32699966430664;50.32699966430664;9
2024-12-12 16:42:00+01:00;50.301998138427734;50.31999969482422;50.301998138427734;50.31999969482422;50.31999969482422;40
2024-12-12 16:43:00+01:00;50.32099914550781;50.32099914550781;50.32099914550781;50.32099914550781;50.32099914550781;9
2024-12-12 16:44:00+01:00;50.308998107910156;50.308998107910156;50.308998107910156;50.308998107910156;50.308998107910156;180
2024-12-12 16:45:00+01:00;50.29999923706055;50.29999923706055;50.29999923706055;50.29999923706055;50.29999923706055;2
2024-12-12 16:46:00+01:00;50.29499816894531;50.29499816894531;50.29499816894531;50.29499816894531;50.29499816894531;2
2024-12-12 16:47:00+01:00;50.29899978637695;50.29899978637695;50.29899978637695;50.29899978637695;50.29899978637695;126
2024-12-12 16:48:00+01:00;50.32500076293945;50.32699966430664;50.32500076293945;50.32699966430664;50.32699966430664;4100
2024-12-12 16:49:00+01:00;50.33399963378906;50.33399963378906;50.327999114990234;50.327999114990234;50.327999114990234;22
2024-12-12 16:51:00+01:00;50.340999603271484;50.340999603271484;50.33700180053711;50.33700180053711;50.33700180053711;33
2024-12-12 16:52:00+01:00;50.31999969482422;50.34199905395508;50.31999969482422;50.34199905395508;50.34199905395508;29
2024-12-12 16:54:00+01:00;50.310001373291016;50.327999114990234;50.310001373291016;50.327999114990234;50.327999114990234;52
2024-12-12 16:56:00+01:00;50.32699966430664;50.32699966430664;50.32699966430664;50.32699966430664;50.32699966430664;52
2024-12-12 16:57:00+01:00;50.32099914550781;50.32099914550781;50.32099914550781;50.32099914550781;50.32099914550781;2
2024-12-12 17:00:00+01:00;50.32099914550781;50.32099914550781;50.32099914550781;50.32099914550781;50.32099914550781;2292
2024-12-12 17:01:00+01:00;50.32400131225586;50.32400131225586;50.28900146484375;50.28900146484375;50.28900146484375;409
2024-12-12 17:02:00+01:00;50.2869987487793;50.2869987487793;50.2869987487793;50.2869987487793;50.2869987487793;10
2024-12-12 17:03:00+01:00;50.31100082397461;50.31100082397461;50.31100082397461;50.31100082397461;50.31100082397461;7
2024-12-12 17:04:00+01:00;50.314998626708984;50.314998626708984;50.314998626708984;50.314998626708984;50.314998626708984;2
2024-12-12 17:05:00+01:00;50.31700134277344;50.32500076293945;50.31700134277344;50.32500076293945;50.32500076293945;21
2024-12-12 17:06:00+01:00;50.29999923706055;50.29999923706055;50.29999923706055;50.29999923706055;50.29999923706055;24
2024-12-12 17:08:00+01:00;50.2599983215332;50.2599983215332;50.2599983215332;50.2599983215332;50.2599983215332;50
2024-12-12 17:11:00+01:00;50.279998779296875;50.279998779296875;50.279998779296875;50.279998779296875;50.279998779296875;52
2024-12-12 17:13:00+01:00;50.2869987487793;50.2869987487793;50.2869987487793;50.2869987487793;50.2869987487793;119
2024-12-12 17:14:00+01:00;50.2760009765625;50.2760009765625;50.25;50.25;50.25;15
2024-12-12 17:16:00+01:00;50.229000091552734;50.229000091552734;50.229000091552734;50.229000091552734;50.229000091552734;9
2024-12-12 17:17:00+01:00;50.229000091552734;50.244998931884766;50.229000091552734;50.244998931884766;50.244998931884766;206
2024-12-12 17:18:00+01:00;50.24100112915039;50.24100112915039;50.24100112915039;50.24100112915039;50.24100112915039;5
2024-12-12 17:19:00+01:00;50.24100112915039;50.2599983215332;50.23099899291992;50.2599983215332;50.2599983215332;332
2024-12-12 17:20:00+01:00;50.2599983215332;50.2599983215332;50.2599983215332;50.2599983215332;50.2599983215332;59
2024-12-12 17:21:00+01:00;50.244998931884766;50.244998931884766;50.244998931884766;50.244998931884766;50.244998931884766;2
2024-12-12 17:22:00+01:00;50.244998931884766;50.24700164794922;50.244998931884766;50.24700164794922;50.24700164794922;12
2024-12-12 17:25:00+01:00;50.25;50.262001037597656;50.25;50.262001037597656;50.262001037597656;103
2024-12-12 17:26:00+01:00;50.249000549316406;50.249000549316406;50.249000549316406;50.249000549316406;50.249000549316406;10
2024-12-12 17:27:00+01:00;50.22600173950195;50.257999420166016;50.22600173950195;50.257999420166016;50.257999420166016;49
2024-12-12 17:28:00+01:00;50.24599838256836;50.24599838256836;50.24599838256836;50.24599838256836;50.24599838256836;3
2024-12-12 17:29:00+01:00;50.220001220703125;50.220001220703125;50.220001220703125;50.220001220703125;50.220001220703125;100
