Datetime;Open;High;Low;Close;Adj Close;Volume
2024-11-26 09:04:00+01:00;49.500999450683594;49.50299835205078;49.49399948120117;49.50299835205078;49.50299835205078;0
2024-11-26 09:05:00+01:00;49.50600051879883;49.50600051879883;49.50600051879883;49.50600051879883;49.50600051879883;4
2024-11-26 09:06:00+01:00;49.4900016784668;49.5;49.4900016784668;49.5;49.5;10
2024-11-26 09:07:00+01:00;49.50299835205078;49.50400161743164;49.4900016784668;49.4900016784668;49.4900016784668;26
2024-11-26 09:08:00+01:00;49.48400115966797;49.48400115966797;49.48400115966797;49.48400115966797;49.48400115966797;1000
2024-11-26 09:09:00+01:00;49.45500183105469;49.4739990234375;49.45500183105469;49.4739990234375;49.4739990234375;21
2024-11-26 09:10:00+01:00;49.474998474121094;49.47600173950195;49.474998474121094;49.474998474121094;49.474998474121094;324
2024-11-26 09:12:00+01:00;49.48400115966797;49.507999420166016;49.48400115966797;49.49100112915039;49.49100112915039;135
2024-11-26 09:13:00+01:00;49.49399948120117;49.52000045776367;49.49399948120117;49.51599884033203;49.51599884033203;875
2024-11-26 09:14:00+01:00;49.51100158691406;49.51100158691406;49.50600051879883;49.50699996948242;49.50699996948242;670
2024-11-26 09:15:00+01:00;49.507999420166016;49.51100158691406;49.507999420166016;49.51100158691406;49.51100158691406;767
2024-11-26 09:16:00+01:00;49.5;49.50400161743164;49.5;49.50400161743164;49.50400161743164;25
2024-11-26 09:17:00+01:00;49.499000549316406;49.499000549316406;49.499000549316406;49.499000549316406;49.499000549316406;51
2024-11-26 09:18:00+01:00;49.49800109863281;49.50199890136719;49.49800109863281;49.50199890136719;49.50199890136719;64
2024-11-26 09:19:00+01:00;49.4900016784668;49.4900016784668;49.48400115966797;49.48400115966797;49.48400115966797;16
2024-11-26 09:20:00+01:00;49.46500015258789;49.46900177001953;49.46500015258789;49.46500015258789;49.46500015258789;89
2024-11-26 09:21:00+01:00;49.46699905395508;49.46699905395508;49.45000076293945;49.45000076293945;49.45000076293945;107
2024-11-26 09:22:00+01:00;49.45399856567383;49.45399856567383;49.45000076293945;49.45000076293945;49.45000076293945;11
2024-11-26 09:23:00+01:00;49.439998626708984;49.439998626708984;49.439998626708984;49.439998626708984;49.439998626708984;20
2024-11-26 09:24:00+01:00;49.4370002746582;49.441001892089844;49.42499923706055;49.4379997253418;49.4379997253418;54
2024-11-26 09:26:00+01:00;49.441001892089844;49.45199966430664;49.441001892089844;49.45199966430664;49.45199966430664;22
2024-11-26 09:27:00+01:00;49.44599914550781;49.44599914550781;49.44599914550781;49.44599914550781;49.44599914550781;78
2024-11-26 09:28:00+01:00;49.45600128173828;49.45600128173828;49.45399856567383;49.45399856567383;49.45399856567383;10
2024-11-26 09:29:00+01:00;49.46900177001953;49.46900177001953;49.46900177001953;49.46900177001953;49.46900177001953;8
2024-11-26 09:31:00+01:00;49.45100021362305;49.45100021362305;49.45100021362305;49.45100021362305;49.45100021362305;4
2024-11-26 09:33:00+01:00;49.42900085449219;49.42900085449219;49.42900085449219;49.42900085449219;49.42900085449219;3
2024-11-26 09:34:00+01:00;49.448001861572266;49.448001861572266;49.448001861572266;49.448001861572266;49.448001861572266;14
2024-11-26 09:35:00+01:00;49.45899963378906;49.45899963378906;49.44900131225586;49.457000732421875;49.457000732421875;180
2024-11-26 09:37:00+01:00;49.45399856567383;49.45399856567383;49.45399856567383;49.45399856567383;49.45399856567383;20
2024-11-26 09:38:00+01:00;49.44300079345703;49.44300079345703;49.43299865722656;49.433998107910156;49.433998107910156;1172
2024-11-26 09:39:00+01:00;49.45899963378906;49.45899963378906;49.45899963378906;49.45899963378906;49.45899963378906;101
2024-11-26 09:40:00+01:00;49.459999084472656;49.46500015258789;49.459999084472656;49.46500015258789;49.46500015258789;87
2024-11-26 09:41:00+01:00;49.444000244140625;49.444000244140625;49.44200134277344;49.44200134277344;49.44200134277344;5
2024-11-26 09:45:00+01:00;49.45899963378906;49.45899963378906;49.45600128173828;49.45600128173828;49.45600128173828;29
2024-11-26 09:46:00+01:00;49.45000076293945;49.45000076293945;49.45000076293945;49.45000076293945;49.45000076293945;2
2024-11-26 09:47:00+01:00;49.46200180053711;49.46200180053711;49.46200180053711;49.46200180053711;49.46200180053711;1
2024-11-26 09:48:00+01:00;49.465999603271484;49.465999603271484;49.4640007019043;49.4640007019043;49.4640007019043;34
2024-11-26 09:49:00+01:00;49.46500015258789;49.46500015258789;49.457000732421875;49.457000732421875;49.457000732421875;30
2024-11-26 09:50:00+01:00;49.45500183105469;49.45500183105469;49.446998596191406;49.446998596191406;49.446998596191406;47
2024-11-26 09:51:00+01:00;49.459999084472656;49.459999084472656;49.459999084472656;49.459999084472656;49.459999084472656;2
2024-11-26 09:53:00+01:00;49.452999114990234;49.452999114990234;49.439998626708984;49.439998626708984;49.439998626708984;82
2024-11-26 09:54:00+01:00;49.439998626708984;49.45000076293945;49.400001525878906;49.400001525878906;49.400001525878906;129
2024-11-26 09:55:00+01:00;49.4010009765625;49.40800094604492;49.400001525878906;49.40800094604492;49.40800094604492;78
2024-11-26 09:56:00+01:00;49.4119987487793;49.4119987487793;49.4119987487793;49.4119987487793;49.4119987487793;1
2024-11-26 09:57:00+01:00;49.400001525878906;49.400001525878906;49.400001525878906;49.400001525878906;49.400001525878906;800
2024-11-26 09:58:00+01:00;49.404998779296875;49.404998779296875;49.404998779296875;49.404998779296875;49.404998779296875;20
2024-11-26 09:59:00+01:00;49.42100143432617;49.42100143432617;49.41999816894531;49.41999816894531;49.41999816894531;32
2024-11-26 10:00:00+01:00;49.409000396728516;49.409000396728516;49.400001525878906;49.400001525878906;49.400001525878906;3
2024-11-26 10:01:00+01:00;49.39799880981445;49.39799880981445;49.39500045776367;49.39500045776367;49.39500045776367;411
2024-11-26 10:02:00+01:00;49.387001037597656;49.388999938964844;49.387001037597656;49.388999938964844;49.388999938964844;4
2024-11-26 10:03:00+01:00;49.374000549316406;49.374000549316406;49.35599899291992;49.35599899291992;49.35599899291992;49
2024-11-26 10:04:00+01:00;49.37699890136719;49.37699890136719;49.37699890136719;49.37699890136719;49.37699890136719;3
2024-11-26 10:05:00+01:00;49.3849983215332;49.3849983215332;49.3849983215332;49.3849983215332;49.3849983215332;1
2024-11-26 10:06:00+01:00;49.39400100708008;49.39400100708008;49.39400100708008;49.39400100708008;49.39400100708008;6
2024-11-26 10:07:00+01:00;49.39400100708008;49.39400100708008;49.39400100708008;49.39400100708008;49.39400100708008;32
2024-11-26 10:08:00+01:00;49.374000549316406;49.374000549316406;49.374000549316406;49.374000549316406;49.374000549316406;22
2024-11-26 10:10:00+01:00;49.38999938964844;49.38999938964844;49.367000579833984;49.380001068115234;49.380001068115234;79
2024-11-26 10:11:00+01:00;49.38399887084961;49.38399887084961;49.38399887084961;49.38399887084961;49.38399887084961;24
2024-11-26 10:13:00+01:00;49.35900115966797;49.35900115966797;49.3380012512207;49.354000091552734;49.354000091552734;70
2024-11-26 10:14:00+01:00;49.361000061035156;49.361000061035156;49.349998474121094;49.349998474121094;49.349998474121094;10
2024-11-26 10:15:00+01:00;49.35599899291992;49.35599899291992;49.35599899291992;49.35599899291992;49.35599899291992;7
2024-11-26 10:16:00+01:00;49.37300109863281;49.37300109863281;49.36399841308594;49.36399841308594;49.36399841308594;8
2024-11-26 10:17:00+01:00;49.36399841308594;49.36399841308594;49.36399841308594;49.36399841308594;49.36399841308594;3
2024-11-26 10:19:00+01:00;49.36899948120117;49.36899948120117;49.36899948120117;49.36899948120117;49.36899948120117;50
2024-11-26 10:20:00+01:00;49.36899948120117;49.38600158691406;49.36899948120117;49.37699890136719;49.37699890136719;28
2024-11-26 10:21:00+01:00;49.375999450683594;49.375999450683594;49.375999450683594;49.375999450683594;49.375999450683594;10
2024-11-26 10:22:00+01:00;49.37300109863281;49.37300109863281;49.37300109863281;49.37300109863281;49.37300109863281;24
2024-11-26 10:24:00+01:00;49.380001068115234;49.380001068115234;49.37900161743164;49.37900161743164;49.37900161743164;10
2024-11-26 10:25:00+01:00;49.37799835205078;49.38399887084961;49.37799835205078;49.38399887084961;49.38399887084961;31
2024-11-26 10:26:00+01:00;49.37900161743164;49.39500045776367;49.37900161743164;49.39500045776367;49.39500045776367;149
2024-11-26 10:27:00+01:00;49.395999908447266;49.4010009765625;49.395999908447266;49.4010009765625;49.4010009765625;424
2024-11-26 10:28:00+01:00;49.40399932861328;49.4119987487793;49.40399932861328;49.4119987487793;49.4119987487793;81
2024-11-26 10:30:00+01:00;49.42300033569336;49.42300033569336;49.42300033569336;49.42300033569336;49.42300033569336;172
2024-11-26 10:31:00+01:00;49.42599868774414;49.433998107910156;49.42599868774414;49.433998107910156;49.433998107910156;14
2024-11-26 10:32:00+01:00;49.43899917602539;49.43899917602539;49.43199920654297;49.43199920654297;49.43199920654297;1530
2024-11-26 10:34:00+01:00;49.43199920654297;49.43199920654297;49.43199920654297;49.43199920654297;49.43199920654297;400
2024-11-26 10:35:00+01:00;49.43000030517578;49.43000030517578;49.43000030517578;49.43000030517578;49.43000030517578;60
2024-11-26 10:36:00+01:00;49.43600082397461;49.43600082397461;49.43199920654297;49.43199920654297;49.43199920654297;84
2024-11-26 10:37:00+01:00;49.40999984741211;49.40999984741211;49.40999984741211;49.40999984741211;49.40999984741211;10
2024-11-26 10:38:00+01:00;49.40800094604492;49.42100143432617;49.40800094604492;49.42100143432617;49.42100143432617;337
2024-11-26 10:39:00+01:00;49.433998107910156;49.433998107910156;49.433998107910156;49.433998107910156;49.433998107910156;77
2024-11-26 10:40:00+01:00;49.42300033569336;49.42300033569336;49.42300033569336;49.42300033569336;49.42300033569336;16
2024-11-26 10:42:00+01:00;49.42499923706055;49.42499923706055;49.41999816894531;49.41999816894531;49.41999816894531;32
2024-11-26 10:43:00+01:00;49.415000915527344;49.42100143432617;49.415000915527344;49.42100143432617;49.42100143432617;121
2024-11-26 10:44:00+01:00;49.40599822998047;49.40599822998047;49.400001525878906;49.402000427246094;49.402000427246094;226
2024-11-26 10:45:00+01:00;49.39899826049805;49.39899826049805;49.39400100708008;49.39400100708008;49.39400100708008;44
2024-11-26 10:47:00+01:00;49.382999420166016;49.382999420166016;49.380001068115234;49.380001068115234;49.380001068115234;6
2024-11-26 10:48:00+01:00;49.38100051879883;49.382999420166016;49.38100051879883;49.382999420166016;49.382999420166016;84
2024-11-26 10:49:00+01:00;49.37900161743164;49.37900161743164;49.37900161743164;49.37900161743164;49.37900161743164;3
2024-11-26 10:50:00+01:00;49.38100051879883;49.38100051879883;49.38100051879883;49.38100051879883;49.38100051879883;20
2024-11-26 10:52:00+01:00;49.39799880981445;49.39799880981445;49.391998291015625;49.391998291015625;49.391998291015625;11
2024-11-26 10:54:00+01:00;49.3849983215332;49.3849983215332;49.382999420166016;49.382999420166016;49.382999420166016;109
2024-11-26 10:55:00+01:00;49.38999938964844;49.38999938964844;49.38999938964844;49.38999938964844;49.38999938964844;20
2024-11-26 10:57:00+01:00;49.391998291015625;49.391998291015625;49.391998291015625;49.391998291015625;49.391998291015625;2
2024-11-26 10:58:00+01:00;49.39099884033203;49.39099884033203;49.39099884033203;49.39099884033203;49.39099884033203;3
2024-11-26 10:59:00+01:00;49.387001037597656;49.387001037597656;49.387001037597656;49.387001037597656;49.387001037597656;10
2024-11-26 11:00:00+01:00;49.388999938964844;49.402000427246094;49.38600158691406;49.402000427246094;49.402000427246094;112
2024-11-26 11:02:00+01:00;49.39899826049805;49.39899826049805;49.39899826049805;49.39899826049805;49.39899826049805;10
2024-11-26 11:04:00+01:00;49.40599822998047;49.40599822998047;49.40599822998047;49.40599822998047;49.40599822998047;100
2024-11-26 11:07:00+01:00;49.38800048828125;49.38800048828125;49.38800048828125;49.38800048828125;49.38800048828125;7
2024-11-26 11:09:00+01:00;49.38800048828125;49.38800048828125;49.38800048828125;49.38800048828125;49.38800048828125;4
2024-11-26 11:10:00+01:00;49.38800048828125;49.393001556396484;49.375999450683594;49.380001068115234;49.380001068115234;470
2024-11-26 11:11:00+01:00;49.39500045776367;49.39500045776367;49.39500045776367;49.39500045776367;49.39500045776367;50
2024-11-26 11:12:00+01:00;49.39799880981445;49.39799880981445;49.39799880981445;49.39799880981445;49.39799880981445;46
2024-11-26 11:13:00+01:00;49.39699935913086;49.400001525878906;49.395999908447266;49.400001525878906;49.400001525878906;11
2024-11-26 11:16:00+01:00;49.39400100708008;49.39400100708008;49.39400100708008;49.39400100708008;49.39400100708008;20
2024-11-26 11:17:00+01:00;49.39699935913086;49.39699935913086;49.39699935913086;49.39699935913086;49.39699935913086;81
2024-11-26 11:19:00+01:00;49.388999938964844;49.388999938964844;49.380001068115234;49.380001068115234;49.380001068115234;604
2024-11-26 11:20:00+01:00;49.375;49.375;49.354000091552734;49.354000091552734;49.354000091552734;261
2024-11-26 11:22:00+01:00;49.37900161743164;49.37900161743164;49.37900161743164;49.37900161743164;49.37900161743164;8
2024-11-26 11:24:00+01:00;49.37900161743164;49.38100051879883;49.37200164794922;49.37200164794922;49.37200164794922;48
2024-11-26 11:26:00+01:00;49.35200119018555;49.35200119018555;49.349998474121094;49.349998474121094;49.349998474121094;1540
2024-11-26 11:27:00+01:00;49.349998474121094;49.349998474121094;49.349998474121094;49.349998474121094;49.349998474121094;2
2024-11-26 11:28:00+01:00;49.35499954223633;49.35499954223633;49.35499954223633;49.35499954223633;49.35499954223633;15
2024-11-26 11:29:00+01:00;49.35599899291992;49.35599899291992;49.35599899291992;49.35599899291992;49.35599899291992;1
2024-11-26 11:31:00+01:00;49.34000015258789;49.34000015258789;49.34000015258789;49.34000015258789;49.34000015258789;10
2024-11-26 11:35:00+01:00;49.319000244140625;49.319000244140625;49.310001373291016;49.310001373291016;49.310001373291016;33
2024-11-26 11:36:00+01:00;49.31700134277344;49.31700134277344;49.31700134277344;49.31700134277344;49.31700134277344;2
2024-11-26 11:37:00+01:00;49.33700180053711;49.33700180053711;49.33700180053711;49.33700180053711;49.33700180053711;1146
2024-11-26 11:38:00+01:00;49.34199905395508;49.34199905395508;49.34000015258789;49.34000015258789;49.34000015258789;117
2024-11-26 11:39:00+01:00;49.33399963378906;49.33399963378906;49.33300018310547;49.33300018310547;49.33300018310547;195
2024-11-26 11:40:00+01:00;49.323001861572266;49.32600021362305;49.323001861572266;49.32600021362305;49.32600021362305;412
2024-11-26 11:41:00+01:00;49.32500076293945;49.32699966430664;49.32500076293945;49.32699966430664;49.32699966430664;19
2024-11-26 11:42:00+01:00;49.32500076293945;49.32699966430664;49.32500076293945;49.32500076293945;49.32500076293945;37
2024-11-26 11:43:00+01:00;49.327999114990234;49.327999114990234;49.327999114990234;49.327999114990234;49.327999114990234;3
2024-11-26 11:44:00+01:00;49.33000183105469;49.334999084472656;49.32899856567383;49.334999084472656;49.334999084472656;1070
2024-11-26 11:45:00+01:00;49.32500076293945;49.3489990234375;49.32500076293945;49.34199905395508;49.34199905395508;401
2024-11-26 11:46:00+01:00;49.34299850463867;49.34299850463867;49.34299850463867;49.34299850463867;49.34299850463867;3
2024-11-26 11:48:00+01:00;49.33599853515625;49.33599853515625;49.334999084472656;49.334999084472656;49.334999084472656;60
2024-11-26 11:49:00+01:00;49.34299850463867;49.34299850463867;49.33700180053711;49.34199905395508;49.34199905395508;73
2024-11-26 11:50:00+01:00;49.35100173950195;49.35100173950195;49.35100173950195;49.35100173950195;49.35100173950195;4
2024-11-26 11:51:00+01:00;49.3489990234375;49.3489990234375;49.340999603271484;49.340999603271484;49.340999603271484;208
2024-11-26 11:52:00+01:00;49.34700012207031;49.34700012207031;49.34700012207031;49.34700012207031;49.34700012207031;40
2024-11-26 11:54:00+01:00;49.37200164794922;49.37200164794922;49.37200164794922;49.37200164794922;49.37200164794922;10
2024-11-26 11:55:00+01:00;49.36199951171875;49.3650016784668;49.36199951171875;49.3650016784668;49.3650016784668;228
2024-11-26 11:56:00+01:00;49.362998962402344;49.362998962402344;49.36000061035156;49.36000061035156;49.36000061035156;105
2024-11-26 11:57:00+01:00;49.37099838256836;49.37099838256836;49.36000061035156;49.36000061035156;49.36000061035156;217
2024-11-26 11:58:00+01:00;49.37699890136719;49.37699890136719;49.37699890136719;49.37699890136719;49.37699890136719;2
2024-11-26 11:59:00+01:00;49.36899948120117;49.36899948120117;49.36899948120117;49.36899948120117;49.36899948120117;12
2024-11-26 12:00:00+01:00;49.37200164794922;49.37200164794922;49.37200164794922;49.37200164794922;49.37200164794922;3
2024-11-26 12:01:00+01:00;49.37099838256836;49.37099838256836;49.37099838256836;49.37099838256836;49.37099838256836;48
2024-11-26 12:02:00+01:00;49.349998474121094;49.36600112915039;49.349998474121094;49.36600112915039;49.36600112915039;45
2024-11-26 12:03:00+01:00;49.36899948120117;49.36899948120117;49.36899948120117;49.36899948120117;49.36899948120117;2
2024-11-26 12:05:00+01:00;49.387001037597656;49.387001037597656;49.38199996948242;49.38199996948242;49.38199996948242;669
2024-11-26 12:06:00+01:00;49.380001068115234;49.380001068115234;49.380001068115234;49.380001068115234;49.380001068115234;1
2024-11-26 12:07:00+01:00;49.39500045776367;49.39500045776367;49.39500045776367;49.39500045776367;49.39500045776367;3
2024-11-26 12:08:00+01:00;49.400001525878906;49.400001525878906;49.395999908447266;49.395999908447266;49.395999908447266;30
2024-11-26 12:10:00+01:00;49.39699935913086;49.39699935913086;49.39699935913086;49.39699935913086;49.39699935913086;14
2024-11-26 12:11:00+01:00;49.391998291015625;49.391998291015625;49.391998291015625;49.391998291015625;49.391998291015625;3
2024-11-26 12:12:00+01:00;49.388999938964844;49.388999938964844;49.387001037597656;49.387001037597656;49.387001037597656;20
2024-11-26 12:13:00+01:00;49.387001037597656;49.387001037597656;49.387001037597656;49.387001037597656;49.387001037597656;3
2024-11-26 12:16:00+01:00;49.40800094604492;49.40800094604492;49.40800094604492;49.40800094604492;49.40800094604492;230
2024-11-26 12:17:00+01:00;49.39400100708008;49.39400100708008;49.39400100708008;49.39400100708008;49.39400100708008;4
2024-11-26 12:19:00+01:00;49.4119987487793;49.41600036621094;49.4109992980957;49.41600036621094;49.41600036621094;112
2024-11-26 12:20:00+01:00;49.422000885009766;49.422000885009766;49.422000885009766;49.422000885009766;49.422000885009766;21
2024-11-26 12:21:00+01:00;49.43199920654297;49.43199920654297;49.43199920654297;49.43199920654297;49.43199920654297;6
2024-11-26 12:23:00+01:00;49.43199920654297;49.43199920654297;49.42100143432617;49.426998138427734;49.426998138427734;134
2024-11-26 12:24:00+01:00;49.42900085449219;49.42900085449219;49.426998138427734;49.426998138427734;49.426998138427734;14
2024-11-26 12:25:00+01:00;49.430999755859375;49.430999755859375;49.41999816894531;49.42100143432617;49.42100143432617;85
2024-11-26 12:26:00+01:00;49.42100143432617;49.42100143432617;49.41699981689453;49.41699981689453;49.41699981689453;144
2024-11-26 12:27:00+01:00;49.4109992980957;49.4109992980957;49.409000396728516;49.409000396728516;49.409000396728516;128
2024-11-26 12:28:00+01:00;49.4119987487793;49.4119987487793;49.393001556396484;49.40299987792969;49.40299987792969;36
2024-11-26 12:30:00+01:00;49.39899826049805;49.39899826049805;49.395999908447266;49.395999908447266;49.395999908447266;389
2024-11-26 12:31:00+01:00;49.39899826049805;49.39899826049805;49.38999938964844;49.38999938964844;49.38999938964844;15
2024-11-26 12:33:00+01:00;49.380001068115234;49.38100051879883;49.380001068115234;49.38100051879883;49.38100051879883;21
2024-11-26 12:34:00+01:00;49.387001037597656;49.387001037597656;49.382999420166016;49.382999420166016;49.382999420166016;35
2024-11-26 12:35:00+01:00;49.38999938964844;49.38999938964844;49.388999938964844;49.388999938964844;49.388999938964844;5
2024-11-26 12:36:00+01:00;49.395999908447266;49.395999908447266;49.38999938964844;49.38999938964844;49.38999938964844;104
2024-11-26 12:38:00+01:00;49.39699935913086;49.39699935913086;49.39699935913086;49.39699935913086;49.39699935913086;14
2024-11-26 12:39:00+01:00;49.39400100708008;49.39400100708008;49.39400100708008;49.39400100708008;49.39400100708008;4
2024-11-26 12:41:00+01:00;49.39799880981445;49.39799880981445;49.39799880981445;49.39799880981445;49.39799880981445;100
2024-11-26 12:42:00+01:00;49.400001525878906;49.400001525878906;49.39799880981445;49.39799880981445;49.39799880981445;447
2024-11-26 12:43:00+01:00;49.415000915527344;49.415000915527344;49.4109992980957;49.4109992980957;49.4109992980957;26
2024-11-26 12:44:00+01:00;49.40399932861328;49.404998779296875;49.40399932861328;49.404998779296875;49.404998779296875;305
2024-11-26 12:45:00+01:00;49.40999984741211;49.40999984741211;49.40999984741211;49.40999984741211;49.40999984741211;10
2024-11-26 12:46:00+01:00;49.415000915527344;49.41899871826172;49.415000915527344;49.41899871826172;49.41899871826172;97
2024-11-26 12:48:00+01:00;49.417999267578125;49.417999267578125;49.41299819946289;49.41299819946289;49.41299819946289;15
2024-11-26 12:49:00+01:00;49.415000915527344;49.415000915527344;49.415000915527344;49.415000915527344;49.415000915527344;25
2024-11-26 12:50:00+01:00;49.415000915527344;49.41899871826172;49.415000915527344;49.41899871826172;49.41899871826172;10
2024-11-26 12:51:00+01:00;49.417999267578125;49.42399978637695;49.415000915527344;49.42300033569336;49.42300033569336;29
2024-11-26 12:52:00+01:00;49.42300033569336;49.42300033569336;49.42300033569336;49.42300033569336;49.42300033569336;3
2024-11-26 12:53:00+01:00;49.459999084472656;49.459999084472656;49.459999084472656;49.459999084472656;49.459999084472656;17
2024-11-26 12:56:00+01:00;49.47200012207031;49.47200012207031;49.47200012207031;49.47200012207031;49.47200012207031;7
2024-11-26 12:57:00+01:00;49.479000091552734;49.479000091552734;49.479000091552734;49.479000091552734;49.479000091552734;12
2024-11-26 12:58:00+01:00;49.483001708984375;49.483001708984375;49.483001708984375;49.483001708984375;49.483001708984375;100
2024-11-26 13:00:00+01:00;49.459999084472656;49.481998443603516;49.459999084472656;49.479000091552734;49.479000091552734;1378
2024-11-26 13:01:00+01:00;49.474998474121094;49.474998474121094;49.474998474121094;49.474998474121094;49.474998474121094;1
2024-11-26 13:03:00+01:00;49.47200012207031;49.472999572753906;49.47200012207031;49.472999572753906;49.472999572753906;5
2024-11-26 13:04:00+01:00;49.46900177001953;49.46900177001953;49.4640007019043;49.4640007019043;49.4640007019043;59
2024-11-26 13:05:00+01:00;49.459999084472656;49.459999084472656;49.45000076293945;49.45000076293945;49.45000076293945;1240
2024-11-26 13:07:00+01:00;49.46799850463867;49.46799850463867;49.46799850463867;49.46799850463867;49.46799850463867;40
2024-11-26 13:08:00+01:00;49.472999572753906;49.472999572753906;49.472999572753906;49.472999572753906;49.472999572753906;10
2024-11-26 13:09:00+01:00;49.47800064086914;49.47800064086914;49.47800064086914;49.47800064086914;49.47800064086914;10
2024-11-26 13:10:00+01:00;49.48899841308594;49.48899841308594;49.48899841308594;49.48899841308594;49.48899841308594;103
2024-11-26 13:11:00+01:00;49.472999572753906;49.472999572753906;49.472999572753906;49.472999572753906;49.472999572753906;2
2024-11-26 13:12:00+01:00;49.474998474121094;49.47800064086914;49.474998474121094;49.47800064086914;49.47800064086914;54
2024-11-26 13:13:00+01:00;49.47200012207031;49.47200012207031;49.47200012207031;49.47200012207031;49.47200012207031;2
2024-11-26 13:14:00+01:00;49.457000732421875;49.457000732421875;49.430999755859375;49.43600082397461;49.43600082397461;9
2024-11-26 13:15:00+01:00;49.4379997253418;49.4379997253418;49.4379997253418;49.4379997253418;49.4379997253418;1
2024-11-26 13:16:00+01:00;49.4119987487793;49.4119987487793;49.4119987487793;49.4119987487793;49.4119987487793;29
2024-11-26 13:17:00+01:00;49.404998779296875;49.404998779296875;49.374000549316406;49.374000549316406;49.374000549316406;14
2024-11-26 13:18:00+01:00;49.369998931884766;49.37200164794922;49.347999572753906;49.349998474121094;49.349998474121094;865
2024-11-26 13:19:00+01:00;49.362998962402344;49.37200164794922;49.362998962402344;49.37200164794922;49.37200164794922;27
2024-11-26 13:21:00+01:00;49.38199996948242;49.38199996948242;49.38199996948242;49.38199996948242;49.38199996948242;1
2024-11-26 13:22:00+01:00;49.38199996948242;49.38199996948242;49.38199996948242;49.38199996948242;49.38199996948242;12
2024-11-26 13:23:00+01:00;49.380001068115234;49.380001068115234;49.375999450683594;49.375999450683594;49.375999450683594;40
2024-11-26 13:24:00+01:00;49.374000549316406;49.374000549316406;49.367000579833984;49.367000579833984;49.367000579833984;9
2024-11-26 13:25:00+01:00;49.36899948120117;49.36899948120117;49.36899948120117;49.36899948120117;49.36899948120117;12
2024-11-26 13:26:00+01:00;49.36899948120117;49.37200164794922;49.36899948120117;49.37200164794922;49.37200164794922;36
2024-11-26 13:28:00+01:00;49.4010009765625;49.4010009765625;49.4010009765625;49.4010009765625;49.4010009765625;13
2024-11-26 13:29:00+01:00;49.39699935913086;49.39699935913086;49.39699935913086;49.39699935913086;49.39699935913086;10
2024-11-26 13:30:00+01:00;49.38999938964844;49.38999938964844;49.380001068115234;49.380001068115234;49.380001068115234;1155
2024-11-26 13:31:00+01:00;49.388999938964844;49.388999938964844;49.37300109863281;49.37300109863281;49.37300109863281;10
2024-11-26 13:32:00+01:00;49.36899948120117;49.36899948120117;49.36000061035156;49.36000061035156;49.36000061035156;111
2024-11-26 13:33:00+01:00;49.349998474121094;49.358001708984375;49.349998474121094;49.356998443603516;49.356998443603516;40
2024-11-26 13:34:00+01:00;49.349998474121094;49.37300109863281;49.349998474121094;49.37300109863281;49.37300109863281;65
2024-11-26 13:36:00+01:00;49.36800003051758;49.36800003051758;49.36800003051758;49.36800003051758;49.36800003051758;1
2024-11-26 13:37:00+01:00;49.35900115966797;49.35900115966797;49.35599899291992;49.35599899291992;49.35599899291992;147
2024-11-26 13:38:00+01:00;49.35200119018555;49.35200119018555;49.34600067138672;49.349998474121094;49.349998474121094;116
2024-11-26 13:40:00+01:00;49.35900115966797;49.35900115966797;49.35900115966797;49.35900115966797;49.35900115966797;22
2024-11-26 13:41:00+01:00;49.358001708984375;49.358001708984375;49.349998474121094;49.349998474121094;49.349998474121094;10
2024-11-26 13:42:00+01:00;49.36000061035156;49.36800003051758;49.36000061035156;49.36800003051758;49.36800003051758;12
2024-11-26 13:43:00+01:00;49.3650016784668;49.3650016784668;49.3650016784668;49.3650016784668;49.3650016784668;3
2024-11-26 13:46:00+01:00;49.37300109863281;49.37799835205078;49.37099838256836;49.37799835205078;49.37799835205078;161
2024-11-26 13:47:00+01:00;49.36800003051758;49.37099838256836;49.36800003051758;49.37099838256836;49.37099838256836;18
2024-11-26 13:50:00+01:00;49.41299819946289;49.41299819946289;49.4119987487793;49.4119987487793;49.4119987487793;115
2024-11-26 13:51:00+01:00;49.40299987792969;49.40299987792969;49.40299987792969;49.40299987792969;49.40299987792969;15
2024-11-26 13:52:00+01:00;49.38999938964844;49.38999938964844;49.3849983215332;49.3849983215332;49.3849983215332;90
2024-11-26 13:53:00+01:00;49.39899826049805;49.39899826049805;49.39899826049805;49.39899826049805;49.39899826049805;80
2024-11-26 13:54:00+01:00;49.39699935913086;49.40999984741211;49.39699935913086;49.40999984741211;49.40999984741211;15
2024-11-26 13:55:00+01:00;49.41999816894531;49.41999816894531;49.41999816894531;49.41999816894531;49.41999816894531;4
2024-11-26 13:56:00+01:00;49.42599868774414;49.42599868774414;49.42599868774414;49.42599868774414;49.42599868774414;30
2024-11-26 13:58:00+01:00;49.428001403808594;49.428001403808594;49.428001403808594;49.428001403808594;49.428001403808594;6
2024-11-26 13:59:00+01:00;49.43000030517578;49.43000030517578;49.43000030517578;49.43000030517578;49.43000030517578;40
2024-11-26 14:01:00+01:00;49.446998596191406;49.446998596191406;49.42599868774414;49.44300079345703;49.44300079345703;932
2024-11-26 14:02:00+01:00;49.441001892089844;49.441001892089844;49.441001892089844;49.441001892089844;49.441001892089844;19
2024-11-26 14:03:00+01:00;49.44300079345703;49.44300079345703;49.44300079345703;49.44300079345703;49.44300079345703;5
2024-11-26 14:04:00+01:00;49.42499923706055;49.42499923706055;49.42499923706055;49.42499923706055;49.42499923706055;30
2024-11-26 14:05:00+01:00;49.41299819946289;49.43199920654297;49.40999984741211;49.41999816894531;49.41999816894531;25
2024-11-26 14:06:00+01:00;49.452999114990234;49.452999114990234;49.430999755859375;49.430999755859375;49.430999755859375;161
2024-11-26 14:10:00+01:00;49.45199966430664;49.45199966430664;49.45199966430664;49.45199966430664;49.45199966430664;2
2024-11-26 14:11:00+01:00;49.46099853515625;49.46099853515625;49.46099853515625;49.46099853515625;49.46099853515625;10
2024-11-26 14:12:00+01:00;49.430999755859375;49.430999755859375;49.428001403808594;49.428001403808594;49.428001403808594;3
2024-11-26 14:15:00+01:00;49.42399978637695;49.42399978637695;49.42399978637695;49.42399978637695;49.42399978637695;13
2024-11-26 14:16:00+01:00;49.428001403808594;49.428001403808594;49.428001403808594;49.428001403808594;49.428001403808594;10
2024-11-26 14:20:00+01:00;49.472999572753906;49.472999572753906;49.472999572753906;49.472999572753906;49.472999572753906;2
2024-11-26 14:21:00+01:00;49.48400115966797;49.52299880981445;49.48400115966797;49.52299880981445;49.52299880981445;75
2024-11-26 14:23:00+01:00;49.500999450683594;49.500999450683594;49.500999450683594;49.500999450683594;49.500999450683594;816
2024-11-26 14:25:00+01:00;49.5;49.5;49.5;49.5;49.5;133
2024-11-26 14:26:00+01:00;49.51100158691406;49.51100158691406;49.51100158691406;49.51100158691406;49.51100158691406;80
2024-11-26 14:27:00+01:00;49.5;49.5;49.5;49.5;49.5;35
2024-11-26 14:28:00+01:00;49.494998931884766;49.494998931884766;49.494998931884766;49.494998931884766;49.494998931884766;1
2024-11-26 14:30:00+01:00;49.51499938964844;49.51499938964844;49.51300048828125;49.51300048828125;49.51300048828125;150
2024-11-26 14:33:00+01:00;49.49399948120117;49.49399948120117;49.49399948120117;49.49399948120117;49.49399948120117;60
2024-11-26 14:34:00+01:00;49.479000091552734;49.479000091552734;49.479000091552734;49.479000091552734;49.479000091552734;1
2024-11-26 14:35:00+01:00;49.49100112915039;49.49100112915039;49.48899841308594;49.48899841308594;49.48899841308594;77
2024-11-26 14:37:00+01:00;49.492000579833984;49.492000579833984;49.492000579833984;49.492000579833984;49.492000579833984;12
2024-11-26 14:39:00+01:00;49.499000549316406;49.499000549316406;49.499000549316406;49.499000549316406;49.499000549316406;2
2024-11-26 14:40:00+01:00;49.513999938964844;49.513999938964844;49.513999938964844;49.513999938964844;49.513999938964844;27
2024-11-26 14:41:00+01:00;49.525001525878906;49.525001525878906;49.525001525878906;49.525001525878906;49.525001525878906;10
2024-11-26 14:42:00+01:00;49.513999938964844;49.513999938964844;49.51100158691406;49.51100158691406;49.51100158691406;22
2024-11-26 14:43:00+01:00;49.5;49.50199890136719;49.5;49.50199890136719;49.50199890136719;55
2024-11-26 14:44:00+01:00;49.5;49.50199890136719;49.5;49.50199890136719;49.50199890136719;72
2024-11-26 14:45:00+01:00;49.4900016784668;49.4900016784668;49.48400115966797;49.48400115966797;49.48400115966797;37
2024-11-26 14:47:00+01:00;49.470001220703125;49.4739990234375;49.4640007019043;49.46699905395508;49.46699905395508;67
2024-11-26 14:48:00+01:00;49.465999603271484;49.465999603271484;49.465999603271484;49.465999603271484;49.465999603271484;17
2024-11-26 14:49:00+01:00;49.47200012207031;49.47200012207031;49.47200012207031;49.47200012207031;49.47200012207031;30
2024-11-26 14:52:00+01:00;49.49599838256836;49.49700164794922;49.49599838256836;49.49700164794922;49.49700164794922;2036
2024-11-26 14:54:00+01:00;49.50699996948242;49.50699996948242;49.50699996948242;49.50699996948242;49.50699996948242;3
2024-11-26 14:56:00+01:00;49.51599884033203;49.52000045776367;49.51599884033203;49.52000045776367;49.52000045776367;20
2024-11-26 14:57:00+01:00;49.518001556396484;49.518001556396484;49.518001556396484;49.518001556396484;49.518001556396484;150
2024-11-26 14:58:00+01:00;49.52299880981445;49.52299880981445;49.52299880981445;49.52299880981445;49.52299880981445;156
2024-11-26 14:59:00+01:00;49.525001525878906;49.525001525878906;49.525001525878906;49.525001525878906;49.525001525878906;5
2024-11-26 15:00:00+01:00;49.5;49.5;49.5;49.5;49.5;21
2024-11-26 15:01:00+01:00;49.54399871826172;49.54399871826172;49.54399871826172;49.54399871826172;49.54399871826172;4
2024-11-26 15:02:00+01:00;49.54800033569336;49.54800033569336;49.54800033569336;49.54800033569336;49.54800033569336;2009
2024-11-26 15:03:00+01:00;49.547000885009766;49.547000885009766;49.547000885009766;49.547000885009766;49.547000885009766;56
2024-11-26 15:07:00+01:00;49.58000183105469;49.59199905395508;49.58000183105469;49.59199905395508;49.59199905395508;134
2024-11-26 15:09:00+01:00;49.590999603271484;49.590999603271484;49.590999603271484;49.590999603271484;49.590999603271484;50
2024-11-26 15:11:00+01:00;49.61000061035156;49.61000061035156;49.61000061035156;49.61000061035156;49.61000061035156;4
2024-11-26 15:12:00+01:00;49.60100173950195;49.60100173950195;49.60100173950195;49.60100173950195;49.60100173950195;4
2024-11-26 15:15:00+01:00;49.59600067138672;49.59600067138672;49.59600067138672;49.59600067138672;49.59600067138672;6
2024-11-26 15:16:00+01:00;49.597999572753906;49.597999572753906;49.58700180053711;49.58700180053711;49.58700180053711;35
2024-11-26 15:18:00+01:00;49.584999084472656;49.584999084472656;49.57699966430664;49.57699966430664;49.57699966430664;44
2024-11-26 15:22:00+01:00;49.54399871826172;49.54399871826172;49.54399871826172;49.54399871826172;49.54399871826172;20
2024-11-26 15:24:00+01:00;49.52299880981445;49.52299880981445;49.52299880981445;49.52299880981445;49.52299880981445;2
2024-11-26 15:25:00+01:00;49.5099983215332;49.51599884033203;49.5;49.51599884033203;49.51599884033203;113
2024-11-26 15:27:00+01:00;49.50400161743164;49.51100158691406;49.50400161743164;49.51100158691406;49.51100158691406;17
2024-11-26 15:28:00+01:00;49.507999420166016;49.513999938964844;49.507999420166016;49.513999938964844;49.513999938964844;20
2024-11-26 15:29:00+01:00;49.525001525878906;49.534000396728516;49.525001525878906;49.534000396728516;49.534000396728516;3
2024-11-26 15:30:00+01:00;49.619998931884766;49.619998931884766;49.520999908447266;49.520999908447266;49.520999908447266;496
2024-11-26 15:31:00+01:00;49.55799865722656;49.58399963378906;49.55799865722656;49.571998596191406;49.571998596191406;123
2024-11-26 15:32:00+01:00;49.569000244140625;49.569000244140625;49.56800079345703;49.56800079345703;49.56800079345703;22
2024-11-26 15:33:00+01:00;49.57500076293945;49.59700012207031;49.57500076293945;49.59700012207031;49.59700012207031;28
2024-11-26 15:34:00+01:00;49.58300018310547;49.58300018310547;49.58300018310547;49.58300018310547;49.58300018310547;2
2024-11-26 15:35:00+01:00;49.599998474121094;49.60499954223633;49.599998474121094;49.60499954223633;49.60499954223633;1423
2024-11-26 15:36:00+01:00;49.61199951171875;49.61199951171875;49.56999969482422;49.56999969482422;49.56999969482422;22
2024-11-26 15:37:00+01:00;49.59199905395508;49.59199905395508;49.59199905395508;49.59199905395508;49.59199905395508;20
2024-11-26 15:38:00+01:00;49.569000244140625;49.569000244140625;49.569000244140625;49.569000244140625;49.569000244140625;12
2024-11-26 15:40:00+01:00;49.53900146484375;49.56700134277344;49.5369987487793;49.566001892089844;49.566001892089844;2132
2024-11-26 15:41:00+01:00;49.52000045776367;49.52000045776367;49.52000045776367;49.52000045776367;49.52000045776367;10
2024-11-26 15:42:00+01:00;49.53200149536133;49.54499816894531;49.53200149536133;49.54499816894531;49.54499816894531;199
2024-11-26 15:43:00+01:00;49.52899932861328;49.52899932861328;49.52899932861328;49.52899932861328;49.52899932861328;1
2024-11-26 15:47:00+01:00;49.54899978637695;49.55799865722656;49.54899978637695;49.55799865722656;49.55799865722656;1272
2024-11-26 15:48:00+01:00;49.55799865722656;49.55799865722656;49.55799865722656;49.55799865722656;49.55799865722656;15
2024-11-26 15:50:00+01:00;49.57500076293945;49.57500076293945;49.57500076293945;49.57500076293945;49.57500076293945;16
2024-11-26 15:51:00+01:00;49.58300018310547;49.590999603271484;49.582000732421875;49.5890007019043;49.5890007019043;87
2024-11-26 15:52:00+01:00;49.584999084472656;49.584999084472656;49.584999084472656;49.584999084472656;49.584999084472656;50
2024-11-26 15:54:00+01:00;49.54399871826172;49.54399871826172;49.54399871826172;49.54399871826172;49.54399871826172;4
2024-11-26 16:00:00+01:00;49.5;49.5;49.45000076293945;49.45000076293945;49.45000076293945;24
2024-11-26 16:05:00+01:00;49.50400161743164;49.50400161743164;49.50400161743164;49.50400161743164;49.50400161743164;11
2024-11-26 16:06:00+01:00;49.51599884033203;49.51599884033203;49.507999420166016;49.507999420166016;49.507999420166016;10
2024-11-26 16:07:00+01:00;49.494998931884766;49.500999450683594;49.492000579833984;49.500999450683594;49.500999450683594;22
2024-11-26 16:08:00+01:00;49.49599838256836;49.512001037597656;49.49599838256836;49.512001037597656;49.512001037597656;200
2024-11-26 16:09:00+01:00;49.51599884033203;49.51599884033203;49.51599884033203;49.51599884033203;49.51599884033203;500
2024-11-26 16:10:00+01:00;49.50199890136719;49.50199890136719;49.50199890136719;49.50199890136719;49.50199890136719;81
2024-11-26 16:11:00+01:00;49.50899887084961;49.50899887084961;49.50899887084961;49.50899887084961;49.50899887084961;100
2024-11-26 16:13:00+01:00;49.50699996948242;49.507999420166016;49.50699996948242;49.507999420166016;49.507999420166016;27
2024-11-26 16:14:00+01:00;49.51300048828125;49.518001556396484;49.507999420166016;49.518001556396484;49.518001556396484;25
2024-11-26 16:15:00+01:00;49.5;49.5;49.5;49.5;49.5;9
2024-11-26 16:16:00+01:00;49.51100158691406;49.51100158691406;49.51100158691406;49.51100158691406;49.51100158691406;4
2024-11-26 16:17:00+01:00;49.465999603271484;49.465999603271484;49.465999603271484;49.465999603271484;49.465999603271484;200
2024-11-26 16:18:00+01:00;49.47600173950195;49.47600173950195;49.47600173950195;49.47600173950195;49.47600173950195;7
2024-11-26 16:20:00+01:00;49.47600173950195;49.47600173950195;49.47600173950195;49.47600173950195;49.47600173950195;40
2024-11-26 16:21:00+01:00;49.47600173950195;49.47600173950195;49.47600173950195;49.47600173950195;49.47600173950195;179
2024-11-26 16:22:00+01:00;49.53499984741211;49.53499984741211;49.53499984741211;49.53499984741211;49.53499984741211;2
2024-11-26 16:24:00+01:00;49.53799819946289;49.53799819946289;49.53099822998047;49.53099822998047;49.53099822998047;208
2024-11-26 16:25:00+01:00;49.527000427246094;49.527000427246094;49.527000427246094;49.527000427246094;49.527000427246094;110
2024-11-26 16:27:00+01:00;49.53099822998047;49.53099822998047;49.507999420166016;49.507999420166016;49.507999420166016;11
2024-11-26 16:29:00+01:00;49.573001861572266;49.573001861572266;49.573001861572266;49.573001861572266;49.573001861572266;110
2024-11-26 16:30:00+01:00;49.590999603271484;49.590999603271484;49.590999603271484;49.590999603271484;49.590999603271484;22
2024-11-26 16:32:00+01:00;49.5880012512207;49.5880012512207;49.5880012512207;49.5880012512207;49.5880012512207;2
2024-11-26 16:33:00+01:00;49.58100128173828;49.58100128173828;49.57899856567383;49.57899856567383;49.57899856567383;92
2024-11-26 16:34:00+01:00;49.551998138427734;49.551998138427734;49.54899978637695;49.54899978637695;49.54899978637695;10
2024-11-26 16:35:00+01:00;49.534000396728516;49.53499984741211;49.534000396728516;49.534000396728516;49.534000396728516;14
2024-11-26 16:36:00+01:00;49.55400085449219;49.555999755859375;49.55400085449219;49.555999755859375;49.555999755859375;10
2024-11-26 16:38:00+01:00;49.57400131225586;49.57400131225586;49.57400131225586;49.57400131225586;49.57400131225586;34
2024-11-26 16:39:00+01:00;49.56999969482422;49.56999969482422;49.56999969482422;49.56999969482422;49.56999969482422;72
2024-11-26 16:40:00+01:00;49.54999923706055;49.54999923706055;49.54999923706055;49.54999923706055;49.54999923706055;81
2024-11-26 16:41:00+01:00;49.555999755859375;49.57600021362305;49.555999755859375;49.57600021362305;49.57600021362305;4
2024-11-26 16:43:00+01:00;49.599998474121094;49.599998474121094;49.599998474121094;49.599998474121094;49.599998474121094;22
2024-11-26 16:44:00+01:00;49.599998474121094;49.599998474121094;49.599998474121094;49.599998474121094;49.599998474121094;1
2024-11-26 16:45:00+01:00;49.611000061035156;49.611000061035156;49.60900115966797;49.60900115966797;49.60900115966797;65
2024-11-26 16:46:00+01:00;49.571998596191406;49.571998596191406;49.57099914550781;49.57099914550781;49.57099914550781;21
2024-11-26 16:47:00+01:00;49.573001861572266;49.573001861572266;49.573001861572266;49.573001861572266;49.573001861572266;30
2024-11-26 16:48:00+01:00;49.56800079345703;49.56800079345703;49.56800079345703;49.56800079345703;49.56800079345703;258
2024-11-26 16:49:00+01:00;49.54399871826172;49.54899978637695;49.54399871826172;49.54899978637695;49.54899978637695;65
2024-11-26 16:52:00+01:00;49.56999969482422;49.57899856567383;49.56999969482422;49.57899856567383;49.57899856567383;9
2024-11-26 16:53:00+01:00;49.582000732421875;49.582000732421875;49.582000732421875;49.582000732421875;49.582000732421875;40
2024-11-26 16:54:00+01:00;49.59000015258789;49.59000015258789;49.59000015258789;49.59000015258789;49.59000015258789;20
2024-11-26 16:55:00+01:00;49.61600112915039;49.61600112915039;49.61600112915039;49.61600112915039;49.61600112915039;70
2024-11-26 16:56:00+01:00;49.62799835205078;49.62799835205078;49.62799835205078;49.62799835205078;49.62799835205078;4
2024-11-26 16:57:00+01:00;49.62699890136719;49.650001525878906;49.62699890136719;49.650001525878906;49.650001525878906;212
2024-11-26 16:58:00+01:00;49.67100143432617;49.67100143432617;49.6619987487793;49.6619987487793;49.6619987487793;150
2024-11-26 17:00:00+01:00;49.64699935913086;49.64699935913086;49.63100051879883;49.63800048828125;49.63800048828125;53
2024-11-26 17:01:00+01:00;49.64699935913086;49.64799880981445;49.64699935913086;49.64799880981445;49.64799880981445;116
2024-11-26 17:02:00+01:00;49.66400146484375;49.66400146484375;49.64099884033203;49.64099884033203;49.64099884033203;142
2024-11-26 17:03:00+01:00;49.665000915527344;49.66999816894531;49.665000915527344;49.66999816894531;49.66999816894531;50
2024-11-26 17:05:00+01:00;49.667999267578125;49.667999267578125;49.66400146484375;49.66400146484375;49.66400146484375;32
2024-11-26 17:06:00+01:00;49.66400146484375;49.685001373291016;49.66400146484375;49.685001373291016;49.685001373291016;22
2024-11-26 17:07:00+01:00;49.67100143432617;49.67100143432617;49.67100143432617;49.67100143432617;49.67100143432617;13
2024-11-26 17:09:00+01:00;49.685001373291016;49.685001373291016;49.652000427246094;49.652000427246094;49.652000427246094;258
2024-11-26 17:10:00+01:00;49.67300033569336;49.67300033569336;49.67300033569336;49.67300033569336;49.67300033569336;40
2024-11-26 17:11:00+01:00;49.68000030517578;49.691001892089844;49.68000030517578;49.68299865722656;49.68299865722656;303
2024-11-26 17:12:00+01:00;49.69300079345703;49.69300079345703;49.69300079345703;49.69300079345703;49.69300079345703;3
2024-11-26 17:13:00+01:00;49.69499969482422;49.69499969482422;49.691001892089844;49.691001892089844;49.691001892089844;21
2024-11-26 17:14:00+01:00;49.707000732421875;49.707000732421875;49.707000732421875;49.707000732421875;49.707000732421875;20
2024-11-26 17:15:00+01:00;49.68899917602539;49.68899917602539;49.68899917602539;49.68899917602539;49.68899917602539;12
2024-11-26 17:16:00+01:00;49.702999114990234;49.702999114990234;49.702999114990234;49.702999114990234;49.702999114990234;35
2024-11-26 17:19:00+01:00;49.69499969482422;49.69499969482422;49.69499969482422;49.69499969482422;49.69499969482422;78
2024-11-26 17:20:00+01:00;49.709999084472656;49.709999084472656;49.709999084472656;49.709999084472656;49.709999084472656;10
2024-11-26 17:21:00+01:00;49.7140007019043;49.7140007019043;49.7140007019043;49.7140007019043;49.7140007019043;2
2024-11-26 17:22:00+01:00;49.75400161743164;49.75400161743164;49.73500061035156;49.74399948120117;49.74399948120117;376
2024-11-26 17:23:00+01:00;49.73099899291992;49.73099899291992;49.73099899291992;49.73099899291992;49.73099899291992;20
2024-11-26 17:25:00+01:00;49.70899963378906;49.70899963378906;49.70100021362305;49.70100021362305;49.70100021362305;92
2024-11-26 17:26:00+01:00;49.71500015258789;49.71500015258789;49.71500015258789;49.71500015258789;49.71500015258789;12
2024-11-26 17:27:00+01:00;49.70000076293945;49.71699905395508;49.70000076293945;49.71699905395508;49.71699905395508;75
2024-11-26 17:28:00+01:00;49.71900177001953;49.71900177001953;49.71900177001953;49.71900177001953;49.71900177001953;40
2024-11-26 17:29:00+01:00;49.709999084472656;49.72700119018555;49.709999084472656;49.72700119018555;49.72700119018555;11059
