Datetime;Open;High;Low;Close;Adj Close;Volume
2024-09-20 09:04:00+02:00;44.22999954223633;44.22999954223633;44.20100021362305;44.2140007019043;44.2140007019043;0
2024-09-20 09:05:00+02:00;44.20500183105469;44.20500183105469;44.20500183105469;44.20500183105469;44.20500183105469;166
2024-09-20 09:06:00+02:00;44.20000076293945;44.202999114990234;44.20000076293945;44.20000076293945;44.20000076293945;167
2024-09-20 09:08:00+02:00;44.196998596191406;44.196998596191406;44.196998596191406;44.196998596191406;44.196998596191406;5
2024-09-20 09:09:00+02:00;44.17399978637695;44.18199920654297;44.17399978637695;44.18199920654297;44.18199920654297;25
2024-09-20 09:10:00+02:00;44.17300033569336;44.17399978637695;44.17300033569336;44.17399978637695;44.17399978637695;3761
2024-09-20 09:12:00+02:00;44.180999755859375;44.180999755859375;44.180999755859375;44.180999755859375;44.180999755859375;1
2024-09-20 09:13:00+02:00;44.191001892089844;44.191001892089844;44.191001892089844;44.191001892089844;44.191001892089844;150
2024-09-20 09:14:00+02:00;44.20000076293945;44.20000076293945;44.20000076293945;44.20000076293945;44.20000076293945;2
2024-09-20 09:16:00+02:00;44.20800018310547;44.20800018310547;44.20000076293945;44.20000076293945;44.20000076293945;26
2024-09-20 09:20:00+02:00;44.224998474121094;44.224998474121094;44.224998474121094;44.224998474121094;44.224998474121094;6
2024-09-20 09:22:00+02:00;44.220001220703125;44.220001220703125;44.220001220703125;44.220001220703125;44.220001220703125;4
2024-09-20 09:23:00+02:00;44.220001220703125;44.220001220703125;44.220001220703125;44.220001220703125;44.220001220703125;3
2024-09-20 09:25:00+02:00;44.20000076293945;44.20000076293945;44.20000076293945;44.20000076293945;44.20000076293945;11
2024-09-20 09:26:00+02:00;44.21099853515625;44.21099853515625;44.21099853515625;44.21099853515625;44.21099853515625;16
2024-09-20 09:27:00+02:00;44.202999114990234;44.202999114990234;44.202999114990234;44.202999114990234;44.202999114990234;16
2024-09-20 09:28:00+02:00;44.2140007019043;44.2140007019043;44.207000732421875;44.207000732421875;44.207000732421875;30
2024-09-20 09:29:00+02:00;44.20800018310547;44.20800018310547;44.20800018310547;44.20800018310547;44.20800018310547;1
2024-09-20 09:32:00+02:00;44.22200012207031;44.22200012207031;44.22200012207031;44.22200012207031;44.22200012207031;24
2024-09-20 09:33:00+02:00;44.22999954223633;44.22999954223633;44.21799850463867;44.21799850463867;44.21799850463867;42
2024-09-20 09:36:00+02:00;44.21799850463867;44.21799850463867;44.21799850463867;44.21799850463867;44.21799850463867;220
2024-09-20 09:38:00+02:00;44.242000579833984;44.242000579833984;44.22800064086914;44.22800064086914;44.22800064086914;6
2024-09-20 09:39:00+02:00;44.22700119018555;44.22700119018555;44.21799850463867;44.21799850463867;44.21799850463867;4
2024-09-20 09:42:00+02:00;44.2400016784668;44.25400161743164;44.2400016784668;44.25400161743164;44.25400161743164;1610
2024-09-20 09:43:00+02:00;44.25299835205078;44.25299835205078;44.25299835205078;44.25299835205078;44.25299835205078;5
2024-09-20 09:44:00+02:00;44.25299835205078;44.25299835205078;44.25299835205078;44.25299835205078;44.25299835205078;33
2024-09-20 09:48:00+02:00;44.26100158691406;44.26499938964844;44.26100158691406;44.26499938964844;44.26499938964844;342
2024-09-20 09:49:00+02:00;44.277000427246094;44.277000427246094;44.277000427246094;44.277000427246094;44.277000427246094;90
2024-09-20 09:50:00+02:00;44.27799987792969;44.27799987792969;44.27799987792969;44.27799987792969;44.27799987792969;250
2024-09-20 09:52:00+02:00;44.28300094604492;44.28300094604492;44.28300094604492;44.28300094604492;44.28300094604492;15
2024-09-20 09:53:00+02:00;44.27399826049805;44.27399826049805;44.27399826049805;44.27399826049805;44.27399826049805;464
2024-09-20 09:54:00+02:00;44.29399871826172;44.297000885009766;44.29399871826172;44.297000885009766;44.297000885009766;255
2024-09-20 09:57:00+02:00;44.2760009765625;44.2760009765625;44.2760009765625;44.2760009765625;44.2760009765625;9
2024-09-20 10:00:00+02:00;44.27000045776367;44.27000045776367;44.27000045776367;44.27000045776367;44.27000045776367;4
2024-09-20 10:05:00+02:00;44.2599983215332;44.2599983215332;44.2599983215332;44.2599983215332;44.2599983215332;14
2024-09-20 10:06:00+02:00;44.27199935913086;44.28900146484375;44.27199935913086;44.28900146484375;44.28900146484375;41
2024-09-20 10:08:00+02:00;44.29399871826172;44.29399871826172;44.292999267578125;44.292999267578125;44.292999267578125;265
2024-09-20 10:11:00+02:00;44.270999908447266;44.284000396728516;44.270999908447266;44.284000396728516;44.284000396728516;4
2024-09-20 10:13:00+02:00;44.29399871826172;44.29399871826172;44.29399871826172;44.29399871826172;44.29399871826172;1
2024-09-20 10:16:00+02:00;44.29399871826172;44.29399871826172;44.29399871826172;44.29399871826172;44.29399871826172;5
2024-09-20 10:17:00+02:00;44.292999267578125;44.292999267578125;44.292999267578125;44.292999267578125;44.292999267578125;6
2024-09-20 10:20:00+02:00;44.290000915527344;44.290000915527344;44.290000915527344;44.290000915527344;44.290000915527344;3
2024-09-20 10:21:00+02:00;44.2859992980957;44.2859992980957;44.279998779296875;44.279998779296875;44.279998779296875;11
2024-09-20 10:22:00+02:00;44.28200149536133;44.28200149536133;44.28200149536133;44.28200149536133;44.28200149536133;12
2024-09-20 10:24:00+02:00;44.27000045776367;44.27000045776367;44.27000045776367;44.27000045776367;44.27000045776367;13
2024-09-20 10:26:00+02:00;44.257999420166016;44.257999420166016;44.257999420166016;44.257999420166016;44.257999420166016;14
2024-09-20 10:27:00+02:00;44.25699996948242;44.25699996948242;44.25699996948242;44.25699996948242;44.25699996948242;1
2024-09-20 10:29:00+02:00;44.231998443603516;44.231998443603516;44.231998443603516;44.231998443603516;44.231998443603516;10
2024-09-20 10:31:00+02:00;44.233001708984375;44.233001708984375;44.233001708984375;44.233001708984375;44.233001708984375;50
2024-09-20 10:33:00+02:00;44.22800064086914;44.22800064086914;44.220001220703125;44.222999572753906;44.222999572753906;239
2024-09-20 10:34:00+02:00;44.20500183105469;44.2130012512207;44.20500183105469;44.20800018310547;44.20800018310547;60
2024-09-20 10:39:00+02:00;44.21799850463867;44.21799850463867;44.20100021362305;44.20100021362305;44.20100021362305;20
2024-09-20 10:44:00+02:00;44.21799850463867;44.21799850463867;44.21799850463867;44.21799850463867;44.21799850463867;5
2024-09-20 10:48:00+02:00;44.22200012207031;44.224998474121094;44.22200012207031;44.224998474121094;44.224998474121094;14
2024-09-20 10:56:00+02:00;44.23400115966797;44.23400115966797;44.23400115966797;44.23400115966797;44.23400115966797;135
2024-09-20 10:57:00+02:00;44.233001708984375;44.233001708984375;44.209999084472656;44.209999084472656;44.209999084472656;27
2024-09-20 10:58:00+02:00;44.231998443603516;44.231998443603516;44.231998443603516;44.231998443603516;44.231998443603516;3
2024-09-20 10:59:00+02:00;44.22800064086914;44.22800064086914;44.22800064086914;44.22800064086914;44.22800064086914;12
2024-09-20 11:00:00+02:00;44.21799850463867;44.21799850463867;44.21799850463867;44.21799850463867;44.21799850463867;200
2024-09-20 11:04:00+02:00;44.24800109863281;44.24800109863281;44.24800109863281;44.24800109863281;44.24800109863281;2
2024-09-20 11:05:00+02:00;44.24599838256836;44.24599838256836;44.24599838256836;44.24599838256836;44.24599838256836;1
2024-09-20 11:07:00+02:00;44.25;44.25;44.25;44.25;44.25;3
2024-09-20 11:08:00+02:00;44.24700164794922;44.24700164794922;44.24700164794922;44.24700164794922;44.24700164794922;18
2024-09-20 11:17:00+02:00;44.24800109863281;44.24800109863281;44.24800109863281;44.24800109863281;44.24800109863281;4
2024-09-20 11:20:00+02:00;44.25299835205078;44.25299835205078;44.25299835205078;44.25299835205078;44.25299835205078;18
2024-09-20 11:21:00+02:00;44.24800109863281;44.25199890136719;44.24800109863281;44.25199890136719;44.25199890136719;8
2024-09-20 11:22:00+02:00;44.244998931884766;44.244998931884766;44.244998931884766;44.244998931884766;44.244998931884766;6
2024-09-20 11:23:00+02:00;44.24800109863281;44.24800109863281;44.24800109863281;44.24800109863281;44.24800109863281;10
2024-09-20 11:25:00+02:00;44.250999450683594;44.250999450683594;44.250999450683594;44.250999450683594;44.250999450683594;47
2024-09-20 11:26:00+02:00;44.24599838256836;44.24599838256836;44.2400016784668;44.2400016784668;44.2400016784668;14
2024-09-20 11:29:00+02:00;44.25699996948242;44.25699996948242;44.25699996948242;44.25699996948242;44.25699996948242;6
2024-09-20 11:30:00+02:00;44.22999954223633;44.22999954223633;44.22999954223633;44.22999954223633;44.22999954223633;95
2024-09-20 11:31:00+02:00;44.21500015258789;44.21500015258789;44.21500015258789;44.21500015258789;44.21500015258789;1
2024-09-20 11:32:00+02:00;44.22999954223633;44.22999954223633;44.22999954223633;44.22999954223633;44.22999954223633;11
2024-09-20 11:33:00+02:00;44.229000091552734;44.229000091552734;44.229000091552734;44.229000091552734;44.229000091552734;2
2024-09-20 11:35:00+02:00;44.23400115966797;44.23400115966797;44.23400115966797;44.23400115966797;44.23400115966797;10
2024-09-20 11:37:00+02:00;44.23400115966797;44.23400115966797;44.23400115966797;44.23400115966797;44.23400115966797;10
2024-09-20 11:38:00+02:00;44.229000091552734;44.229000091552734;44.229000091552734;44.229000091552734;44.229000091552734;67
2024-09-20 11:40:00+02:00;44.22200012207031;44.22200012207031;44.220001220703125;44.22200012207031;44.22200012207031;24
2024-09-20 11:42:00+02:00;44.220001220703125;44.220001220703125;44.220001220703125;44.220001220703125;44.220001220703125;45
2024-09-20 11:43:00+02:00;44.23099899291992;44.23099899291992;44.23099899291992;44.23099899291992;44.23099899291992;8
2024-09-20 11:44:00+02:00;44.229000091552734;44.229000091552734;44.229000091552734;44.229000091552734;44.229000091552734;1
2024-09-20 11:46:00+02:00;44.22700119018555;44.22700119018555;44.22700119018555;44.22700119018555;44.22700119018555;29
2024-09-20 11:47:00+02:00;44.22700119018555;44.22700119018555;44.22700119018555;44.22700119018555;44.22700119018555;50
2024-09-20 11:48:00+02:00;44.22800064086914;44.22800064086914;44.22800064086914;44.22800064086914;44.22800064086914;10
2024-09-20 11:49:00+02:00;44.23099899291992;44.237998962402344;44.23099899291992;44.237998962402344;44.237998962402344;20
2024-09-20 11:53:00+02:00;44.25;44.25400161743164;44.25;44.25400161743164;44.25400161743164;52
2024-09-20 11:54:00+02:00;44.24800109863281;44.24800109863281;44.24800109863281;44.24800109863281;44.24800109863281;46
2024-09-20 11:57:00+02:00;44.22999954223633;44.24100112915039;44.2239990234375;44.24100112915039;44.24100112915039;253
2024-09-20 12:00:00+02:00;44.22999954223633;44.22999954223633;44.22999954223633;44.22999954223633;44.22999954223633;11
2024-09-20 12:03:00+02:00;44.23699951171875;44.23699951171875;44.23699951171875;44.23699951171875;44.23699951171875;5
2024-09-20 12:05:00+02:00;44.209999084472656;44.209999084472656;44.207000732421875;44.207000732421875;44.207000732421875;120
2024-09-20 12:07:00+02:00;44.224998474121094;44.224998474121094;44.224998474121094;44.224998474121094;44.224998474121094;1
2024-09-20 12:09:00+02:00;44.22700119018555;44.22700119018555;44.22700119018555;44.22700119018555;44.22700119018555;6
2024-09-20 12:11:00+02:00;44.249000549316406;44.249000549316406;44.249000549316406;44.249000549316406;44.249000549316406;4409
2024-09-20 12:15:00+02:00;44.249000549316406;44.249000549316406;44.249000549316406;44.249000549316406;44.249000549316406;11
2024-09-20 12:16:00+02:00;44.255001068115234;44.255001068115234;44.255001068115234;44.255001068115234;44.255001068115234;115
2024-09-20 12:18:00+02:00;44.255001068115234;44.26300048828125;44.255001068115234;44.26300048828125;44.26300048828125;12
2024-09-20 12:19:00+02:00;44.262001037597656;44.262001037597656;44.262001037597656;44.262001037597656;44.262001037597656;5
2024-09-20 12:20:00+02:00;44.255001068115234;44.255001068115234;44.255001068115234;44.255001068115234;44.255001068115234;2
2024-09-20 12:25:00+02:00;44.275001525878906;44.275001525878906;44.27299880981445;44.27299880981445;44.27299880981445;6
2024-09-20 12:27:00+02:00;44.270999908447266;44.27199935913086;44.270999908447266;44.27199935913086;44.27199935913086;55
2024-09-20 12:28:00+02:00;44.27399826049805;44.27399826049805;44.26900100708008;44.26900100708008;44.26900100708008;34
2024-09-20 12:29:00+02:00;44.263999938964844;44.263999938964844;44.263999938964844;44.263999938964844;44.263999938964844;3
2024-09-20 12:40:00+02:00;44.25699996948242;44.25699996948242;44.25600051879883;44.25600051879883;44.25600051879883;244
2024-09-20 12:46:00+02:00;44.242000579833984;44.242000579833984;44.242000579833984;44.242000579833984;44.242000579833984;10
2024-09-20 12:48:00+02:00;44.231998443603516;44.231998443603516;44.22999954223633;44.22999954223633;44.22999954223633;486
2024-09-20 12:49:00+02:00;44.22999954223633;44.233001708984375;44.22999954223633;44.233001708984375;44.233001708984375;53
2024-09-20 12:50:00+02:00;44.22700119018555;44.23400115966797;44.21799850463867;44.23400115966797;44.23400115966797;264
2024-09-20 12:51:00+02:00;44.22999954223633;44.22999954223633;44.22999954223633;44.22999954223633;44.22999954223633;10
2024-09-20 13:05:00+02:00;44.22200012207031;44.22200012207031;44.22200012207031;44.22200012207031;44.22200012207031;7
2024-09-20 13:09:00+02:00;44.209999084472656;44.209999084472656;44.209999084472656;44.209999084472656;44.209999084472656;1
2024-09-20 13:10:00+02:00;44.2130012512207;44.2130012512207;44.2130012512207;44.2130012512207;44.2130012512207;23
2024-09-20 13:11:00+02:00;44.21500015258789;44.21500015258789;44.21500015258789;44.21500015258789;44.21500015258789;3
2024-09-20 13:12:00+02:00;44.21699905395508;44.21699905395508;44.21699905395508;44.21699905395508;44.21699905395508;145
2024-09-20 13:13:00+02:00;44.21699905395508;44.21699905395508;44.21699905395508;44.21699905395508;44.21699905395508;6
2024-09-20 13:14:00+02:00;44.23099899291992;44.23099899291992;44.23099899291992;44.23099899291992;44.23099899291992;4
2024-09-20 13:16:00+02:00;44.2400016784668;44.2400016784668;44.2400016784668;44.2400016784668;44.2400016784668;3
2024-09-20 13:19:00+02:00;44.231998443603516;44.231998443603516;44.231998443603516;44.231998443603516;44.231998443603516;1
2024-09-20 13:24:00+02:00;44.21500015258789;44.21500015258789;44.21500015258789;44.21500015258789;44.21500015258789;4
2024-09-20 13:26:00+02:00;44.21200180053711;44.21200180053711;44.21200180053711;44.21200180053711;44.21200180053711;2
2024-09-20 13:33:00+02:00;44.21699905395508;44.21699905395508;44.21699905395508;44.21699905395508;44.21699905395508;4
2024-09-20 13:37:00+02:00;44.21699905395508;44.21699905395508;44.21500015258789;44.21500015258789;44.21500015258789;5
2024-09-20 13:38:00+02:00;44.202999114990234;44.202999114990234;44.20199966430664;44.20199966430664;44.20199966430664;2000
2024-09-20 13:39:00+02:00;44.21699905395508;44.21699905395508;44.21699905395508;44.21699905395508;44.21699905395508;16
2024-09-20 13:40:00+02:00;44.224998474121094;44.224998474121094;44.2239990234375;44.2239990234375;44.2239990234375;71
2024-09-20 13:42:00+02:00;44.20800018310547;44.21500015258789;44.20800018310547;44.21099853515625;44.21099853515625;72
2024-09-20 13:43:00+02:00;44.215999603271484;44.215999603271484;44.215999603271484;44.215999603271484;44.215999603271484;25
2024-09-20 13:48:00+02:00;44.23400115966797;44.23400115966797;44.23400115966797;44.23400115966797;44.23400115966797;5
2024-09-20 13:50:00+02:00;44.22999954223633;44.22999954223633;44.22999954223633;44.22999954223633;44.22999954223633;2
2024-09-20 13:51:00+02:00;44.229000091552734;44.229000091552734;44.21799850463867;44.21799850463867;44.21799850463867;32
2024-09-20 13:53:00+02:00;44.2130012512207;44.2130012512207;44.2130012512207;44.2130012512207;44.2130012512207;3
2024-09-20 13:54:00+02:00;44.21200180053711;44.215999603271484;44.21200180053711;44.215999603271484;44.215999603271484;18
2024-09-20 13:59:00+02:00;44.22600173950195;44.22600173950195;44.224998474121094;44.224998474121094;44.224998474121094;26
2024-09-20 14:00:00+02:00;44.220001220703125;44.220001220703125;44.215999603271484;44.215999603271484;44.215999603271484;201
2024-09-20 14:01:00+02:00;44.222999572753906;44.222999572753906;44.222999572753906;44.222999572753906;44.222999572753906;8
2024-09-20 14:02:00+02:00;44.222999572753906;44.222999572753906;44.222999572753906;44.222999572753906;44.222999572753906;10
2024-09-20 14:03:00+02:00;44.22700119018555;44.22700119018555;44.22700119018555;44.22700119018555;44.22700119018555;6
2024-09-20 14:04:00+02:00;44.22700119018555;44.22700119018555;44.22600173950195;44.22600173950195;44.22600173950195;84
2024-09-20 14:09:00+02:00;44.242000579833984;44.242000579833984;44.242000579833984;44.242000579833984;44.242000579833984;10
2024-09-20 14:11:00+02:00;44.24399948120117;44.24399948120117;44.24399948120117;44.24399948120117;44.24399948120117;15
2024-09-20 14:12:00+02:00;44.23899841308594;44.23899841308594;44.23899841308594;44.23899841308594;44.23899841308594;10
2024-09-20 14:13:00+02:00;44.236000061035156;44.236000061035156;44.236000061035156;44.236000061035156;44.236000061035156;6
2024-09-20 14:16:00+02:00;44.2400016784668;44.2400016784668;44.2400016784668;44.2400016784668;44.2400016784668;3
2024-09-20 14:18:00+02:00;44.237998962402344;44.2400016784668;44.22999954223633;44.22999954223633;44.22999954223633;44
2024-09-20 14:20:00+02:00;44.22999954223633;44.22999954223633;44.22999954223633;44.22999954223633;44.22999954223633;7
2024-09-20 14:22:00+02:00;44.23899841308594;44.249000549316406;44.23899841308594;44.249000549316406;44.249000549316406;114
2024-09-20 14:26:00+02:00;44.23099899291992;44.23099899291992;44.23099899291992;44.23099899291992;44.23099899291992;25
2024-09-20 14:27:00+02:00;44.237998962402344;44.237998962402344;44.237998962402344;44.237998962402344;44.237998962402344;25
2024-09-20 14:28:00+02:00;44.207000732421875;44.207000732421875;44.207000732421875;44.207000732421875;44.207000732421875;8
2024-09-20 14:29:00+02:00;44.24300003051758;44.24300003051758;44.24300003051758;44.24300003051758;44.24300003051758;2
2024-09-20 14:36:00+02:00;44.24300003051758;44.24300003051758;44.24300003051758;44.24300003051758;44.24300003051758;9
2024-09-20 14:39:00+02:00;44.26599884033203;44.26599884033203;44.26599884033203;44.26599884033203;44.26599884033203;1125
2024-09-20 14:41:00+02:00;44.25400161743164;44.25400161743164;44.25400161743164;44.25400161743164;44.25400161743164;9
2024-09-20 14:45:00+02:00;44.24300003051758;44.24300003051758;44.24300003051758;44.24300003051758;44.24300003051758;13
2024-09-20 14:46:00+02:00;44.25299835205078;44.25299835205078;44.25299835205078;44.25299835205078;44.25299835205078;5
2024-09-20 14:49:00+02:00;44.250999450683594;44.250999450683594;44.250999450683594;44.250999450683594;44.250999450683594;2
2024-09-20 14:50:00+02:00;44.25400161743164;44.25400161743164;44.25;44.25;44.25;181
2024-09-20 14:51:00+02:00;44.2400016784668;44.2400016784668;44.2400016784668;44.2400016784668;44.2400016784668;10
2024-09-20 14:52:00+02:00;44.262001037597656;44.262001037597656;44.262001037597656;44.262001037597656;44.262001037597656;10
2024-09-20 14:53:00+02:00;44.25;44.25;44.25;44.25;44.25;3
2024-09-20 14:56:00+02:00;44.25;44.25;44.22999954223633;44.22999954223633;44.22999954223633;6
2024-09-20 14:57:00+02:00;44.24599838256836;44.24599838256836;44.24599838256836;44.24599838256836;44.24599838256836;50
2024-09-20 15:00:00+02:00;44.249000549316406;44.249000549316406;44.233001708984375;44.233001708984375;44.233001708984375;4
2024-09-20 15:01:00+02:00;44.236000061035156;44.236000061035156;44.236000061035156;44.236000061035156;44.236000061035156;4
2024-09-20 15:02:00+02:00;44.220001220703125;44.220001220703125;44.220001220703125;44.220001220703125;44.220001220703125;15
2024-09-20 15:03:00+02:00;44.21699905395508;44.21699905395508;44.21699905395508;44.21699905395508;44.21699905395508;8
2024-09-20 15:04:00+02:00;44.20100021362305;44.21200180053711;44.20000076293945;44.20600128173828;44.20600128173828;322
2024-09-20 15:05:00+02:00;44.189998626708984;44.189998626708984;44.18000030517578;44.18000030517578;44.18000030517578;181
2024-09-20 15:07:00+02:00;44.16999816894531;44.16999816894531;44.150001525878906;44.150001525878906;44.150001525878906;18
2024-09-20 15:09:00+02:00;44.16699981689453;44.16699981689453;44.16699981689453;44.16699981689453;44.16699981689453;2
2024-09-20 15:17:00+02:00;44.20000076293945;44.20000076293945;44.20000076293945;44.20000076293945;44.20000076293945;184
2024-09-20 15:19:00+02:00;44.194000244140625;44.194000244140625;44.194000244140625;44.194000244140625;44.194000244140625;11
2024-09-20 15:20:00+02:00;44.20100021362305;44.202999114990234;44.20100021362305;44.202999114990234;44.202999114990234;52
2024-09-20 15:22:00+02:00;44.20899963378906;44.20899963378906;44.20899963378906;44.20899963378906;44.20899963378906;50
2024-09-20 15:24:00+02:00;44.20100021362305;44.20100021362305;44.20100021362305;44.20100021362305;44.20100021362305;10
2024-09-20 15:26:00+02:00;44.21200180053711;44.21200180053711;44.21200180053711;44.21200180053711;44.21200180053711;2
2024-09-20 15:27:00+02:00;44.20500183105469;44.20600128173828;44.20500183105469;44.20600128173828;44.20600128173828;246
2024-09-20 15:31:00+02:00;44.20199966430664;44.20199966430664;44.20199966430664;44.20199966430664;44.20199966430664;2
2024-09-20 15:32:00+02:00;44.231998443603516;44.231998443603516;44.21799850463867;44.231998443603516;44.231998443603516;17
2024-09-20 15:33:00+02:00;44.189998626708984;44.22100067138672;44.189998626708984;44.22100067138672;44.22100067138672;160
2024-09-20 15:38:00+02:00;44.25;44.25;44.25;44.25;44.25;8
2024-09-20 15:41:00+02:00;44.242000579833984;44.242000579833984;44.242000579833984;44.242000579833984;44.242000579833984;6
2024-09-20 15:45:00+02:00;44.22100067138672;44.22100067138672;44.20000076293945;44.20000076293945;44.20000076293945;7
2024-09-20 15:48:00+02:00;44.233001708984375;44.233001708984375;44.22600173950195;44.22600173950195;44.22600173950195;33
2024-09-20 15:49:00+02:00;44.20500183105469;44.20500183105469;44.20500183105469;44.20500183105469;44.20500183105469;26
2024-09-20 15:50:00+02:00;44.20000076293945;44.20000076293945;44.20000076293945;44.20000076293945;44.20000076293945;11
2024-09-20 15:54:00+02:00;44.21099853515625;44.2239990234375;44.20000076293945;44.20000076293945;44.20000076293945;14
2024-09-20 15:58:00+02:00;44.20000076293945;44.20000076293945;44.19499969482422;44.19499969482422;44.19499969482422;107
2024-09-20 15:59:00+02:00;44.165000915527344;44.165000915527344;44.165000915527344;44.165000915527344;44.165000915527344;57
2024-09-20 16:05:00+02:00;44.207000732421875;44.207000732421875;44.207000732421875;44.207000732421875;44.207000732421875;2
2024-09-20 16:07:00+02:00;44.21200180053711;44.21200180053711;44.21200180053711;44.21200180053711;44.21200180053711;34
2024-09-20 16:08:00+02:00;44.20899963378906;44.20899963378906;44.20899963378906;44.20899963378906;44.20899963378906;2
2024-09-20 16:11:00+02:00;44.165000915527344;44.165000915527344;44.165000915527344;44.165000915527344;44.165000915527344;2
2024-09-20 16:12:00+02:00;44.15999984741211;44.172000885009766;44.15999984741211;44.172000885009766;44.172000885009766;5
2024-09-20 16:15:00+02:00;44.19599914550781;44.19599914550781;44.19599914550781;44.19599914550781;44.19599914550781;2
2024-09-20 16:20:00+02:00;44.215999603271484;44.215999603271484;44.215999603271484;44.215999603271484;44.215999603271484;93
2024-09-20 16:21:00+02:00;44.222999572753906;44.222999572753906;44.222999572753906;44.222999572753906;44.222999572753906;50
2024-09-20 16:22:00+02:00;44.22700119018555;44.22700119018555;44.22700119018555;44.22700119018555;44.22700119018555;1
2024-09-20 16:23:00+02:00;44.25;44.25;44.25;44.25;44.25;22
2024-09-20 16:24:00+02:00;44.26499938964844;44.26499938964844;44.26499938964844;44.26499938964844;44.26499938964844;3
2024-09-20 16:26:00+02:00;44.2599983215332;44.26499938964844;44.2599983215332;44.26499938964844;44.26499938964844;33
2024-09-20 16:27:00+02:00;44.24599838256836;44.24599838256836;44.24599838256836;44.24599838256836;44.24599838256836;20
2024-09-20 16:28:00+02:00;44.24100112915039;44.24100112915039;44.24100112915039;44.24100112915039;44.24100112915039;3
2024-09-20 16:29:00+02:00;44.23899841308594;44.23899841308594;44.23899841308594;44.23899841308594;44.23899841308594;407
2024-09-20 16:31:00+02:00;44.20000076293945;44.21699905395508;44.20000076293945;44.21699905395508;44.21699905395508;13
2024-09-20 16:34:00+02:00;44.242000579833984;44.242000579833984;44.242000579833984;44.242000579833984;44.242000579833984;2
2024-09-20 16:35:00+02:00;44.233001708984375;44.233001708984375;44.233001708984375;44.233001708984375;44.233001708984375;2
2024-09-20 16:39:00+02:00;44.266998291015625;44.266998291015625;44.266998291015625;44.266998291015625;44.266998291015625;2
2024-09-20 16:40:00+02:00;44.244998931884766;44.25199890136719;44.244998931884766;44.25199890136719;44.25199890136719;18
2024-09-20 16:41:00+02:00;44.209999084472656;44.209999084472656;44.209999084472656;44.209999084472656;44.209999084472656;125
2024-09-20 16:42:00+02:00;44.222999572753906;44.222999572753906;44.222999572753906;44.222999572753906;44.222999572753906;3
2024-09-20 16:44:00+02:00;44.22800064086914;44.22800064086914;44.22800064086914;44.22800064086914;44.22800064086914;4
2024-09-20 16:47:00+02:00;44.202999114990234;44.20500183105469;44.20199966430664;44.20199966430664;44.20199966430664;24
2024-09-20 16:49:00+02:00;44.20500183105469;44.20500183105469;44.20500183105469;44.20500183105469;44.20500183105469;4
2024-09-20 16:53:00+02:00;44.180999755859375;44.180999755859375;44.172000885009766;44.172000885009766;44.172000885009766;11
2024-09-20 16:54:00+02:00;44.1619987487793;44.1619987487793;44.1619987487793;44.1619987487793;44.1619987487793;5
2024-09-20 16:57:00+02:00;44.18600082397461;44.18600082397461;44.18000030517578;44.18000030517578;44.18000030517578;34
2024-09-20 16:58:00+02:00;44.18199920654297;44.18299865722656;44.18199920654297;44.18299865722656;44.18299865722656;63
2024-09-20 17:00:00+02:00;44.15999984741211;44.15999984741211;44.15999984741211;44.15999984741211;44.15999984741211;20
2024-09-20 17:01:00+02:00;44.141998291015625;44.141998291015625;44.13999938964844;44.13999938964844;44.13999938964844;214
2024-09-20 17:02:00+02:00;44.12699890136719;44.12699890136719;44.12699890136719;44.12699890136719;44.12699890136719;47
2024-09-20 17:07:00+02:00;44.1609992980957;44.1609992980957;44.15399932861328;44.15399932861328;44.15399932861328;14
2024-09-20 17:09:00+02:00;44.14799880981445;44.14799880981445;44.14799880981445;44.14799880981445;44.14799880981445;88
2024-09-20 17:13:00+02:00;44.13999938964844;44.13999938964844;44.130001068115234;44.13600158691406;44.13600158691406;277
2024-09-20 17:15:00+02:00;44.106998443603516;44.108001708984375;44.08000183105469;44.08000183105469;44.08000183105469;141
2024-09-20 17:16:00+02:00;44.08000183105469;44.08000183105469;44.08000183105469;44.08000183105469;44.08000183105469;8
2024-09-20 17:17:00+02:00;44.0880012512207;44.10300064086914;44.0880012512207;44.10300064086914;44.10300064086914;230
2024-09-20 17:19:00+02:00;44.137001037597656;44.137001037597656;44.137001037597656;44.137001037597656;44.137001037597656;10
2024-09-20 17:26:00+02:00;44.159000396728516;44.159000396728516;44.159000396728516;44.159000396728516;44.159000396728516;1
2024-09-20 17:27:00+02:00;44.15800094604492;44.15800094604492;44.15800094604492;44.15800094604492;44.15800094604492;1
2024-09-20 17:28:00+02:00;44.15800094604492;44.15800094604492;44.15800094604492;44.15800094604492;44.15800094604492;1100
