311024 163000|98.12|-1
011124 065129|97.93|-5.72
011124 080430|97.39|-0.55
011124 080435|97.38|-0.56
011124 081352|97.43|-0.51
011124 081624|97.45|-0.49
011124 081654|97.43|-0.51
011124 082138|97.4|-0.54
011124 084808|97.42|-0.52
011124 085634|97.3|-0.64
011124 091629|97.4|-0.54
011124 094051|97.49|-0.45
011124 095359|97.55|-0.39
011124 095827|97.57|-0.37
011124 101811|97.74|-0.19
011124 104127|97.76|-0.17
011124 105246|97.8|-0.13
011124 113926|97.89|-0.04
011124 114853|97.7|-0.23
011124 121020|97.8|-0.13
011124 123012|97.5|-0.44
011124 123727|97.72|-0.21
011124 123944|97.55|-0.39
011124 124820|97.8|-0.13
011124 125631|97.94|0.01
011124 125949|97.86|-0.07
011124 130947|97.62|-0.32
011124 133204|97.9|-0.03
011124 133854|98.24|0.32
011124 135235|98.59|0.67
011124 140308|98.71|0.8
011124 140721|98.85|0.94
011124 140923|98.96|1.05
011124 141306|99.35|1.45
011124 142647|99.68|1.79
011124 142707|99.7|1.81
011124 142748|99.69|1.8
011124 142924|99.84|1.95
011124 143005|99.92|2.03
011124 143433|99.6|1.71
011124 143615|99.58|1.68
011124 143645|99.55|1.65
011124 143841|99.56|1.66
011124 144038|99.44|1.54
011124 144209|99.3|1.4
011124 144507|99.12|1.22
011124 150044|99.41|1.51
011124 150729|99.36|1.46
011124 151142|99.3|1.4
011124 151228|99.35|1.45
011124 151435|99.6|1.71
011124 153128|99.8|1.91
011124 160222|99.2|1.3
011124 161638|99|1.09
011124 162853|98.97|1.06
011124 162853|98.97|-1
061124 104651|108.47|9.68
061124 104737|108.32|9.52
061124 104928|108.38|9.59
061124 105427|108.3|9.5
061124 105438|108.2|9.4
061124 110159|108.33|9.53
061124 110240|108.17|9.37
061124 110320|108.14|9.34
061124 110325|108.06|9.26
061124 110436|108.23|9.43
061124 110658|108.33|9.53
061124 111001|108.52|9.73
061124 111605|108.5|9.71
061124 111635|108.47|9.68
061124 111645|108.6|9.81
061124 111821|108.69|9.9
061124 111912|108.77|9.98
061124 111917|108.8|10.01
061124 111927|108.64|9.85
061124 112145|108.81|10.02
061124 112155|108.65|9.86
061124 112452|108.79|10
061124 112548|108.65|9.86
061124 113354|108.56|9.77
061124 113707|108.46|9.67
061124 114125|108.25|9.45
061124 114453|108.2|9.4
061124 114458|108.14|9.34
061124 114614|108.25|9.45
061124 114720|108.32|9.52
061124 114831|108.18|9.38
061124 115143|108.11|9.31
061124 115148|108|9.2
061124 115214|107.94|9.14
061124 115254|107.8|9
061124 115259|107.99|9.19
061124 115330|107.8|9
061124 115350|107.5|8.7
061124 115602|107.81|9.01
061124 115607|107.66|8.86
061124 115713|107.85|9.05
061124 120055|107.52|8.72
061124 120403|107.98|9.18
061124 120413|107.99|9.19
061124 120418|108|9.2
061124 120609|108.05|9.25
061124 121012|108.2|9.4
061124 121128|108.38|9.59
061124 121154|108.23|9.43
061124 121204|108.39|9.6
061124 121259|108.25|9.45
061124 121521|108.38|9.59
061124 121556|108.49|9.7
061124 121632|108.48|9.69
061124 121642|108.57|9.78
061124 121904|108.45|9.66
061124 122039|108.53|9.74
061124 122044|108.52|9.73
061124 122231|108.37|9.58
061124 122528|108.5|9.71
061124 123006|108.56|9.77
061124 123016|108.36|9.57
061124 124104|108.63|9.84
061124 124320|108.74|9.95
061124 124457|109|10.21
061124 125454|108.9|10.11
061124 125605|108.94|10.15
061124 125620|109.06|10.27
061124 125635|108.89|10.1
061124 131136|108.5|9.71
061124 131322|108.33|9.53
061124 131740|108.41|9.62
061124 132229|108.99|10.2
061124 132244|108.89|10.1
061124 132334|108.85|10.06
061124 132521|108.73|9.94
061124 132652|108.8|10.01
061124 132914|108.89|10.1
061124 133029|108.64|9.85
061124 133443|108.7|9.91
061124 133523|108.69|9.9
061124 133624|108.52|9.73
061124 134052|108.5|9.71
061124 134128|108.45|9.66
061124 134218|108.42|9.63
061124 134304|108.57|9.78
061124 134611|108.22|9.42
061124 135155|108.13|9.33
061124 135215|108.14|9.34
061124 135422|108|9.2
061124 135432|108.17|9.37
061124 135533|108.14|9.34
061124 135739|108.39|9.6
061124 135804|108.23|9.43
061124 135809|108.3|9.5
061124 140107|108.06|9.26
061124 140112|107.96|9.16
061124 140817|108|9.2
061124 140933|108.11|9.31
061124 141602|108.02|9.22
061124 141607|108.1|9.3
061124 141803|108.06|9.26
061124 141834|108.2|9.4
061124 142035|108.06|9.26
061124 142523|108.01|9.21
061124 142614|108.27|9.47
061124 142755|108.14|9.34
061124 142946|108.31|9.51
061124 143047|107.91|9.11
061124 143153|107.76|8.96
061124 143233|108.14|9.34
061124 143505|108.03|9.23
061124 143551|108.21|9.41
061124 143803|108.05|9.25
061124 143813|107.93|9.13
061124 143848|108.13|9.33
061124 144029|108.2|9.4
061124 144513|107.88|9.08
061124 144543|107.85|9.05
061124 144548|107.7|8.9
061124 144623|107.5|8.7
061124 144629|107.47|8.67
061124 144800|107.1|8.29
061124 144830|107.08|8.27
061124 144840|107.03|8.22
061124 144855|107.15|8.34
061124 144916|106.94|8.13
061124 145016|106.8|7.99
061124 145037|106.63|7.82
061124 145218|106.74|7.93
061124 145233|106.89|8.08
061124 145238|106.88|8.07
061124 145631|106.73|7.92
061124 145641|106.6|7.79
061124 145812|106.5|7.68
061124 145817|106.32|7.5
061124 150003|106.75|7.94
061124 150044|106.73|7.92
061124 150119|106.99|8.18
061124 150316|107.21|8.4
061124 151444|107.32|8.51
061124 151509|107.17|8.36
061124 151544|107.32|8.51
061124 151620|107.3|8.49
061124 151655|107.49|8.69
061124 151821|107.69|8.89
061124 151958|107.6|8.8
061124 152235|107.63|8.83
061124 152330|107.76|8.96
061124 152416|107.99|9.19
061124 152507|107.79|8.99
061124 152517|107.8|9
061124 152724|108.11|9.31
061124 152920|108.28|9.48
061124 153015|107.92|9.12
061124 153348|107.79|8.99
061124 153504|107.86|9.06
061124 153534|107.72|8.92
061124 153610|107.81|9.01
061124 153705|107.74|8.94
061124 153736|107.56|8.76
061124 153746|107.35|8.54
061124 153836|107.45|8.65
061124 153957|107.46|8.66
061124 154219|107.57|8.77
061124 154531|107.31|8.5
061124 154607|107.23|8.42
061124 154733|107.16|8.35
061124 154743|107.18|8.37
061124 155010|107.27|8.46
061124 155101|107|8.19
061124 160043|107.03|8.22
061124 160154|106.8|7.99
061124 160522|106.78|7.97
061124 160532|106.83|8.02
061124 160658|106.82|8.01
061124 160946|107.01|8.2
061124 161510|107.4|8.59
061124 161520|107.5|8.7
061124 162055|107.29|8.48
061124 162105|107.42|8.61
061124 162110|107.27|8.46
061124 162115|107.25|8.44
061124 162125|107.12|8.31
061124 162337|107.29|8.48
061124 162911|107.61|8.81
061124 162916|107.72|8.92
061124 162916|107.72|-1
071124 065129|107.68|8.88
071124 080421|109.11|1.33
071124 080426|109.26|1.47
071124 080436|109.19|1.4
071124 080723|109.35|1.55
071124 080738|109.45|1.64
071124 080829|109.53|1.72
071124 081056|109.59|1.77
071124 081413|109.28|1.49
071124 081438|109.3|1.5
071124 081459|109.4|1.6
071124 081539|109.32|1.52
071124 081816|109.47|1.66
071124 082033|109.53|1.72
071124 082123|109.5|1.69
071124 082159|109.51|1.7
071124 082511|109.59|1.77
071124 082828|109.52|1.71
071124 083101|109.62|1.8
071124 083126|109.48|1.67
071124 083257|109.54|1.73
071124 083302|109.51|1.7
071124 083408|109.53|1.72
071124 083519|109.51|1.7
071124 083640|109.48|1.67
071124 083726|109.4|1.6
071124 084416|109.5|1.69
071124 084507|109.47|1.66
071124 084522|109.59|1.77
071124 084849|109.55|1.74
071124 084909|109.4|1.6
071124 085222|109.36|1.56
071124 090618|109.31|1.51
071124 090643|109.46|1.65
071124 090905|109.57|1.76
071124 091927|109.75|1.92
071124 092058|109.69|1.87
071124 092506|109.6|1.78
071124 092547|109.54|1.73
071124 092557|109.66|1.84
071124 093347|109.65|1.83
071124 093911|109.62|1.8
071124 094430|109.6|1.78
071124 095503|109.63|1.81
071124 095513|109.66|1.84
071124 100515|109.67|1.85
071124 101945|109.63|1.81
071124 102141|109.7|1.88
071124 102408|109.54|1.73
071124 102459|109.53|1.72
071124 102539|109.43|1.63
071124 103053|109.5|1.69
071124 103335|109.63|1.81
071124 103738|109.54|1.73
071124 104428|109.75|1.92
071124 104942|109.62|1.8
071124 105118|109.67|1.85
071124 105637|109.75|1.92
071124 110821|109.54|1.73
071124 111018|109.56|1.75
071124 111416|109.4|1.6
071124 111622|109.5|1.69
071124 112146|109.48|1.67
071124 112322|109.6|1.78
071124 112413|109.48|1.67
071124 112444|109.6|1.78
071124 112916|109.44|1.63
071124 113214|109.4|1.6
071124 113255|109.43|1.63
071124 113446|109.35|1.55
071124 113527|109.32|1.52
071124 115507|109.56|1.75
071124 115904|109.58|1.76
071124 120429|109.75|1.92
071124 120434|109.65|1.83
071124 120716|109.75|1.92
071124 120726|109.7|1.88
071124 121512|109.8|1.97
071124 121602|109.78|1.95
071124 122056|109.63|1.81
071124 122257|109.59|1.77
071124 122559|109.85|2.02
071124 124252|109.55|1.74
071124 125325|109.6|1.78
071124 125502|109.51|1.7
071124 125638|109.67|1.85
071124 125708|109.57|1.76
071124 130409|109.78|1.95
071124 130540|109.64|1.82
071124 132148|109.49|1.68
071124 133418|109.3|1.5
071124 134445|109.33|1.53
071124 134717|109.47|1.66
071124 135151|109.44|1.63
071124 141933|109.72|1.89
071124 142241|109.8|1.97
071124 142341|109.79|1.96
071124 142432|109.75|1.92
071124 142926|109.6|1.78
071124 143108|109.88|2.04
071124 143632|109.84|2.01
071124 143808|109.77|1.94
071124 144650|109.52|1.71
071124 145038|109.81|1.98
071124 145235|109.83|2
071124 145240|109.81|1.98
071124 145406|109.75|1.92
071124 145527|109.81|1.98
071124 145532|109.8|1.97
071124 145724|109.94|2.1
071124 145749|109.9|2.06
071124 145820|109.99|2.15
071124 145835|109.94|2.1
071124 145845|109.99|2.15
071124 145850|109.96|2.12
071124 145910|109.98|2.14
071124 145915|110|2.15
071124 150818|109.9|2.06
071124 151237|109.99|2.15
071124 151857|110|2.15
071124 152720|109.94|2.1
071124 153551|110.12|2.27
071124 153747|110.31|2.44
071124 154705|110.32|2.45
071124 154735|110.38|2.51
071124 154846|110.41|2.54
071124 155209|110.45|2.57
071124 155613|110.36|2.49
071124 155820|110.42|2.54
071124 155840|110.37|2.5
071124 160606|110.21|2.35
071124 160748|110.38|2.51
071124 160828|110.44|2.56
071124 160939|110.38|2.51
071124 161100|110.25|2.39
071124 161413|110.29|2.42
071124 161544|110.25|2.39
071124 161741|110.32|2.45
071124 161852|110.45|2.57
071124 162401|110.61|2.72
071124 162633|110.68|2.79
071124 162704|110.61|2.72
071124 162905|110.69|2.8
