291124 162523|116.37|-1
021224 065127|116.27|0.84
021224 080401|116.41|0.12
021224 080406|116.4|0.11
021224 080436|116.42|0.13
021224 080935|116.33|0.05
021224 081418|116.24|-0.03
021224 081720|116.14|-0.11
021224 082149|116.25|-0.02
021224 082345|116.29|0.02
021224 082441|116.27|0
021224 082541|116.18|-0.08
021224 083014|116.25|-0.02
021224 085416|116.45|0.15
021224 085643|116.42|0.13
021224 090343|116.26|-0.01
021224 091606|116.17|-0.09
021224 091813|116.25|-0.02
021224 091823|116.29|0.02
021224 091913|116.28|0.01
021224 092543|116.26|-0.01
021224 092719|116.15|-0.1
021224 093615|116.2|-0.06
021224 094738|116.22|-0.04
021224 094758|116.26|-0.01
021224 101407|116.11|-0.14
021224 102551|116.28|0.01
021224 103936|116.2|-0.06
021224 104646|116.11|-0.14
021224 110716|116.15|-0.1
021224 112005|116.29|0.02
021224 112912|116.25|-0.02
021224 113250|116.15|-0.1
021224 113623|116.14|-0.11
021224 115558|116.27|0
021224 120007|116.22|-0.04
021224 120223|116.37|0.09
021224 121226|116.56|0.25
021224 122057|116.4|0.11
021224 123916|116.72|0.39
021224 124849|116.75|0.41
021224 125025|116.81|0.46
021224 131111|116.91|0.55
021224 132310|116.9|0.54
021224 132926|116.98|0.61
021224 133641|116.88|0.52
021224 133903|116.93|0.57
021224 135047|116.92|0.56
021224 140502|116.99|0.62
021224 140517|117|0.63
021224 142830|117.21|0.81
021224 143631|117.55|1.1
021224 143944|117.29|0.88
021224 144508|117.25|0.84
021224 144937|117.63|1.17
021224 145431|117.49|1.05
021224 150217|117.7|1.23
021224 150433|117.39|0.96
021224 150741|117.5|1.06
021224 151058|117.36|0.94
021224 151204|117.55|1.1
021224 151910|117.5|1.06
021224 152157|117.39|0.96
021224 152303|117.51|1.07
021224 152736|117.6|1.14
021224 153200|117.77|1.29
021224 153246|117.78|1.3
021224 153654|117.79|1.31
021224 155031|117.7|1.23
021224 155207|117.55|1.1
021224 160548|117.35|0.93
021224 160649|117.5|1.06
021224 160941|117.8|1.32
021224 161203|117.48|1.04
021224 161445|117.7|1.23
021224 161551|117.72|1.25
021224 162816|117.39|0.96
021224 162816|117.39|-1
031224 065124|117.64|1.18
031224 080416|117.81|0.14
031224 080422|117.8|0.14
031224 080517|117.66|0.02
031224 080623|117.79|0.13
031224 080729|117.8|0.14
031224 080946|117.89|0.21
031224 081409|117.66|0.02
031224 081419|117.64|0
031224 082648|117.55|-0.08
031224 083333|117.5|-0.12
031224 083514|117.57|-0.06
031224 083943|117.53|-0.09
031224 084713|117.55|-0.08
031224 085625|117.5|-0.12
031224 085720|117.47|-0.14
031224 085736|117.45|-0.16
031224 090048|117.53|-0.09
031224 091015|117.55|-0.08
031224 091020|117.53|-0.09
031224 092636|117.56|-0.07
031224 093200|117.5|-0.12
031224 094520|117.55|-0.08
031224 094635|117.58|-0.05
031224 094852|117.55|-0.08
031224 095023|117.54|-0.09
031224 102119|117.52|-0.1
031224 102210|117.5|-0.12
031224 103821|117.33|-0.26
031224 105911|117.5|-0.12
031224 110304|117.33|-0.26
031224 110324|117.3|-0.29
031224 110536|117.21|-0.37
031224 111815|117.31|-0.28
031224 112334|117.35|-0.25
031224 112621|117.23|-0.35
031224 112838|117.22|-0.36
031224 112853|117.35|-0.25
031224 113009|117.31|-0.28
031224 113240|117.32|-0.27
031224 115639|117.44|-0.17
031224 120924|117.56|-0.07
031224 122239|117.61|-0.03
031224 123212|117.54|-0.09
031224 124155|117.71|0.06
031224 125703|117.65|0.01
031224 130605|117.52|-0.1
031224 132005|117.64|0
031224 133309|117.63|-0.01
031224 134443|117.7|0.05
031224 135340|117.47|-0.14
031224 135834|117.39|-0.21
031224 140303|117.45|-0.16
031224 140343|117.46|-0.15
031224 140555|117.21|-0.37
031224 140716|117|-0.54
031224 141638|116.99|-0.55
031224 141643|116.86|-0.66
031224 141739|117|-0.54
031224 142248|117.13|-0.43
031224 142313|116.95|-0.59
031224 143019|117.2|-0.37
031224 143251|117.16|-0.41
031224 143710|116.93|-0.6
031224 143830|116.99|-0.55
031224 144516|116.92|-0.61
031224 144854|117|-0.54
031224 144934|117.05|-0.5
031224 150350|117.31|-0.28
031224 151504|117.39|-0.21
031224 151636|117.38|-0.22
031224 152255|116.96|-0.58
031224 152357|117.02|-0.53
031224 152810|116.99|-0.55
031224 153006|116.85|-0.67
031224 153047|116.88|-0.65
031224 153218|117.05|-0.5
031224 153414|116.94|-0.6
031224 153753|117|-0.54
031224 154353|116.99|-0.55
031224 155451|116.7|-0.8
031224 160141|117.06|-0.49
031224 160751|117.09|-0.47
031224 160937|117.13|-0.43
031224 160948|117.11|-0.45
031224 161114|117.18|-0.39
031224 161537|117|-0.54
031224 162243|116.92|-0.61
031224 162918|117.3|-0.29
031224 162918|117.3|-1
041224 065131|117.32|-0.27
041224 080430|118.04|0.61
041224 080435|118.05|0.62
041224 080803|118.13|0.69
041224 080904|118.1|0.66
041224 082945|118.18|0.73
041224 082955|118.19|0.74
041224 083106|118.2|0.75
041224 083453|118.21|0.76
041224 083720|118.33|0.86
041224 085442|118.42|0.94
041224 085614|118.54|1.04
041224 090213|118.51|1.01
041224 091250|118.72|1.19
041224 091346|118.65|1.13
041224 092056|118.57|1.07
041224 093909|118.58|1.07
041224 094004|118.57|1.07
041224 095047|118.5|1.01
041224 095127|118.52|1.02
041224 095500|118.4|0.92
041224 095858|118.41|0.93
041224 102421|118.46|0.97
041224 102527|118.33|0.86
041224 103000|118.52|1.02
041224 104043|118.6|1.09
041224 104330|118.49|1
041224 104823|118.51|1.01
041224 105614|118.49|1
041224 110525|118.51|1.01
041224 110551|118.6|1.09
041224 110641|118.69|1.17
041224 112128|118.6|1.09
041224 112249|118.61|1.1
041224 112934|118.64|1.13
041224 113231|118.6|1.09
041224 113347|118.61|1.1
041224 115151|118.7|1.18
041224 120602|118.85|1.3
041224 121615|118.71|1.18
041224 121620|118.8|1.26
041224 121650|118.87|1.32
041224 121907|118.8|1.26
041224 122043|118.75|1.22
041224 134107|118.91|1.36
041224 134233|118.99|1.42
041224 134238|119|1.43
041224 134848|119.15|1.56
041224 135251|119|1.43
041224 140259|119.17|1.58
041224 140304|119.04|1.47
041224 140723|119.2|1.6
041224 142316|119.06|1.48
041224 142749|118.93|1.37
041224 143152|118.88|1.33
041224 143217|119.02|1.45
041224 143238|118.83|1.29
041224 143409|119.04|1.47
041224 143848|118.8|1.26
041224 143918|118.89|1.34
041224 143948|118.84|1.3
041224 144442|118.8|1.26
041224 144825|118.97|1.41
041224 145440|119|1.43
041224 145722|119.02|1.45
041224 150004|118.8|1.26
041224 150009|118.52|1.02
041224 150019|118.4|0.92
041224 150553|118.62|1.11
041224 150624|118.5|1.01
041224 150921|118.62|1.11
041224 150952|118.47|0.98
041224 151425|118.43|0.95
041224 151446|118.31|0.84
041224 151516|118.21|0.76
041224 151557|118.1|0.66
041224 151708|117.81|0.42
041224 151748|118|0.58
041224 152338|118.33|0.86
041224 153246|118.34|0.87
041224 154022|118.54|1.04
041224 154102|118.5|1.01
041224 154218|118.57|1.07
041224 154647|118.72|1.19
041224 155131|118.55|1.05
041224 155610|118.51|1.01
041224 155928|118.69|1.17
041224 161803|118.83|1.29
041224 162020|118.93|1.37
041224 162020|118.93|-1
051224 065127|118.74|1.21
051224 080427|119.16|0.35
051224 080512|119.21|0.4
051224 080729|119.22|0.4
051224 080754|119.21|0.4
051224 081334|119.24|0.42
051224 081450|119.13|0.33
051224 082140|119.31|0.48
051224 083525|119.3|0.47
051224 083827|119.27|0.45
051224 085130|119.2|0.39
051224 085241|119.28|0.45
051224 085624|119.31|0.48
051224 090828|119.26|0.44
051224 092229|119.36|0.52
051224 093332|119.23|0.41
051224 094651|119.35|0.51
051224 094737|119.33|0.5
051224 095204|119.38|0.54
051224 100045|119.29|0.46
051224 101007|119.32|0.49
051224 101606|119.4|0.56
051224 101611|119.32|0.49
051224 102508|119.33|0.5
051224 102911|119.4|0.56
051224 104150|119.31|0.48
051224 104512|119.29|0.46
051224 105011|119.35|0.51
051224 105016|119.29|0.46
051224 111222|119.35|0.51
051224 111323|119.44|0.59
051224 111705|119.3|0.47
051224 113710|119.37|0.53
051224 113937|119.35|0.51
051224 115051|119.25|0.43
051224 120828|119.2|0.39
051224 121151|119.25|0.43
051224 121846|119.32|0.49
051224 122149|119.42|0.57
051224 131530|119.14|0.34
051224 131858|119.01|0.23
051224 133152|119|0.22
051224 133505|119.02|0.24
051224 133545|119.01|0.23
051224 133858|119|0.22
051224 134619|118.86|0.1
051224 140659|118.83|0.08
051224 141400|118.85|0.09
051224 142530|118.99|0.21
051224 143311|118.96|0.19
051224 144526|118.9|0.13
051224 144828|118.85|0.09
051224 144858|118.87|0.11
051224 144903|118.88|0.12
051224 145130|118.76|0.02
051224 145251|118.9|0.13
051224 145518|118.75|0.01
051224 145851|118.97|0.19
051224 150551|119.08|0.29
051224 151146|119|0.22
051224 151151|118.86|0.1
051224 151242|119.07|0.28
051224 151731|118.93|0.16
051224 151746|118.94|0.17
051224 151751|119.11|0.31
051224 153037|118.75|0.01
051224 154306|118.8|0.05
051224 154417|118.85|0.09
051224 154528|118.89|0.13
051224 160600|118.5|-0.2
051224 162913|119|0.22
