030924 133138|94.523
030924 141324|91
030924 141415|91
030924 141704|90.65
030924 141732|90.71
030924 141755|90.53
030924 141828|90.84
030924 142241|91
030924 142846|90.92
030924 144133|90.46
030924 144413|90.45
030924 144605|90.17
030924 144743|90.1
030924 144748|90.2
030924 144907|90.23
030924 144950|90.04
030924 145238|90
030924 145243|89.99
030924 145316|90.05
030924 145416|90
030924 145843|90.12
030924 150516|90.55
030924 151309|90.8
030924 151328|90.82
030924 151736|90.5
030924 151809|90.45
030924 152121|90.55
030924 152533|90.57
030924 152740|90.72
030924 152909|90.61
030924 152923|90.65
030924 152927|90.59
030924 152955|90.7
030924 154503|90.63
040924 070428|87.03
040924 070433|86.86
040924 070447|87.02
040924 070451|87
040924 070606|86.9
040924 070712|87.01
040924 070749|87
040924 070754|86.94
040924 070759|86.89
040924 071244|87.24
040924 071317|87.29
040924 071359|87.44
040924 071409|87.4
040924 071418|87.3
040924 071456|87.25
040924 072225|87
040924 072408|87.22
040924 072844|87.01
040924 073623|87.04
040924 073820|87.12
040924 073916|87.22
040924 074036|87.2
040924 074406|87.33
040924 074435|87.27
040924 074650|87.38
040924 074814|87.42
040924 075016|87.5
040924 075108|87.45
040924 075337|87.39
040924 075823|87.47
040924 075842|87.44
040924 080423|87.43
040924 080505|87.27
040924 082008|87.37
040924 082416|87.36
040924 082421|87.35
040924 082431|87.36
040924 084644|87.39
040924 090345|87.49
040924 090432|87.5
040924 091825|87.59
040924 092238|87.63
040924 092343|87.5
040924 093530|87.6
040924 093626|87.58
040924 094052|87.59
040924 094331|87.67
040924 094803|87.65
040924 095157|87.52
040924 095852|87.54
040924 101457|87.35
040924 101640|87.25
040924 101750|87.29
040924 102121|87.35
040924 102754|87.38
040924 103130|87.28
040924 103437|87.35
040924 104600|87.29
040924 105700|87.25
040924 110457|87.1
040924 111015|87.25
040924 112725|87.31
040924 112748|87.2
040924 112926|87.35
040924 112931|87.36
040924 113124|87.38
040924 113902|87.5
040924 114439|87.31
040924 114536|87.25
040924 120519|87.33
040924 120606|87.39
040924 121547|87.3
040924 121706|87.37
040924 121959|87.31
040924 123402|87.21
040924 124410|87.44
040924 125139|87.69
040924 130134|87.66
040924 130409|87.5
040924 130606|87.62
040924 131445|87.53
040924 131907|87.39
040924 131912|87.38
040924 132041|87.32
040924 133530|87.92
040924 133732|87.8
040924 133819|87.95
040924 133837|88.05
040924 133905|88
040924 135643|88.5
040924 135748|88.4
040924 140041|87.29
040924 140046|87.51
040924 140459|87.75
040924 140718|87.6
040924 140915|88.34
040924 141203|88.39
040924 141208|88.25
040924 141612|88.19
040924 141905|87.99
040924 142203|87.96
040924 142955|88.18
040924 143033|88.41
040924 143509|88.52
040924 143542|88.53
040924 143720|88.54
040924 144151|88.45
040924 144700|88.68
040924 144838|88.43
040924 144920|88.52
040924 145150|88.64
040924 145314|88.55
040924 145516|88.77
040924 145654|88.89
040924 150314|89
040924 150323|89.06
040924 150654|89.09
040924 152101|88.65
040924 152244|88.45
040924 152258|88.44
040924 152303|88.45
040924 152336|88.55
040924 154503|88.14
050924 070415|87.22
050924 070424|87.21
050924 070438|87.2
050924 070448|87.19
050924 070640|87.24
050924 070804|87.42
050924 071217|87.7
050924 071735|87.72
050924 072950|87.65
050924 073330|88.04
050924 073541|87.98
050924 075520|88.05
050924 080859|87.8
050924 081037|87.89
050924 081413|87.8
050924 081807|87.86
050924 082251|87.86
050924 083726|87.89
050924 090118|87.76
050924 090650|87.69
050924 091135|87.45
050924 091457|87.44
050924 091956|87.46
050924 092313|87.4
050924 095118|87.56
050924 100310|87.44
050924 102950|87.5
050924 115625|87.34
050924 120651|87.2
050924 121507|87
050924 122809|86.65
050924 123011|87
050924 123524|87.04
050924 123913|86.79
050924 125224|86.93
050924 130040|87.06
050924 130140|87.16
050924 130401|87.23
050924 130905|87.28
050924 133349|87.51
050924 133646|87.54
050924 135116|87.51
050924 140633|88.52
050924 141344|87.92
050924 142247|88.6
050924 142411|88.57
050924 142911|88.47
050924 143535|88.5
050924 143953|88.39
050924 144553|87.99
050924 144603|87.8
050924 144732|87.7
050924 150840|87.16
050924 150959|87.24
050924 152155|86.7
050924 152352|86.75
050924 152655|86.14
050924 152924|86.2
050924 154505|86.11
060924 070415|85.64
060924 070420|85.53
060924 070539|85.5
060924 070612|85.44
060924 071029|85.51
060924 071139|85.49
060924 071404|85.34
060924 071414|85.32
060924 072032|84.39
060924 072244|84.68
060924 074242|84.7
060924 074603|84.75
060924 074952|84.72
060924 075400|84.83
060924 075515|84.78
060924 080308|85
060924 081941|84.93
060924 082215|84.98
060924 082541|84.87
060924 082651|84.83
060924 083306|84.95
060924 084007|84.77
060924 085529|84.5
060924 085602|84.51
060924 085923|84.68
060924 090427|84.62
060924 091105|84.6
060924 091407|84.74
060924 091618|84.6
060924 092305|84.85
060924 095230|84.91
060924 100114|85
060924 100417|84.94
060924 100532|84.86
060924 101623|84.93
060924 102150|84.99
060924 104047|84.89
060924 105656|84.75
060924 105844|84.85
060924 110416|84.95
060924 111030|84.9
060924 112606|85.07
060924 113202|85.01
060924 113417|85.08
060924 115411|85.24
060924 120011|85.27
060924 123007|84.75
060924 123054|85.85
060924 123452|85.7
060924 123558|85.6
060924 123722|85.9
060924 123919|86.04
060924 123957|86.11
060924 124622|86.15
060924 125755|86.43
060924 130611|86.59
060924 131230|86.79
060924 131840|86.89
060924 132243|86.96
060924 132248|87
060924 134703|87.02
060924 134713|87.24
060924 135350|86.54
060924 135423|86.39
060924 135702|86.35
060924 135813|86.3
060924 140005|85.79
060924 140638|85.75
060924 141027|85.82
060924 141119|85.8
060924 141137|85.54
060924 141407|85.44
060924 141426|85.42
060924 141710|85.25
060924 141945|85.5
060924 142430|85
060924 142527|84.65
060924 142545|84.55
060924 142609|84.58
060924 142724|84.39
060924 143003|84.54
060924 143314|84.33
060924 143415|84.25
060924 143424|84.2
060924 143438|84.1
060924 143525|84
060924 143755|83.95
060924 144226|83.59
060924 144236|83.64
060924 144250|83.54
060924 144255|83.5
060924 144933|83.28
060924 145120|83.3
060924 145158|83.28
060924 145341|83
060924 145653|83.02
060924 145707|82.85
060924 145836|83.25
060924 150009|83.12
060924 150014|83.25
060924 150019|83.3
060924 150350|84.11
060924 150807|83.5
060924 151105|83.06
060924 151536|82.92
060924 151609|83.02
060924 151715|82.8
060924 152156|82.99
060924 152311|82.68
060924 152334|82.7
060924 152343|82.87
060924 152407|83.01
060924 152426|83
060924 152503|82.73
060924 152604|82.8
060924 153521|83
070924 091909|83|-3.61
090924 072914|83.82|0.99
090924 073150|83.89|1.07
090924 074022|83.95|1.14
090924 074343|83.83|1
090924 075722|84.1|1.33
090924 080559|84.01|1.22
090924 080905|84.09|1.31
090924 082233|84.03|1.24
090924 083930|83.92|1.11
090924 084722|84.03|1.24
090924 085818|84.09|1.31
090924 090742|84.11|1.34
090924 090937|84.2|1.45
090924 093103|84.4|1.69
090924 093126|84.41|1.7
090924 093855|84.31|1.58
090924 100227|84.43|1.72
090924 100259|84.45|1.75
090924 100531|84.48|1.78
090924 103747|84.56|1.88
090924 104837|84.46|1.76
090924 105151|84.43|1.72
090924 105559|84.4|1.69
090924 111344|84.55|1.87
090924 113243|84.5|1.81
090924 113306|84.44|1.73
090924 113604|84.39|1.67
090924 114346|84.4|1.69
090924 114745|84.3|1.57
090924 114822|84.25|1.51
090924 120245|84.2|1.45
090924 122856|84|1.2
090924 125852|84.32|1.59
090924 133314|84.75|2.11
090924 133626|84.82|2.19
090924 135354|84.83|2.2
090924 135412|84.79|2.16
090924 140416|84.96|2.36
090924 140738|84.79|2.16
090924 141041|85.3|2.77
090924 142324|84.8|2.17
090924 142926|84.77|2.13
090924 143256|84.41|1.7
090924 143338|84.44|1.73
090924 144030|84.48|1.78
090924 144248|84.32|1.59
090924 144500|84.28|1.54
090924 145116|84.4|1.69
090924 145352|84.29|1.55
090924 145746|84.28|1.54
090924 150012|83.9|1.08
090924 150030|84.05|1.27
090924 150541|83.96|1.16
090924 150754|84.3|1.57
090924 150943|84.25|1.51
090924 151932|83.85|1.02
090924 154504|84.44|1.73
100924 070416|84.94|0.59
100924 071248|85.12|0.81
100924 071854|85.33|1.05
100924 073138|85.48|1.23
100924 074110|85.58|1.35
100924 074951|85.57|1.34
100924 075724|85.66|1.44
100924 075959|85.77|1.58
100924 081135|85.63|1.41
100924 082020|85.5|1.26
100924 082413|85.49|1.24
100924 082626|85.57|1.34
100924 082802|85.6|1.37
100924 083127|85.64|1.42
100924 083240|85.5|1.26
100924 084244|85.36|1.09
100924 091848|84.8|0.43
100924 092024|84.85|0.49
100924 092142|84.72|0.33
100924 092445|84.9|0.54
100924 092829|85.01|0.68
100924 100159|85.16|0.85
100924 101247|85.19|0.89
100924 110407|85.43|1.17
100924 110421|85.46|1.21
100924 112412|85.39|1.13
100924 120242|85.65|1.43
100924 120958|85.86|1.68
100924 121849|86.05|1.91
100924 122816|86.12|1.99
100924 123024|86.21|2.1
100924 123648|86.11|1.98
100924 131859|86.26|2.16
100924 133220|86.45|2.38
100924 133400|86.3|2.2
100924 133555|86.26|2.16
100924 134119|86.2|2.08
100924 134815|86.44|2.37
100924 141332|85.56|1.33
100924 141459|85.33|1.05
100924 143428|85.67|1.46
100924 143604|85.53|1.29
100924 143713|85.57|1.34
100924 145041|85.52|1.28
100924 152333|85.9|1.73
100924 152510|85.97|1.81
100924 152854|86.06|1.92
100924 153504|85.9|1.73
