270924 152135|97.6|-1
011024 124301|98.42|1.64
011024 124529|98.4|1.62
011024 130716|98.5|1.72
011024 132058|98.18|1.39
011024 133051|98.15|1.36
011024 133141|98|1.21
011024 133257|97.5|0.69
011024 133459|97.21|0.39
011024 133504|97|0.18
011024 133837|96.69|-0.14
011024 134155|96.64|-0.2
011024 134523|96.6|-0.24
011024 134528|96.5|-0.34
011024 134906|96.04|-0.82
011024 135128|96.22|-0.63
011024 135259|96|-0.86
011024 135304|96.17|-0.68
011024 135521|95.98|-0.88
011024 140009|96.29|-0.56
011024 140014|96.49|-0.35
011024 140926|95.6|-1.27
011024 140952|95.5|-1.37
011024 141012|95.49|-1.38
011024 141727|95.24|-1.64
011024 141833|95.04|-1.85
011024 141838|95|-1.89
011024 141843|95.16|-1.72
011024 142135|95.49|-1.38
011024 142140|95.63|-1.24
011024 142352|95.87|-0.99
011024 142457|95.69|-1.18
011024 142648|95.4|-1.48
011024 142855|95|-1.89
011024 142930|95.09|-1.8
011024 143323|95.2|-1.68
011024 143454|95.25|-1.63
011024 143459|95.2|-1.68
011024 144028|95.75|-1.12
011024 144436|95.71|-1.16
011024 144713|95.65|-1.22
011024 144849|95.87|-0.99
011024 145035|95.37|-1.51
011024 145040|95.47|-1.4
011024 145100|95.41|-1.47
011024 145110|95.46|-1.41
011024 145136|95.44|-1.44
011024 145443|95.42|-1.46
011024 150123|95.61|-1.26
011024 150233|95.34|-1.54
011024 150631|95.24|-1.64
011024 150837|95.01|-1.88
011024 151019|94.82|-2.08
011024 151024|94.73|-2.17
011024 151230|94.87|-2.02
011024 151251|94.9|-1.99
011024 151352|94.93|-1.96
011024 151402|94.78|-2.12
011024 151513|94.87|-2.02
011024 151623|94.88|-2.01
011024 151805|94.73|-2.17
011024 151905|94.67|-2.23
011024 152006|94.97|-1.92
011024 152520|95.08|-1.81
011024 152706|95.24|-1.64
011024 152807|95.45|-1.43
011024 152827|95.35|-1.53
